因子1,因子2,因子3,因子4,因子5
-1.0304326577761609,-0.5446231443276888,-0.021786939609301992,0.6326765705396843,0.16287857266164057
-1.0432662663191286,-0.6437237332171912,0.06984775688182912,0.5777197866145625,0.17817261561368478
-1.024856800168931,-0.4644419156987352,-0.08294998427069028,0.5896203889757817,0.18790862416810347
-1.0647956025776706,-0.7992079611721653,0.2273913465351708,0.40936099920134983,0.23517999475899648
-1.0633715316926295,-0.7655798595614254,0.19892440696265656,0.41937773569758097,0.22275164784254883
-1.0613599355770225,-0.7368337488942265,0.1676988208519291,0.47284438604302603,0.22699807534689168
-1.0503498204315047,-0.6213662938744935,0.06562325544555243,0.5089309429365177,0.2344825809648881
-1.0675751987375195,-0.7553493848570061,0.19037283095792804,0.4153586151912157,0.2364821207552791
-1.0560028076655485,-0.6426275080538258,0.09138789879728795,0.46238919319595473,0.24910764800092514
-1.0815049243721864,-0.850917717071789,0.28026928188193473,0.3733244579152123,0.25399499414713983
-1.0742675410332916,-0.776786657394651,0.2165458527391923,0.4053145159138849,0.24895541453815248
-1.089037400414428,-0.896042450924931,0.324451051082498,0.3748168875626091,0.2747527188585491
-1.0816115018075465,-0.8207996249190356,0.2627129580645856,0.3897787511606967,0.2882713207649432
-1.0842785390978793,-0.8336134777748796,0.27296340853124373,0.39250535454456265,0.2840369697220998
-1.094043656256233,-0.9044283138902998,0.3377764379895386,0.3428618176311428,0.31236082629044337
-1.092345708136322,-0.8830320667137642,0.31649151895773453,0.36739127370869135,0.33134810089459676
-1.0882247177854136,-0.8401095668924704,0.27881329616168393,0.3986484526875354,0.3514845617986702
-1.0926900980860563,-0.8766560650826561,0.3210461392092889,0.3673026572258708,0.3670793206660677
-1.0732024270770337,-0.7115313290710117,0.19300914140692532,0.4291693115017557,0.3277941787855691
-1.0780070828151662,-0.767266429067849,0.29335300758580946,0.3926163165980981,0.30148354959583407
-1.0694473212177593,-0.7240025348166381,0.34031152284565797,0.4324919676525354,0.3103554793598974
-1.0621029803351505,-0.7038037596193834,0.4302520791056081,0.5190501620531185,0.24778230944577048
-1.051323251092762,-0.6409716999633674,0.4778709703287558,0.5193834706295457,0.06273274399366066
-1.0371441988376322,-0.527731225782219,0.28217272817247036,0.44338386947056435,0.06719018686555538
-1.0264667339039397,-0.4850226330364857,0.38865957961652975,0.21611916592638625,0.06372892761661725
-1.003845052978056,-0.32756776395287956,0.3232058393079505,0.050475435687703615,-0.024089098318173945
-1.0083376611548025,-0.3991732218777051,0.3995997585985785,-0.09667739790312403,-0.09639080626256433
-0.9970594072753401,-0.32684299160886804,0.30614054401589896,-0.16507898490955247,-0.12287548590132673
-0.9686699928077059,-0.10234442014200237,0.09024386475611688,-0.13693351036528215,-0.10946810428074599
-0.9552970563480723,0.006783679844644728,-0.10713144324265537,-0.12614340917336725,-0.11888352545703434
-0.9533753611468011,0.018058430383705252,-0.25462062923000583,-0.1750025823853292,-0.1070277176960263
-0.9602530350686009,-0.04363884039841382,-0.29041394397969783,-0.09783350559431687,-0.07353690123680283
-0.9576673358034107,-0.0319705572392988,-0.355953244390455,0.02936647467894603,-0.07739774486350516
-1.0059241165532324,-0.46181701164800343,-0.0038570014805822572,-0.025888508989091945,-0.062050169150980786
-1.019412564624135,-0.5858364926731336,0.0878576949211909,0.04102313134302055,-0.02821235200166259
-1.022973578373335,-0.6226765899962031,0.10480250409035985,0.15733099034083442,-0.024990389775888352
-1.0235243914380885,-0.6196821472336054,0.10167047860646984,0.1463035260851315,-0.12563889866833072
-1.0282266273659102,-0.6584147368267588,0.1271702624901587,0.2105432073550528,-0.10329812690502538
-1.0302286463660417,-0.6795129869143637,0.12115363551352992,0.37186250757223605,-0.013385738081425763
-1.0222620550722241,-0.6044573916589634,0.050997547821631455,0.43760806407798947,-0.007449037651676412
-1.0256290180616283,-0.6239158102590102,0.06127816215949535,0.4888193784508923,-0.033226050424250475
-1.0487142291869713,-0.8166449151983091,0.23474876118553992,0.42362814936886933,0.007341528954994575
-1.0242792167090566,-0.5944150509762703,0.03295008092692891,0.5263321909041374,0.018606800551439154
-1.0315741541176253,-0.6423286562860635,0.07092655255612897,0.5472096139904473,0.0006035459780301147
-1.048967531656162,-0.7774166253053286,0.1950913892394821,0.46463471833228814,0.032015286570814434
-1.055051432739621,-0.8051307534676256,0.21832530866332472,0.4591149673742121,-0.0595119775367373
-1.0450357162893418,-0.7120133595879794,0.13815340436745474,0.5065631237936941,0.07531288102370869
-1.0468249410028505,-0.7075627464060411,0.13842774193589485,0.4784936194911187,0.07177257515974098
-1.0645601115858803,-0.8454490178792842,0.26553318679418797,0.40889413955630083,0.11005018285718995
-1.0614429288919636,-0.7990587244074314,0.21759257732725915,0.4775403733192877,0.11592706018237953
-1.0491056520761013,-0.6662647885683987,0.09770469632408572,0.5343079571172947,0.11562448102595142
-1.0489605089754845,-0.644110182034725,0.0697199068125997,0.6107425334673556,0.10901167231962303
-1.063333369069159,-0.7484686661670122,0.16728352521409606,0.5677986406916116,0.12764779558856268
-1.064567776659246,-0.7366523256882895,0.1656008780866996,0.5220851158976508,0.18017775677305597
-1.0605893541232527,-0.6780749077131453,0.11261081544385898,0.5451904765833906,0.17609701357653101
-1.0668529943459502,-0.7062549841137794,0.15001540342318154,0.4539319537120225,0.20770454743479402
-1.0698583218979374,-0.705737195777775,0.1486594582124796,0.4729781007981735,0.20369698090382535
-1.0649593894784137,-0.6427128365445894,0.0925134839404132,0.5175807062113569,0.20425714180532065
-1.08279204965742,-0.7699992449420073,0.22226379362345886,0.37219754577058806,0.2446060372067757
-1.0643742291429512,-0.5823787464966182,0.05320037272353872,0.45180793213028775,0.2340829584089215
-1.0729466400449155,-0.6317164984139336,0.09785396539520606,0.44079108064331707,0.24247354022121784
-1.0700242700426599,-0.5761088664517543,0.04061207393820215,0.5242660959808157,0.21903837748655725
-1.0684659089863477,-0.5326708862950197,0.0030887430367164577,0.5391812209457914,0.21478383357404052
-1.0697144341459235,-0.5173648648025004,-0.014782809844295999,0.5985579285777377,0.22021627469555746
-1.0699497032861602,-0.4906573901611479,-0.017981197135644382,0.4724903148134594,0.26813303387210125
-1.0789424979537097,-0.5424717838907553,0.047470095757058337,0.41888583726501794,0.28613648929783386
-1.0827974060093015,-0.5669860257107068,0.15750656833940016,0.41038970175096434,0.26134741003255396
-1.0806498084618668,-0.5400084519716869,0.21841023909145144,0.4701202641688599,0.21354196184807175
-1.0803193853641953,-0.5067604385514669,0.15035802735468412,0.5552139500888659,0.2223362964126337
-1.0925274615561384,-0.6079511282476014,0.28966434055039353,0.5014393597538385,0.2532243762825027
-1.083485462972853,-0.5376797783272037,0.32147755568257497,0.5583436938675885,0.1512979564644269
-1.089214964474561,-0.6085609294289999,0.43745623256845123,0.5301208324493504,0.1522382438280121
-1.0492371596011925,-0.29210315657562164,0.2695868896013013,0.6478886782769858,0.06279891630758133
-0.9886165308361228,0.2323581415120091,-0.30938524691206526,0.8017900313065335,-0.02441616630426859
-0.954137443355442,0.49016517080977007,-0.4407620739735588,0.9047749005894319,-0.10280222051089562
-0.9604446212279486,0.4226540400652926,-0.4400131938183755,0.7535031329308738,-0.14682639341087667
-0.9665117167371166,0.34179705431130153,-0.364093763836451,0.6341249129160027,-0.1854322815982398
-0.9359540216008022,0.6047953417556818,-0.7191522694635525,0.6572169505710859,-0.18494203821530666
-0.9070452471185944,0.8546514706873873,-1.0565887311271818,0.7353032283724851,-0.11812094837023565
-0.8742576290035425,1.1279689936966275,-1.3803983919818077,0.9288484668085788,-0.06073014167775145
-1.0398778989624142,-0.33101453812613457,-0.1156931134716722,0.36647642696669736,-0.014562796158702464
-1.0379332424358485,-0.3239286675369502,-0.16548322182594558,0.48472271878061907,-0.07683471591142658
-0.9704667631565241,0.25773553609736094,-0.715577999922895,0.8575426637444898,-0.11904712781166177
-1.060203570463395,-0.5473346297225905,0.009676073249138347,0.5727351436395649,-0.06472631411842113
-1.0275777202424585,-0.2661070707565141,-0.2468528701610991,0.7005012874905026,-0.10670116277704823
-1.0399594288762588,-0.3759250456376422,-0.148727301697444,0.6376601033547328,-0.053345395599394746
-1.0784747382932662,-0.7154506606745843,0.16379855659749715,0.4757189708747727,0.04678318865278599
-1.0684572725696524,-0.6152467334522461,0.07012263740466253,0.513574206319952,0.025204897537836998
-1.0388818479987652,-0.34392822756037983,-0.17720355841586774,0.6271455391748724,0.03636071634501874
-1.0643768500934863,-0.5690215701134501,0.028436619915297327,0.5550184116569201,0.17891461259408345
-1.0693229348166908,-0.6136108336788225,0.058665981798785634,0.5815315010829126,0.22863152841898612
-1.0823147085892657,-0.732576338926644,0.17041557979973818,0.5044711844533846,0.2412388462893079
-1.0821498014508668,-0.7369918959955137,0.16929244212596367,0.5206971902442512,0.25592457745676017
-1.0833314672664602,-0.7443642708187193,0.18043244583517748,0.4678348080915103,0.1286562043640088
-1.0830801186873729,-0.7604588157884755,0.19245361347562343,0.4799787662931606,0.22111462596195244
-1.0540305734390438,-0.5263497026723225,-0.02414288900278145,0.6239677538121878,0.23992507261010518
-1.0561661253088792,-0.5593437914936689,-0.002113246327123463,0.6539887562565565,0.20243123977894195
-1.078509414255837,-0.7726570000365334,0.19789853610064398,0.5061930605570942,0.22481588872106206
-1.0251099885208392,-0.32042231358488554,-0.21836552580863763,0.733720328521616,0.2114184261058351
-1.045628939547881,-0.5193889206466206,-0.03754050618829119,0.6325310495023669,0.23043188085639757
-1.0415360905804834,-0.504894029116433,-0.05071860828749718,0.6284835121551033,0.24022849841830105
-1.0396601036390853,-0.4962687968782889,-0.057104307227062674,0.6105326132801593,0.11925372723867558
-1.0815858116273793,-0.8924826498192165,0.3039496979482883,0.4476124092683814,0.24513869654320658
-1.0719517488369965,-0.8169740302408771,0.23511459656830574,0.4478892651713593,0.1033653946097149
-1.0527032634761413,-0.6768757084983003,0.10238503701470997,0.5379244922112095,0.24092627129792388
-1.0523562536921849,-0.6821362889199034,0.10668017590026742,0.5110616890558007,0.09940396891062306
-1.0564442189460879,-0.753149014060639,0.17068035724635428,0.5217573916884815,0.2285654538895274
-1.0508489659074705,-0.7142606465192113,0.1341253479036461,0.5241455723885876,0.1013902529744982
-1.0500239772703077,-0.7351893877599813,0.1463706118552507,0.5287078119606429,0.22753554238143903
-1.040490291518271,-0.6631786906057309,0.08161335067343276,0.5326450231900587,0.08017767235383629
-1.025532347170603,-0.558522289783271,-0.01694199232185333,0.5973794262571752,0.07130004994739365
-1.0141463054373652,-0.47750509620133685,-0.09084722075123416,0.6362440361834377,0.07986758230357795
-0.9874180311303671,-0.26093858817030346,-0.2876060548141525,0.7315982480428006,0.09882615741711134
-1.0261973994692952,-0.6202593899132919,0.04487348219517261,0.5571226471031036,0.10314922935900388
-1.0603143587263046,-0.9511984342398384,0.3599461516259582,0.43673930223107604,0.24235898293578484
-1.0589967124752964,-0.9693212171226419,0.4101810399422031,0.4470979158166768,0.24012716363276687
-1.0298674943962798,-0.7458852088740714,0.2757042460077381,0.569167575454525,0.1800503415295756
-1.0247378757369956,-0.7260242967445809,0.2672931491595837,0.5838091967230988,0.19711576406304268
-1.0286456167285485,-0.7688589285167095,0.2859116378920556,0.5456034999830103,0.06974828628667079
-1.00983934283773,-0.6488379749311285,0.25983039381316575,0.6691667792571425,0.09153142453443369
-0.9945693092311516,-0.5574108280369604,0.26817576756156636,0.7577565124592205,0.08811859745501009
-0.9771396598950028,-0.4406292096386566,0.21946838275043506,0.8396039713844422,0.07313787366541978
-0.9768066622010437,-0.4572410631875362,0.18090071302039423,0.8205987450794756,0.0717460506512333
-0.9804961268912935,-0.5276588753736879,0.3147845414912753,0.8265853790415276,0.07898459201273733
-0.9627872754848227,-0.39925513664089496,0.210864841289281,0.8898295193263436,0.04132515983755246
-0.9312267987792702,-0.12501451589346876,-0.18339761063121293,0.9172018941639241,0.06037543285326495
-0.9245733972156535,-0.08550988292282977,-0.2312917221793365,0.8501225897270536,0.08935619831383582
-0.9053866813931319,0.08212573353487179,-0.5202569134199557,0.8644177726279417,0.09789819073213045
-0.8987090853230821,0.13201012820294158,-0.6363418642239046,0.9256158634327997,0.08605521300377283
-0.9314005596480619,-0.17259702208550542,-0.3991297454665978,0.8483280800882426,0.07774790759792082
-0.9267426050364016,-0.14794516681719652,-0.432904827978735,0.8691599507178319,0.08679176113564673
-0.9492256490919274,-0.36025595492507484,-0.24450778384416058,0.7972070394388754,0.11335727555480153
-0.89316120397728,0.1286121416468056,-0.6921620240077649,1.0092884863135259,0.11653496330824513
-0.9097470917498459,-0.020270253100839714,-0.5487534200054326,0.9034363435769729,0.13903547586451037
-0.8833924813190233,0.2211385210721227,-0.7679384932695559,1.002351458635923,0.16422064945776255
-0.9176584903833395,-0.07335438987582232,-0.49538314749606704,0.8416623524040305,0.20928962639688534
-0.9754265912863591,-0.5672479012257581,-0.038569993594783414,0.5958716684030568,0.2736290144453394
-0.9776758367204095,-0.567307619405765,-0.035529814614817315,0.5685901190788303,0.2912470458981781
-0.9831174318380673,-0.5994807704164483,-0.001993074103041061,0.5455492811951933,0.3154095517958203
-0.9968001726001647,-0.6982657079889925,0.0937963710205519,0.49293804292255794,0.3467643561795236
-0.9949353698314423,-0.6554834570181991,0.056047727929209104,0.502193144004757,0.3401891013536958
-0.9904889907481829,-0.5837792343351748,-0.00454020805968102,0.5194439041954166,0.34953624315142107
-0.9697548201958727,-0.36992589324480657,-0.19686760026075745,0.5962808305214117,0.3370999433850149
-0.9847678432270742,-0.4673109969982223,-0.10548379423153774,0.5417073396463894,0.3494910143806424
-1.0109140044686278,-0.6725920016581389,0.08841062884967528,0.4567202414994202,0.42270771907960736
-1.0248093576244959,-0.7518616581084228,0.16801774167501518,0.39459936255986056,0.29470923895438356
-1.0190593990568657,-0.6623114379178996,0.08849001961010122,0.4206085778068007,0.2822558226544379
-1.025525517033966,-0.6830185277654711,0.108563570490175,0.39722479178856923,0.3294869239709554
-1.0299791045216928,-0.6974101505684994,0.12449545254126675,0.40933274217897564,0.4407533973129676
-1.043801685136824,-0.7830901969548948,0.2021946779195739,0.38179411914289757,0.43465542132243706
-1.0435872644244364,-0.7476267757447888,0.17719628113259592,0.3773691144291203,0.45503606732242036
-1.0575850941701666,-0.8373527499768845,0.26421424104159613,0.34435042000577293,0.44202205455350296
-1.0641940671075678,-0.8544245116231209,0.27902388037194353,0.3301662994086368,0.4257577993973205
-1.0380037815178154,-0.5827840455233853,0.03516132176339999,0.4368621556280903,0.4173992413251391
-1.0562082703862161,-0.710078542608187,0.15334407933320976,0.3870422703156692,0.4367300904078381
-1.0663153222699238,-0.760648838044312,0.20595728448323952,0.344452847629519,0.47390774494724874
-1.0605606764647368,-0.6758682350446547,0.12969276669468568,0.3880792117704677,0.45292543713286326
-1.0639498463900616,-0.6565001144371525,0.11796068289949643,0.35519981398705813,0.3317672104620745
-1.0852397189361245,-0.8148686218976813,0.26394672970217886,0.3041565688939002,0.4817228004216102
-1.0694715257160328,-0.6414661921465664,0.10529406483097707,0.39367528660535434,0.4356275659325135
-1.0739605029028398,-0.6523248174555335,0.12241990709855521,0.382404370136284,0.46695832152779426
-1.0750633120293402,-0.6295622370092371,0.11079067222486115,0.4134206941100407,0.4545012233513653
-1.0818700928073408,-0.6762086678652502,0.2614574059739737,0.4193953847084899,0.4452772079071859
-1.0828398316313257,-0.6785372243203994,0.37004823539299664,0.4726464834589998,0.39317919229176085
-1.0852397178083486,-0.6923236991080689,0.45597081445435395,0.5162841525945842,0.3394403328086202
-1.071123712971787,-0.567682401872101,0.4557192595937968,0.6081422305049055,0.28037042429690373
-1.0632135800232112,-0.49427234625445593,0.4396143005387056,0.6469754435879693,0.28222176577660235
-1.0539814527909823,-0.4026435841537084,0.33547539497455997,0.7040442508917416,0.2320515307675046
-1.0546053733171854,-0.41018447735687946,0.35012719725888386,0.7150046185550808,0.20521279354980707
-1.0487410395033703,-0.36790136767663484,0.3115479153231408,0.7320780486755424,0.1953372079987806
-1.024182156647857,-0.16665723585805983,0.12898254717588584,0.7759862538575232,0.18648145399890304
-1.0072065149519769,-0.031048349491514513,-0.009312193507213904,0.7496864994829242,0.18649899439214748
-1.0089643214876451,-0.06681809705974569,0.031150119088962334,0.6001966043810714,0.1816828215458439
-1.0009719740112049,-0.005485099867230526,-0.10161233244811327,0.545618674305179,0.16646983564657525
-0.9801675616227126,0.17593959684510463,-0.3730279731816961,0.5462126531168895,0.16259619391229768
-1.0127676153570426,-0.10069542570474191,-0.29207026956495563,0.44258985635767745,0.1740785748764097
-0.9702424348520113,0.2666544467700598,-0.6812092603879631,0.7488498706954717,0.17844858673707215
-0.9756915757485237,0.21197656091469513,-0.664504132676099,0.7900541551310735,0.19003262115421657
-1.0686280262089014,-0.6104288571456643,0.06721899852312412,0.5186027395041167,0.2462907974034238
-1.0670401879177271,-0.6029215725223825,0.05778026556634354,0.5592408730890891,0.27986147614107415
-1.0697458629628664,-0.6246300832148738,0.07326390432545479,0.5644886115394637,0.2944249648043175
-1.0759945727204827,-0.6741828106365692,0.11777584097375869,0.5276117706581576,0.28144276044347777
-1.0678486807847796,-0.595173284357726,0.04159537580823244,0.5863033703135188,0.26393423473492167
-1.0629879577419798,-0.5466003148966145,-0.0012015555406790527,0.6241540788233322,0.2833303447662617
-1.060443792989612,-0.5199200895445572,-0.02362727087051342,0.6462579173309673,0.32337684287984464
-1.0733226797650466,-0.6212466983008559,0.06915907568671627,0.6062686889578931,0.33268374745662943
-1.0708481434480805,-0.5819194249940285,0.0346055752522672,0.6019846217082108,0.3156057457671838
-1.0754482379269743,-0.6114997107091075,0.06368185930360776,0.5924787218800671,0.3366084518040465
-1.075926177369638,-0.6051561804575346,0.060023353414710254,0.5981729085114741,0.34534521915706773
-1.074746922052891,-0.5732433200114426,0.034275086631123636,0.5827037918825563,0.3577998725838025
-1.0979569668355535,-0.7606263344665246,0.2054592018758686,0.47939631500402163,0.3767206095581925
-1.1105602893372166,-0.8562589021976326,0.29377026839405984,0.4393613160415059,0.37209522558061203
-1.1084519804167672,-0.8173970009156206,0.2561590448202165,0.46005068480418254,0.3570858260265418
-1.0644619315261747,-0.4110900632045801,-0.12571487812511703,0.702091750899332,0.2818825311097888
-1.066003542396885,-0.41632265683711245,-0.11655034846287426,0.7178924138089372,0.29815297931209134
-1.093061313850026,-0.6382641570415118,0.09196286905746198,0.5985037566906029,0.3229797207461869
-1.0728446611556115,-0.44204764364994464,-0.08457285391105503,0.6711158936659973,0.3108703504293441
-1.0817827944417944,-0.5051807369779456,-0.027872815998950317,0.6534856000564354,0.31355119260641384
-1.1044387100257493,-0.6955483127664389,0.1525555135380912,0.5447723636986015,0.3640113921005816
-1.1033622753160712,-0.6655471330901043,0.12496074808472221,0.5611040499284803,0.3482875001549764
-1.1026842607250706,-0.6488155595192662,0.11127409559155649,0.5635665779396516,0.34741742524816066
-1.103216864427337,-0.6332516952951095,0.10302000039816281,0.5501886453328225,0.3380150282012316
-1.0944910544822497,-0.5451751750499134,0.02440157533012308,0.5797835122111288,0.3347880773377982
-1.1059602346435522,-0.6281051948915031,0.0987470805275202,0.5478133615013133,0.3344028451881058
-1.107226609622837,-0.6298104767426341,0.10163980135105978,0.5488263415333469,0.3471947746473305
-1.1081159274025933,-0.6233038364446221,0.09429450016145823,0.569889929995067,0.35857049705019434
-1.0994817338855758,-0.5395711696007691,0.024643751393454857,0.5779468253684946,0.3647995839608773
-1.1192864421710493,-0.700371582785198,0.17319051379862768,0.48762280915537287,0.36710662692596197
-1.1064387820438235,-0.5778011188665945,0.06115640548126645,0.5580834755404585,0.35983224550577897
-1.1155212560777847,-0.6528428201623532,0.14579697015214518,0.5308986478724961,0.35860776777597714
-1.1042062862336819,-0.5623050292619574,0.15267631626653483,0.6042895049257822,0.3245069306578392
-1.1028114906317494,-0.5653977692673994,0.27594835901935294,0.6508996099264898,0.291822616144112
-1.1084800134139279,-0.6210159691243344,0.35810082184574055,0.6464558040592028,0.260338690766788
-1.114556567107265,-0.7045538951699636,0.5699122022940047,0.6636738753371633,0.2196034101444052
-1.0948203107854828,-0.5430967120387481,0.4868898724137002,0.7054161854875003,0.19915027799189025
-1.096910394559679,-0.5629013288445769,0.46108254266352056,0.6973355469881484,0.16738133242284858
-1.0721425011723198,-0.36827381521479896,0.3183318925507373,0.7471425558400868,0.13854923476698705
-1.0608131390402342,-0.29228577564263175,0.26010395134929254,0.7063638934921481,0.1452858097564499
-1.0402600344453352,-0.15352259481155328,0.235222997179496,0.42906696656926147,0.20793716870221476
-1.0375342451645992,-0.1529142899983791,0.21377082446002968,0.16251932217293272,0.23108196397851008
-1.0311890732895095,-0.11598949825916208,0.07063458881547714,0.13462943305693137,0.214096747054927
-1.0134203717613497,-0.00420823859627826,0.016692328525337558,0.11833118469712511,0.2113724345929806
-1.029426146651979,-0.15695447373298105,0.022130864621998488,-0.0192627257613861,0.17964781811485855
-1.0454572387636822,-0.3021130582101413,-0.03450713897874851,-0.10683993325643906,0.17517997776829394
-1.0569504774071719,-0.42498295776509093,0.022519569086149067,-0.019147227537996733,0.17214707233183293
-1.037360736886867,-0.27370051117376604,-0.16039772243367575,0.18600199792988112,0.16643041300647873
-1.0821314161552353,-0.6830146806079491,0.18180593387105523,0.17020484577395908,0.2013143845686675
-1.0825128925766854,-0.6992417971705459,0.16800065458373034,0.3485273717685815,0.1786917414655854
-1.0714652714627908,-0.6139759566267875,0.05760540688149849,0.6122481338036809,0.1392632213498713
-1.0799651130666483,-0.6942026908809835,0.12052196121773733,0.6319052319080218,0.14917664452201518
-1.0903169460612472,-0.7869362454847448,0.20326727816991852,0.6010978956371383,0.009034306919501705
-1.0917150348249294,-0.8180054479452609,0.2309098040450767,0.6111139932266169,0.16824661567960983
-1.0860792659065917,-0.7803744035536653,0.19212018286291627,0.6581513198367434,0.1528211999342759
-1.0667625820383793,-0.6180424300099391,0.04285085405866294,0.7352907001365192,0.12559643970684206
-1.0724954707345917,-0.6680943393811288,0.0895370526612153,0.7017053900059432,0.004065774465049915
-1.0597599359538328,-0.5629629250184157,-0.0016701401519000755,0.6954528138941782,0.035543322530796534
-1.0890326407086932,-0.8378278763400009,0.24244894535960163,0.6378264123284266,0.15088606573453772
-1.0517753330407722,-0.5122208184251441,-0.06277256087105931,0.8364908092815828,0.12641842504281336
-1.0617204196382555,-0.6009898262687768,0.020295184183097236,0.7821715247895829,0.14059915492684522
-1.0703275225222408,-0.6702137661524985,0.08578125240325293,0.7266599522242297,0.050602860592739954
-1.0847398972764606,-0.8025506455998614,0.20104477164936074,0.6956854297998327,0.15630238845864475
-1.0804368198670218,-0.7603050290806215,0.1640243038328118,0.7045302328760488,0.15112001539350486
-1.085319247510017,-0.8039600197822995,0.2085764228554764,0.6668169052431477,0.17906740682335928
-1.0793816320087921,-0.744158895255002,0.15524389296744348,0.6869202570647863,0.18122789920626803
-1.096061360865534,-0.881583926337115,0.2815910341482388,0.5898035192435925,0.19551459194994278
-1.1055421656663806,-0.9550257055054234,0.35349516304646794,0.543020376425425,0.2038096370056272
-1.0969775331443468,-0.8700264886867781,0.2798401226682997,0.5532415909504581,0.21997962528143444
-1.1032631508231505,-0.9185738059614811,0.32553173933971574,0.5373848141624287,0.21973708763609254
-1.101799772363601,-0.8885258886398636,0.3009161659653233,0.5242851784099197,0.09713863898934769
-1.1034794708923161,-0.9029588358002054,0.3103865028935422,0.5616716381872019,0.20666214415250805
-1.0931255054287876,-0.8001283284412303,0.22752590165968417,0.5555003869621181,0.20139612453703853
-1.0888487900605284,-0.7471791388332277,0.17459197835075324,0.5950503939397332,0.19673759514151332
-1.0816356603658461,-0.6717217825806134,0.10878282060539395,0.6282915323778726,0.21330517936539833
-1.0758507872580636,-0.6073439920140852,0.045392044953311915,0.6741789363188513,0.19971637143926796
-1.0908668899482876,-0.7267013362232662,0.15584855930743408,0.6276975362673901,0.22026253885673797
-1.091646986066495,-0.7217245953035577,0.15752286955816386,0.602210302316851,0.23960866959131058
-1.0932078187804606,-0.7196994942807614,0.1540290461405036,0.6257221666309447,0.22545453915455382
-1.0898684463891657,-0.6826250549523775,0.14675889104149373,0.5910693459801051,0.25398726831519625
-1.0946289459479535,-0.7346621423815082,0.3391953734047643,0.5542782264836902,0.22338817329445784
-1.085507448734889,-0.6606040831070125,0.3374225804274561,0.6207472245302366,0.15795809563161997
-1.065081552776722,-0.4921410753198773,0.27060626568180424,0.6992556070600485,0.13109384808446967
-1.0726452188378217,-0.586697135646497,0.49755897763778995,0.6499104906595349,0.17790204711296254
-1.0468511410374437,-0.37569760562979226,0.3864537864318663,0.7068232316168145,0.15495719979703246
-1.0294846737251835,-0.22731760915746863,0.2380965763893613,0.7270404064049004,0.09961924505133918
-0.9817142033322122,0.17471185755688332,-0.10539567451386551,0.7770924054769464,0.09158770611755875
-0.9883388184392274,0.09754869864526684,-0.0032953980222010662,0.5284907302644026,0.11588584169839516
-1.0115023529248623,-0.12920395914965044,0.22359093869989574,0.18103536141109577,0.15793996886717035
-0.9820585252509648,0.11075396341478053,-0.008351747045174246,0.21388478022110569,0.11984707262262287
-0.9693708913021749,0.20371540384250278,-0.09976397220524037,0.17262575825309712,0.13842451411877557
-0.9889782448877922,0.019791934744493592,0.012068523986138491,-0.04893260495944229,0.1064079611615008
-0.9791501230028854,0.10443567308209095,-0.18151427068052728,-0.08461213243805613,0.03314386362934585
-0.9923143694938952,0.0016927281055607944,-0.2770551930117572,-0.14759704481058153,-0.026555220099361867
-1.0001279527007951,-0.07263134961385574,-0.27321258495437667,0.0026011519491104173,-0.07374997900980339
-0.9805035363735674,0.09073932546350298,-0.47293782867094314,0.22479489331641875,-0.11139475468488452
-1.0305285291925477,-0.3552591267575484,-0.09894815823976318,0.17638417213666127,-0.12539634377654016
-1.062408382844127,-0.6431251730077511,0.1505206851972663,0.1379941139713539,-0.08923531554165624
-1.0486643116903578,-0.5276908534219419,0.02991166326847014,0.3024242412422781,-0.1017743266694956
-1.0565460311675674,-0.5975896712029726,0.08475782638149064,0.33427657615659984,-0.09203289918396851
-1.0574101110282925,-0.6018319926250699,0.0704137776112714,0.4648583853919279,-0.07022530480000358
-1.0576231747706883,-0.596409582787102,0.053879401567692435,0.5470267535653881,-0.044548018762066495
-1.0815648891366336,-0.7879253321782611,0.22008743781350595,0.5004727799348125,-0.1766906688902774
-1.0909105221273352,-0.8653317859757504,0.2868987871921224,0.4783196063770711,-0.036283449457978637
-1.0477220239554117,-0.4697059099033055,-0.07582494639174296,0.6826228799155631,-0.03722933712306075
-1.064353656786854,-0.6069544021011966,0.048710968867663906,0.6713524062272682,-0.0011348780580342803
-1.0689423945960081,-0.6297011661011334,0.07037025972126025,0.6507255077473904,0.04099454796966618
-1.0801025078472763,-0.7094258831982212,0.1453648505468157,0.5923735565368077,0.07996392749243462
-1.0943014042943247,-0.8105477677234882,0.23477627942003942,0.5225026858389775,0.09691507406758423
-1.105063681526203,-0.8867703453946089,0.30826292410892275,0.4923626692985613,0.14434769500270409
-1.1022671688610712,-0.8421318426299752,0.2685385738709148,0.5007384417330385,0.14886293414769622
-1.0999864056106017,-0.798596231181922,0.23028813993986258,0.508205660914694,0.17709199764665953
-1.1039062547358787,-0.8141600349725187,0.24501760784292215,0.5057400643086833,0.17293762269552507
-1.105004162603208,-0.8014717638084603,0.23748467048721067,0.49165368245470836,0.18963780826245438
-1.0862427068910447,-0.6194290749911109,0.07732348216954123,0.5794965831209766,0.2059034776660767
-1.0963929804231758,-0.688763915186397,0.14721907091318578,0.522305989657053,0.2378439958155838
-1.098224656492878,-0.6800432761320803,0.14747122856307335,0.4867334634930459,0.24875515727712066
-1.1002929470108342,-0.6737601287632815,0.14384458961764296,0.48105059039950315,0.24981516125331799
-1.0879818512802784,-0.5446261335582863,0.026601667814872536,0.5690843649681068,0.23532182928482118
-1.098603334338675,-0.6120116664551936,0.08502051990147944,0.5403309694775499,0.25805198390753054
-1.0717757353356157,-0.35618128459276066,-0.1360684528986436,0.5920545695180319,0.27784387300215957
-1.1063125109826728,-0.6332974758352047,0.11508406281630189,0.459054770326663,0.28370650787587626
-1.1164348393656751,-0.6971211979470131,0.17675182252820856,0.4076657208931518,0.30467357755370555
-1.1186301663300435,-0.6955681368925453,0.17290727808405948,0.4346797226451773,0.3016198849944595
-1.0985298483232941,-0.5010695888820277,0.0014264036312315368,0.5359573187948312,0.29584247780374373
-1.1080304034861348,-0.5650662328148309,0.057738581941123183,0.5289146045342897,0.2892769018140573
-1.1105703052302525,-0.5694892383868869,0.06355781984442248,0.5236881694450158,0.30269133588208896
-1.103959655063174,-0.4953703357175743,0.01784515566328014,0.5638452097651064,0.2847486422731098
-1.1218763040205697,-0.6530677416225453,0.2512202842104282,0.5295785363137706,0.27028974049849386
-1.121614952207182,-0.6617284988970075,0.38671459924134194,0.5518912209051687,0.22337718377788734
-1.1046480149239335,-0.507900599545526,0.25526873350333235,0.6740752211852133,0.17809938408923398
-1.1146761793991697,-0.6028659871167764,0.40404907828168496,0.6394075544637647,0.1544268021965159
-1.094599830411295,-0.47272654901424127,0.513448962026425,0.715894976806487,0.1186165870769172
-1.0874843034817336,-0.4371306773803311,0.5411065759249728,0.6794591187387911,0.08081997843731674
-1.0514154533442346,-0.11613081618856567,0.13109595355103104,0.6718985764056251,-0.004068727061245577
-1.0202625685772548,0.14762001563995802,-0.21900777370894683,0.6453751545134351,-0.053493094674909925
-0.9704857753711321,0.5619620966019047,-0.6462461082610663,0.8036000960536218,-0.14907808093039232
-0.9405565940519757,0.7905851005604755,-0.85403097999776,0.8723470583868723,-0.19024966125409254
-0.9473664711304608,0.7008678210200904,-0.7976972218954325,0.8591610904442554,-0.21276510620514438
-0.9819724100915291,0.36695368018064267,-0.5103531292415865,0.7769134434367271,-0.20953811229093666
-1.0288803686211745,-0.05893144492964391,-0.21184194666290035,0.5177846199332721,-0.22420424800368488
-1.0363782155143644,-0.14240051921058908,-0.22818599759660246,0.5175806553188036,-0.14932600580774544
-1.027728324329246,-0.08638470425872323,-0.32928823395618323,0.542027655065866,-0.04785214544153095
-1.0229189984411113,-0.0585594998891336,-0.40701025671397134,0.7040571523760581,-0.015697238146607683
-1.0505674407313397,-0.3153401070735603,-0.20172198198046482,0.7050279044915803,0.06995485266894003
-1.0227997360237784,-0.08883521258934549,-0.42016605943221325,0.8843540117982467,0.04496567869397959
-1.0408727673574962,-0.26910867649278786,-0.26575937596649973,0.8614089401204437,0.06320988156055694
-1.0521334557817477,-0.3863731481362541,-0.16206969788803785,0.8232776769519465,0.06834858914909613
-1.063414603407806,-0.5051185373431069,-0.05951850299467429,0.7939958125229539,0.0807361604342266
-0.9608138810029733,0.3673844080577506,-0.8581617847537875,1.2198399220568534,0.03362033461697297
-0.9118212528497714,0.7683446756484029,-1.2237274551192248,1.3964552093948503,0.00984916559045481
-0.9133417007635759,0.7342141269057296,-1.191287611203949,1.3528613201949078,-0.009748631060354621
-1.0138044501043002,-0.1686235891342997,-0.37233535467658385,0.9401540866348846,-0.010228660342089385
-0.9878992894946494,0.03570366804051154,-0.5582952895552001,1.0228214641155526,-0.03323442343900777
-0.9755428251838006,0.12012149610823615,-0.6360577716474035,1.0558097637901405,0.004608342286048656
-0.9764329793848463,0.08764041786419148,-0.6085573658996536,1.0365576572255182,-0.002760768460003697
-0.9858688813908714,-0.01852224174917678,-0.5119518859819758,0.9793002460876756,-0.01616357538968657
-1.0212756668706107,-0.3496821208036387,-0.20838275675795848,0.8154855543041959,-0.0047047191593138854
-1.0445971405018388,-0.5761417346606479,0.00028731377052689633,0.6896857802207307,-0.05825682777780332
-1.0465746084938607,-0.6115996012465199,0.03705102681561202,0.6465106288811142,-0.07140494828926898
-1.056916934026364,-0.7169538414092589,0.13040636037906694,0.5821764574035707,-0.039103046594579624
-1.018452309968735,-0.4008438204464166,-0.1516624677861317,0.7077654379659198,-0.02059369245183455
-1.0319680765943908,-0.5328349597156198,-0.03200900403558979,0.627184032839059,0.012141040048182436
-1.0398390946563134,-0.6139405941439784,0.04396479822020665,0.5820569961237946,0.04294749857178628
-1.0522297530716749,-0.7248055329962856,0.14565565550621098,0.514547796606838,0.08515283357983164
-1.0499161651860573,-0.705763102018784,0.12972466463135288,0.5161430144186423,0.12269917897020567
-1.0300985620575591,-0.5234518797410531,-0.03592773601428454,0.5870912009856011,0.1311530339276231
-1.0438575391897322,-0.6308850429348496,0.06550620172241801,0.5229829937328233,0.1245649588541594
-1.0538837972892552,-0.7015293154691908,0.13165579661007404,0.4886628194677384,0.10239070883153424
-1.0452777568860334,-0.6126826759541045,0.05386778374699617,0.5281355132229031,0.11899605128930302
-1.0586613609613775,-0.7218258832703025,0.15120959068145504,0.49167637184002194,0.2497978993657421
-1.0555929719020007,-0.6738410211659582,0.1115253093998672,0.4867024807035135,0.14704788667537808
-1.0484227416716851,-0.6043953330378311,0.04838253914185253,0.526277415681232,0.15587332792850345
-1.0676688236288558,-0.7669807114089989,0.19973854345085507,0.44197156985675123,0.1874822223463651
-1.0566703406420146,-0.6529655361487359,0.09174195749981237,0.49227850744008234,0.19757156249224772
-1.037828556747829,-0.4713831832622644,-0.052809385178798025,0.5664615779572226,0.21165235104514799
-1.0397752243142728,-0.47760492187286757,0.00759214432457267,0.5727888013823468,0.2044362251500968
-1.0508949072120901,-0.5673873832361251,0.16702557655776676,0.5515921569307342,0.1785880930338331
-1.0719170312076083,-0.7517703115929953,0.42869423012479163,0.5334204979647105,0.12249071199644473
-1.0393814171305604,-0.48080242408642054,0.3641504311196441,0.7127282487213131,0.07476767310365387
-1.00765235979445,-0.20321807379737672,0.1719517504229606,0.8494474238650046,-0.002249124602924868
-1.020326425646794,-0.3221283280622748,0.3737290975925723,0.8508280968364808,-0.07085082794574256
-0.9967092106222786,-0.10322863953351558,0.10090219467120781,0.9297134247979856,-0.14461712500689924
-0.9923927292378681,-0.08524333236572279,0.1491713220183122,0.955972717717268,-0.2492965881056979
-0.999992411483272,-0.1633541679767565,0.21618755481307309,0.904514157206932,-0.34311315720550845
-1.0086220267715045,-0.24588815825605612,0.26562788967790113,0.8397016177906677,-0.4169243726694231
-0.9822588707823583,-0.026166376687722728,0.057958217564352134,0.8570365674381882,-0.5118074370658579
-0.9593765056016528,0.17168059474551642,-0.1575793334685391,0.6701630083925839,-0.46162673496724593
-0.9369112657095481,0.3758562818764906,-0.4378222229193107,0.3729550812622937,-0.37851956319759167
-0.9555846626533423,0.2364015741612502,-0.5283208853542307,0.2814256125815493,-0.3665409558254166
-1.0060194312259738,-0.2085894335869404,-0.19470328188016287,0.2217076505108764,-0.32953066987648255
-0.9978955595022572,-0.14334930426068973,-0.30425995134853007,0.34279266091570254,-0.1957813044943886
-1.0455284796613564,-0.5630605169615971,0.04962843858494355,0.255763177036998,-0.19433322318145593
-0.9897460383026546,-0.07922190081216307,-0.402559757903953,0.5589059743636174,-0.22424180273673155
-1.0229637786740402,-0.3680211329122623,-0.15198639877108336,0.5267474813913904,-0.31972066718407277
-0.9984842145038256,-0.15345584509597718,-0.3572532618185213,0.7153308301648488,-0.23790754507517975
-0.9753518142444638,0.050172264064086335,-0.5577061592727096,0.8912917165785448,-0.07695689639632014
-1.0260307155375508,-0.38595433151531694,-0.13833528029799277,0.5617253773522944,-0.08859234606811427
-1.0062904001000164,-0.20682975999513267,-0.310359333251529,0.6938718672970577,-0.056607443394125045
-1.0068972106047605,-0.20638649973353812,-0.31413538072397884,0.7433900159830622,-0.10648690076567459
-0.9951527150213465,-0.09135206199427263,-0.42512860476603404,0.7880220654058302,-0.06677897457770735
-1.0292082603841164,-0.3814494325913524,-0.1592962639911981,0.646320772896617,-0.05568413715919912
-1.0421926571107543,-0.4835414788428976,-0.059990451798842485,0.5752090960144202,-0.060315388989427496
-1.060821974196267,-0.6271040811697732,0.06925918249872651,0.5101022157369071,-0.01034836121044734
-1.0436782667598987,-0.457012163978923,-0.08154639522891974,0.5760742124504664,0.03236601277101176
-1.0500208526898587,-0.4836460012289009,-0.0559937675511292,0.5554599582049143,0.08067043812335026
-1.0917673986062943,-0.8189748237922294,0.24988475698799625,0.39999479393246323,0.07610987974275693
-1.0738402317299354,-0.6368996652939157,0.0862748424638798,0.49002648244527364,0.10201676629103489
-1.086674124162836,-0.7232410523397763,0.16442082323640872,0.4573284941458336,0.11465568508403243
-1.0138733110173248,-0.058005528507580666,-0.4312746427168562,0.7017107201562532,0.04882633330234601
-1.0146090986096987,-0.04150556144494427,-0.4231206996102542,0.5830254231801562,0.07458479804860635
-0.9683048034420397,0.39184185473968125,-0.8067571757371064,0.7038660416488492,0.09585212786050067
-0.8981256119757918,1.034042343488958,-1.3751554960156223,0.8867434258296177,0.08513164787985714
-0.9084501971348661,0.9718957415777255,-1.3001345872570826,0.7503173032878278,0.06489563125433408
-0.9246901496261444,0.8588943294303557,-1.1848815023934558,0.6244671680225499,0.09110791880192605
-0.9112533840792957,1.0042170038852296,-1.320344782551012,0.7262903390784123,0.08047359601062153
-0.8881251065380441,1.2370075308070463,-1.5309460793297391,0.8424406827302063,-0.009474011408998546
-0.8146891635242651,1.9090154043273544,-2.1308392112887393,1.0880425322096323,-0.07312178547358886
-0.8889828081439954,1.2936478030346898,-1.5660427394171832,0.8028494651964733,-0.11155157744218606
-0.908704602612514,1.1505382091032035,-1.4230591913551005,0.6683619206881002,-0.1517319294666012
-0.900541924838429,1.2565585926632397,-1.5088309351894238,0.6730516070292885,-0.17291698295439656
-0.9892191313322424,0.5119021518966825,-0.8176787120030828,0.26003679577652367,-0.16779699082982819
-1.025683220776025,0.22609423274593224,-0.5361211299539291,-0.000395502005752111,-0.12371325447286469
-1.0024474693870762,0.45929078090587155,-0.7250798553725893,0.09461148889595845,-0.11586987827487828
-1.001070189238728,0.4823189455472497,-0.5888332392427811,0.12556233452502322,-0.1692847027218918
-1.0116393476518366,0.3967426718040045,-0.3708639891067052,0.13775694340786343,-0.17956736543334642
-1.0485553916221737,0.09447599344303431,-0.05889506671811759,-0.014796212456174856,-0.19543753297067265
-0.9810017346120902,0.6995270119694252,-0.48805915930862637,0.19653158075767083,-0.23675278106557132
-0.9395084359577153,1.0583863254277517,-0.6623119221692438,0.16237170942975063,-0.24328354308824351
-0.9238540255033507,1.218878539570829,-0.7706095755802622,0.02380126998429526,-0.18740431652938436
-0.8920565207221908,1.5153008065364657,-1.0540615964484146,0.037206487867746295,-0.11320632764298569
-0.9159488883830983,1.2966675122765714,-0.8377057074801466,-0.10601524709032716,-0.12319200824542946
-0.9477421296691844,1.013214743127337,-0.6243606366458037,-0.3707656265928634,-0.08368367589204943
-0.9291119203679664,1.1671610489539628,-0.7920512870799349,-0.397317139115936,-0.061172510152040054
-0.9159060274909774,1.2591072176739575,-0.8731247753499001,-0.39197929660740805,0.0033931451128893712
-0.8972057363378376,1.4302999666727183,-1.1777257506989625,-0.42285920709520064,0.07754883241429585
-0.9511626253094939,0.9482158009577492,-0.8587729383826277,-0.5226968410349763,0.14907283757642703
-0.8612572574542818,1.7322329703023835,-1.6638278721089026,-0.16123983318131904,0.09727320743811349
-0.9103068357677642,1.2879190650950918,-1.3273807271599445,-0.2465874885755422,0.07542973206975628
-0.9950461844843523,0.5343386763016709,-0.7015729363891237,-0.43479651715956597,0.07947132078837761
-1.028183083984274,0.2331442263774219,-0.48576358322109464,-0.2756640162105743,0.023414914817149215
-0.9638466973581195,0.7874279342463613,-0.9987712979435499,0.007636521214165648,-0.05388796196186276
-0.9509963511063044,0.8988051630787204,-1.1116419930824193,0.12201996633107152,-0.06508520378391651
-0.9601002004943183,0.8244768911696645,-1.0461255660789113,0.10458650167902842,-0.09856252811486493
-0.9799012475354291,0.6615915608639746,-0.9149268669466116,0.1284637877425886,-0.1219386394541702
-1.025865070402691,0.27040811829998823,-0.5858272848106318,0.12343458301030164,-0.10182154607017486
-1.0103447165991737,0.4256794577181404,-0.7412398284628519,0.27414622060563937,-0.07558981442165466
-0.9624667143724628,0.8655870904835239,-1.1336278774967228,0.41959674601619734,-0.07856459173326175
-0.9410522434905115,1.0745506184829055,-1.3162102547833463,0.47984935222892405,-0.17789334751087485
-0.9595907496551332,0.9361877776402366,-1.1786250855728788,0.34357138688427247,-0.1587227613177574
-0.9371485034990308,1.1552509647314404,-1.349412312038196,0.2489471923393166,-0.11282308026843854
-1.0005108755647698,0.628538180122879,-0.8569055949968017,-0.06939070302994417,-0.07517753665318652
-1.0642641852344163,0.10484323093320991,-0.37628551760081086,-0.3155374650020165,-0.05073306145458422
-1.116333362720149,-0.31339724140383424,-0.007696102568840975,-0.405506628830632,-0.04367818682413319
-1.0929449411571157,-0.07034935750239803,-0.24029663413940253,-0.18289270849347844,-0.026300617566796105
-1.140728765657541,-0.4464275670959888,0.08554128836701451,-0.19981139294650124,-0.022016182827477207
-1.1492209565245557,-0.47725874859379075,0.10102908174807203,-0.11248918017598485,-0.017426884949378264
-1.1483571972680675,-0.42922057142867814,0.055835592897959384,-0.07073690900432204,-0.017521715221305408
-1.1451621667982057,-0.3629165386465021,0.0002876468505104387,-0.06419267793222894,-0.007458558951312695
-1.1683752119510178,-0.5290658522855518,0.13580226670790768,0.00418764887177637,0.019381401051704255
-1.16382323347357,-0.4337508948220315,0.04331525751246321,0.10681910103864554,0.008253806083388894
-1.1910406216573894,-0.616944828522862,0.19944833737368042,0.11375393587131755,0.00024333039442889017
-1.1782316211120816,-0.44616293891435116,0.05471493303031581,0.15122851619190772,0.00266345724061538
-1.1946007211384153,-0.5381886534984491,0.13939030360904034,0.12260178609636622,0.015958017075900045
-1.207612972923271,-0.6082273186201576,0.20948363598459938,0.1024769262115164,0.06639899953095543
-1.2138474713858596,-0.6141155523444685,0.21863039790610667,0.08505650765037652,0.08282759567364101
-1.2154945957973682,-0.5805769805034522,0.18657274074211264,0.13507585218429266,0.08394777796001383
-1.2048786137846754,-0.42975732064233924,0.05662860807827372,0.1794305227094225,-0.04213211762388047
-1.218619375611584,-0.5030276594713388,0.12251023181172772,0.1899222036568315,-0.014197263807508626
-1.2424180347741474,-0.6708183977557114,0.26808162763523297,0.1506129237555927,0.09500371307300662
-1.243561001085859,-0.6307061478256846,0.2454872473114144,0.11573497715116556,-0.007572061853826682
-1.2629421526588258,-0.7554341440834942,0.383680643368159,0.051995837166559436,-0.01873117712695204
-1.2612945364834667,-0.72782604000991,0.551355560210439,-0.02100386435924523,-0.07780371463999798
-1.2152511413577256,-0.3153897829303537,0.32740457092845016,0.12187611262736167,-0.0948786108917158
-1.1687191772322616,0.1041019833995286,0.05401134038883642,0.41646912125924457,-0.12877810746774726
-1.1928883302038715,-0.09990608608607722,0.36044238637599124,0.28237468735191545,-0.16547026028394166
-1.2305839182874845,-0.4266287806853868,0.7956854188718678,-0.12031192027904239,-0.20336753087197595
-1.0579134117427407,1.0989960307328375,-0.5518169622021666,0.16929993079176406,-0.19984071188295074
-1.0045427646526703,1.564837450061911,-0.95530434554604,0.2163349577736553,-0.18785094726353
-0.9765278420570634,1.8024593686362052,-1.1776515414725681,0.2719360869270137,-0.15315098278201594
-1.0213855972524681,1.3880802183666139,-0.7831143747121575,-0.009246215881687263,-0.11368783845287561
-1.0695997282205039,0.9446782947041747,-0.38987164794160456,-0.36329734719060486,-0.09130886209294278
-1.0340760756767853,1.2268044337453106,-0.6464371469085904,-0.3399457195512967,-0.06712825734718121
-0.9925662914597858,1.5737598918995432,-1.0491773022180755,-0.24587528181613408,-0.06112511051630102
-1.0075315607190363,1.4327699127282305,-1.0643024045930833,-0.3239383928966977,-0.05848905909315479
-1.0249954721971344,1.2897427351495663,-1.1878848929543808,-0.4461472539424429,0.008296325181323633
-1.093963570215454,0.6697727895336077,-0.6803005293189021,-0.6917695709114099,0.050780137285189327
-1.0477275389486433,1.0557024297393132,-1.0637926630014682,-0.48368936769749665,0.0662639682414634
-1.0934539423337428,0.6398166225554237,-0.7138935695706301,-0.6002270796487545,0.11164777696410184
-1.1009987648598354,0.5647505237024452,-0.6629925573771248,-0.5700102343593173,0.1068283581483746
-1.1380998771313962,0.23446259770057484,-0.38539516429879656,-0.5887882981938614,0.08118640931983528
-1.1199297438464666,0.3965049159191736,-0.5505458282156956,-0.4154905221074554,0.08123614378473447
-1.1053688744716867,0.5266408023332653,-0.6785451104168955,-0.30715608358566476,0.10673388836859464
-1.0938452021752794,0.6309383364926038,-0.7794941467851088,-0.23834862153364278,0.15433993414767028
-1.1226205785885452,0.38317648620694506,-0.5579154971422455,-0.32659771029172363,0.18327074319571665
-1.1178121980828029,0.4268564174046873,-0.5911871501629732,-0.35624991282335033,0.17761014319415155
-1.1325596440003443,0.29556049048989347,-0.4620013540470832,-0.4778492140619859,0.1738877846651755
-1.2104147084547965,-0.3839156521787515,0.1508193158588085,-0.7138829998631523,0.0918088001486302
-1.1724005017932697,-0.05478540652417386,-0.19003733316695917,-0.285914727924205,0.24964292067106503
-1.1827184730898508,-0.1394652180337094,-0.13506259545207508,-0.19396842487293434,0.2760451589074441
-1.2346951725827109,-0.5890312182839682,0.26499414100094576,-0.3548508169090144,0.2351370944657766
-1.1755580792508675,-0.07469707675313508,-0.18444586056371004,-0.24739698389744008,0.23240032183238796
-1.2182113157784331,-0.454091067401976,0.14996305262898166,-0.34407986008755587,0.23505751957483434
-1.2039651104574263,-0.3426698543835034,0.03604761905518433,-0.19960058227563654,0.22495693253332982
-1.2180103029882619,-0.4775379979023145,0.14951431634186202,-0.20354361506517948,0.2032147179889412
-1.2086816246117142,-0.409680135751563,0.08529137887434483,-0.14549150436555225,0.1395452317302374
-1.1744090840265098,-0.12239535313728878,-0.17708792478550417,0.009849841244778952,0.07098068883233233
-1.208630562738844,-0.4279379644747026,0.08595645078049753,-0.04638762835045907,0.037993519437569546
-1.239186782816812,-0.700700378896098,0.32483090482735494,-0.09872196980977374,0.01981274361386766
-1.245283840687607,-0.7492367623644373,0.35785555970043903,-0.0364207755808767,-0.00041098402390501266
-1.2348264131545146,-0.6554857627609382,0.2585518318773694,0.13096877477302057,0.043729202282528364
-1.2358633153258602,-0.6441965552191024,0.2422699165250191,0.17753928872136507,-0.058145177804912324
-1.2311831374279645,-0.5738493572801787,0.1736340478447856,0.2123527887342719,-0.012585975296392214
-1.2114304654204062,-0.37983330218134864,0.0151889444583254,0.22510316192945612,-0.010042614640540624
-1.2067600593262517,-0.305244007105457,-0.04238227931237057,0.17992872109732283,-0.05164043778165939
-1.1987851209859772,-0.20713393768515945,-0.12855244324834908,0.2477485963829022,-0.015391606125378158
-1.2168689055774893,-0.333715096809143,-0.02241085330157867,0.2941180219123871,-0.004903385652355785
-1.2522548957382027,-0.5996315782550018,0.22261296460851523,0.1292092149240436,0.003654693585218588
-1.235174249251885,-0.4134224263220025,0.04647374507678345,0.2880908108983055,-0.008695842685188224
-1.1514924257086667,0.3509640880935363,-0.5934936692594596,0.3871231922192839,0.019029841999985118
-1.0605366892196544,1.164803424386269,-1.184185040712024,0.7111737064819165,-0.08101304034200477
-1.1679055363697148,0.23208412123829983,-0.1998035278728064,0.3168635796536132,-0.13529941436094056
-1.041972850275176,1.3483040427517121,-1.133753559255661,0.7283642787657744,-0.10875796033574066
-1.0195571348084456,1.5451976738100626,-1.1825614847809665,0.5834678544628642,-0.1334370716814237
-1.0842681056162613,0.9911203322539321,-0.724952756191118,0.22777284367648154,-0.06910413603965948
-1.0814884905643578,1.003792330029288,-0.6492810678091486,0.02588620207253159,0.041939653781108525
-1.0596660618713167,1.1702082009385542,-0.75257100326396,0.12276207599351636,0.015819186012058603
-1.0101507828276057,1.5783484460940942,-1.133537238922593,0.19521446756601782,0.032141381627666686
-0.9694052193140689,1.908061026210751,-1.4994746944784352,0.2950998799837154,0.044321002087994915
-1.0037717189722177,1.5595258944150594,-1.0980664225729313,0.17587779101367199,-0.030502139149651074
-1.010085027434399,1.4636239113448346,-0.9770590963887646,0.13194290975215514,-0.04102632380058332
-1.0206122857359186,1.3454351923866512,-0.8992126853055648,-0.04129914791572424,-0.0902844333635245
-1.0380916823527928,1.1729366262293393,-0.8303676019482317,-0.18902366970909137,-0.10603402188755008
-1.055257529855277,1.0402097180969005,-0.9832741418082099,-0.32057148609553243,-0.037043718597018105
-1.0126497172421645,1.3978574345224177,-1.381698305476344,-0.08942272882170087,-0.03396815095743729
-1.056498191884565,0.9983902122119582,-1.071926546364546,-0.0927176443244606,-0.030739876490316474
-1.086722801786213,0.7242715606333944,-0.8617276487562533,-0.07530707428032032,-0.05298114017510134
-1.1111963685880828,0.5077237854038943,-0.6858167244286033,-0.05336644630983181,-0.08113592599444266
-1.1145250632479298,0.48681519571849424,-0.6834156960599221,0.036704855356846484,-0.10571104554286573
-1.0929491266322793,0.690582807048504,-0.8715964077955001,0.14274829489168114,-0.11526412918135696
-1.1075966590744388,0.581833341211904,-0.7793348896407762,0.12493659905953679,-0.12095956842951418
-1.1579762123119055,0.16636625061820137,-0.4020929897651206,-0.04991348698977869,-0.08343226662075456
-1.1292944893485521,0.4446719360040256,-0.6466815198999075,0.023643651885207173,-0.07389695425894838
-1.1486573223805545,0.3077160372180687,-0.5256733135066199,0.0011301528313757794,-0.06641617704936709
-1.109257569304681,0.6881071274609933,-0.8678008744464205,0.15637611465018822,-0.06985894057889018
-1.1314492212423584,0.5297159542186252,-0.723833031125788,0.10478977153259497,-0.0590023344970745
-1.0866064685484593,0.9605534594249969,-1.1116337619830463,0.2795132463859118,-0.06505587240694734
-1.0870117491201432,0.9919620240462279,-1.1359717480052343,0.2755425863301543,-0.06828171882001237
-1.1131958608923236,0.7997049956062572,-0.9605666641498919,0.2186254130619609,-0.06122131309486983
-1.0956998905349338,0.9895967257718551,-1.130032270744685,0.2977139230662193,-0.06835438584086254
-1.0798289290238785,1.166296456215655,-1.2886264383530057,0.3779216548117633,-0.08824985158915438
-1.1472124222290228,0.6074570781429415,-0.783956085970858,0.1668625376403915,-0.0879260716480948
-1.107599520656472,0.9879274530754284,-1.1259122216414972,0.3318193827679842,-0.09238650791744107
-1.1119933402892392,0.976852173168009,-1.1104235190401084,0.30980641987067536,-0.08605003290536613
-1.152730397816642,0.65694016867348,-0.822293977627687,0.19765932327992952,-0.08351856986387164
-1.2176215771204473,0.1178531421930758,-0.3410347455094007,0.037108724979009765,-0.08025967110964051
-1.1929198716552394,0.3764503807940782,-0.5770147588760077,0.16948539251011682,-0.09483173103788287
-1.171955534727303,0.5915125348443647,-0.7649697453437163,0.22786853837832557,-0.10845573706685024
-1.2754241546330614,-0.2788961953156948,0.008604257397418356,-0.031164550241909405,-0.07224284633032627
-1.2453666538412147,0.011239061136972034,-0.24682588241297423,0.08056538973378727,-0.04674443789795794
-1.2732641027700522,-0.20185591393175392,-0.05244709112933447,-0.0012678088380308932,-0.05571172563512634
-1.2493348778095508,0.03880847533486904,-0.2774866562151093,0.145136076514427,-0.036394157966080636
-1.2642013386868325,-0.05809887629469533,-0.1798023209418808,0.042040355953042965,-0.06955877440662533
-1.2578804965981345,0.02647159834178244,-0.25022536825352665,0.05121790636119132,-0.021307853950427565
-1.2309868298039714,0.2901326714196752,-0.4830920334974171,0.15250014929876626,-0.028293265311898477
-1.2070235377837846,0.5267434082978182,-0.6992264322379539,0.27851087298764965,-0.06139642808865473
-1.1912785802937338,0.6884773348901535,-0.8454386776560617,0.38267730523647636,-0.0257977232387028
-1.1901183705592262,0.7183503909167407,-0.85061957077548,0.41944109614776115,0.046221086904109435
-1.2058205363675578,0.5751571781808,-0.5750447447868219,0.32570336280208634,0.011012523881705987
-1.1753246770987578,0.8274024143774932,-0.5890725734839193,0.32245057316872144,-0.14632689893740378
-1.1512564777504595,1.00949386501227,-0.6149183379355717,0.36499157408457505,-0.20296066073193708
-1.1027075386324265,1.4094487486246632,-0.8338738146398501,0.4175753570666853,-0.16862355236235027
-1.2191249790148126,0.353781907900565,0.27448673976754695,-0.16610790511165413,-0.1306580457523294
-1.1793458524449831,0.6832593767642505,-0.022351312253965503,-0.11815338258065186,-0.13777410217345418
-1.1614150364348694,0.8123570704785873,-0.13097103043992517,-0.12527929434770543,-0.14542406372209057
-1.0599246317841204,1.6690861812089877,-0.9112336018987296,0.19419922255304847,-0.16027653218159202
-1.0370640044274557,1.8252912672224273,-1.0509668792836242,0.2276461110574944,-0.15536638131059183
-1.0726396916929648,1.4777295842576021,-0.778241659447099,0.010619537782286928,-0.14850225038757248
-1.086518258660911,1.3126566840453862,-0.6481814716687144,-0.1112001857540603,-0.14718222329960098
-1.0609372621246649,1.510173619974532,-0.9301897597502131,0.01777710813096837,-0.12696812564133542
-1.0590695981936293,1.4961905885572537,-1.0445310702103325,0.06260546651452456,-0.0973865059388422
-1.1336381232035548,0.8443447723622203,-0.7569565474551941,-0.0693527403654348,-0.06426951568525248
-1.0864905488621368,1.2320956602989195,-1.21769211452652,0.1373009595689034,-0.03882392843377149
-1.0621192742219825,1.4150021356488391,-1.4435986923051645,0.26847116897083506,-0.023763277441229035
-1.0932975957933817,1.1071592710203835,-1.1904574257783793,0.18520147973818063,-0.10570435559276069
-1.1654645014542344,0.43902717032010924,-0.608341089532254,0.021563422435147472,0.033319263498397624
-1.0870507538690732,1.089209961716941,-1.198832858454506,0.25699419833715414,0.17305183967110005
-1.0700957998070002,1.2103376745810175,-1.2996002437043024,0.23791742928810464,0.19282223803370116
-1.039212447902109,1.4546699631341018,-1.520532448553613,0.3356231613009586,0.18689079099043787
-1.0532235279198296,1.3035197056679253,-1.3972119108977528,0.35547210756118763,0.17234298024138442
-1.1356608171110423,0.5496981424047855,-0.74001621928688,0.17587839595710483,0.22503336691404416
-1.1036725528146225,0.7996962973037635,-0.9509955880682087,0.18564423448744338,0.12717026504499956
-1.1190252228342221,0.6352191257053921,-0.7963696689383617,0.08496587407799733,0.0356108058638636
-1.1377700439474627,0.4410341745539674,-0.6330572786300783,0.07560361908182277,0.0016546436889601638
-1.1088799781385512,0.6639648806710433,-0.850396022945134,0.2474695614952049,-0.0008228447627629961
-1.1433142592665226,0.3333835638545681,-0.5573951807393719,0.13943207138650743,0.07197910878558825
-1.166322859641565,0.10578227082792635,-0.3593063422001527,0.07976026343008896,0.07190771796357223
-1.1688686931373715,0.05735504726617084,-0.31921106958732653,0.06875044494296105,0.059119973237432316
-1.168317071370481,0.03634929870956587,-0.2958758262997639,0.00925612598595236,0.08751419177579006
-1.1353960459281742,0.2999991801575027,-0.5333069564819918,0.09412486056042166,0.07846411622047635
-1.1206769338482467,0.4054852510918975,-0.62929163329183,0.13542722680858985,0.020778515552884395
-1.0227212552895428,1.239309506227075,-1.3869855131900406,0.4947458856392457,0.035031264016298594
-1.0677928529321485,0.8185238441760817,-1.003498956206376,0.29206731807244335,0.08216762607338449
-1.1073505641125354,0.45116612318129357,-0.6695564760459659,0.1212885386854777,0.10355371152522216
-1.1163643581244806,0.3513991059127989,-0.5837872362521886,0.10465109661086704,0.11509522592048763
-1.1051745926878556,0.4294170022961735,-0.6609164393481134,0.1660120941361154,0.1021193863641704
-1.091424358859802,0.526876809843855,-0.753557254680383,0.2288888580677289,0.07588889453385624
-1.139364322232863,0.08221600697426848,-0.35411543110540256,0.08103922360183738,-0.001211558129225092
-1.1485676600509165,-0.014887750992525615,-0.27100213509725735,0.06392975124952896,-0.05974243395961943
-1.110183078915837,0.30079266474378946,-0.5653314533022823,0.24303621586415358,-0.06191819550419292
-1.1159784555040735,0.22513839862567145,-0.5105041775775853,0.2740658335769911,0.05011757740439511
-1.13964774791357,0.0007712469055494056,-0.2982734106816517,0.10547675154347567,0.08486065596727965
-1.134035324648624,0.03475258505965254,-0.3423281574242809,0.19355014214864544,0.10313788817804459
-1.1532306203516627,-0.14834347875686962,-0.17781089327008603,0.13388878381576386,0.09311339156195733
-1.1631684563864744,-0.2533676351093666,-0.08019638509506326,0.08045201332866621,0.08289950676077944
-1.1731805631022414,-0.3620110070195369,0.06745913023772111,0.03267282964363963,-0.046670185578524516
-1.144499800090847,-0.14828180565214272,-0.003131558918067137,0.18183184213621195,-0.11974250700289318
-1.129326893245522,-0.04991099175512813,0.03352226378786642,0.18321392489321692,-0.17424241561762502
-1.1080997963764743,0.0827446231643843,0.14931994653185585,0.18634707727546057,-0.1606613862984949
-1.1212016225246735,-0.0681035238923804,0.416845885653645,0.021361959354128362,-0.1144358136176943
-1.0533695580917786,0.46769341731016423,0.21164922723788757,0.18675634028121638,-0.175348098645942
-1.0158293797269822,0.8140058282822361,-0.32454790868236044,0.3079613959770554,-0.03382049629188082
-0.9817674484751406,1.067143264675193,-0.4409539632522172,0.47704940108537586,0.057132846530791474
-0.9894464230844662,0.9818425840694152,-0.3762972128290048,0.32845036967397473,-0.10116205979072238
-0.9640312353072528,1.17992425558043,-0.6274132791181928,0.44002577559329586,0.044981371392777435
-0.9879669628151386,0.9723236422759356,-0.6528669158007762,0.3057465515597079,0.09402137235469055
-1.0353083259668872,0.5303555076847603,-0.31670441057216997,0.15801995162515362,0.1436902227940122
-1.0322929934555525,0.5243839161861793,-0.33027458407576404,0.16574997387810675,0.09976487016328435
-1.0353408323282072,0.4800820982530105,-0.3998278236019445,0.13824232726898422,0.06200524236824279
-1.0189481138744183,0.6012387520960963,-0.5964629994404419,0.21723652761552034,0.0642767462951002
-1.0326377995034213,0.4676873619282164,-0.6145177059133418,0.1403358111240794,0.09814056653226635
-1.071257376740193,0.11645725572778678,-0.3903751757540758,0.018555126282321727,0.013242883055642118
-1.102771490768704,-0.19055146581540258,-0.1486255839861537,-0.011025518541990504,-0.032022536083067064
-1.0879240802015173,-0.0827886499605888,-0.262588150777965,0.12606544615455817,-0.10018523501570017
-1.134646586664146,-0.5106260799842297,0.09460004944513772,0.11411412571331947,-0.06405129001675906
-1.0839252299569897,-0.08676999167468213,-0.3172911747461316,0.47821387126073456,-0.089125141597037
-1.0471593803176473,0.223761533424636,-0.599831499389356,0.6050439056826338,-0.15427585893305082
-0.9803090872788538,0.8062307311879375,-1.1245039103787118,0.78678149904369,-0.0761324652241125
-0.9724118553381579,0.8720806758238547,-1.1907519320214885,0.838601221145581,0.003889304052565276
-1.0334342362830071,0.34060892861514547,-0.7157414660499312,0.667698819334402,-0.0002560678273953565
-0.9749001153691593,0.8547745923287703,-1.1685050998148794,0.8191306814942046,-0.10065237627496901
-0.9928155813352949,0.7017489448123047,-1.0219780357364745,0.7190342507076464,-0.2507411619811738
-1.0016328485009975,0.6239808642545056,-0.9525211512021268,0.6989954879463827,-0.26180530016302256
-1.0380006060668285,0.3057328253120001,-0.660506241622111,0.5441494831968177,-0.23839654433310936
-1.1160907847584223,-0.369924579117878,-0.05698609862324678,0.31110643776856467,-0.17401278811295848
-1.0629234270084613,0.09957674725447675,-0.47324176587443784,0.45413191798536595,-0.18333123036026175
-1.009147009064402,0.5813466355137217,-0.8984969655567869,0.580186814998808,-0.22143891231235088
-1.0340338513364133,0.3779668350084781,-0.7150354605207907,0.4931189252938451,-0.14618101988035753
-1.0975698793801687,-0.1603827690581177,-0.2364286613818838,0.3345913107302138,-0.15512909624069
-1.0778119055073876,0.028489154305278177,-0.406363980409578,0.42276041058547614,-0.1537663701047821
-1.117404391388479,-0.29898122934661686,-0.10977529678650405,0.3022033298543032,-0.13546276482058142
-1.1114275525358805,-0.2303057087105924,-0.17295480638230296,0.34245768344155136,-0.09328926091903252
-1.0528298506910532,0.3005255493054992,-0.6409663824205375,0.5055031192885303,-0.15949556425210631
-1.0337777966705988,0.48788967699590097,-0.8091362675785907,0.5802185061426137,-0.18370548770783762
-1.051445838223451,0.3521413432816995,-0.6854132144743587,0.5340389841721151,-0.24091077318569878
-1.0606796049827218,0.29922789562287816,-0.629499243210251,0.47604246282408247,-0.2117174405987859
-1.0008861399853997,0.8543725000080408,-1.1338377460303242,0.7244696997420459,-0.2140054085136786
-1.1178942435300445,-0.13559534337901524,-0.24221924110695914,0.3632156597236701,-0.19242843724076178
-1.1852226724632235,-0.6907231995200043,0.24598970037287557,0.24751333572181763,-0.15708507467326147
-1.158237552958464,-0.42706758403366646,-0.0028459350159267907,0.4706026196090749,-0.0324230466420182
-1.1928816796230093,-0.6936115076590135,0.23575236590360643,0.3441729532793001,-0.03165381387252895
-1.1877391573148297,-0.609867721851516,0.16755190860276548,0.3984829384763033,-0.009094088437804205
-1.2019673272023415,-0.6952085700440679,0.2433277777251101,0.3872477123034243,0.027614126911557527
-1.1835916121635408,-0.49202102164456724,0.1208350510926163,0.4274240385819393,0.02752760994364761
-1.2104654701011213,-0.727504587306193,0.6428570908276772,0.13573079175383004,0.0015646655102783168
-1.2024516505273641,-0.6693356473575617,0.9110556650467547,0.10787111860104259,-0.09161183186214067
-1.1952073088619242,-0.6073547899403428,1.117727543028032,0.18455529610232366,-0.34253772327413157
-1.1820495567913123,-0.4999983167174543,1.278073105985299,0.15450894657093517,-0.36914312716394426
-1.1476704828962923,-0.22149977139517854,1.2802614174969729,0.32828497243281923,-0.3527644901816429
-1.1304379079141034,-0.062491134994913586,1.233369049864666,0.2796521103305236,-0.3520240904493238
-1.1175686072735478,0.04450222149482254,1.2459431405589996,0.1716921016060922,-0.34059009196608725
-1.108390374883938,0.12574817716946723,1.2166253555437234,0.07883898306481034,-0.31638767237745036
-1.1268238961300987,-0.02256833367294381,1.2957952506176582,-0.2658326400796678,-0.2980210871430898
-1.0589100625516443,0.5986171525498158,0.5355354638746536,-0.14994634129953027,-0.29293506456857543
-1.0247808710728161,0.912215505009069,0.0987662500560558,-0.15869520024285955,-0.2478743624576677
-1.0739345899534796,0.5012350898394998,0.2533780336625064,-0.44307983465690326,-0.23529583962715206
-1.1165432079480528,0.16049815523875346,0.2763746422036667,-0.7073588439052384,-0.20939344419662553
-1.1019412209996238,0.33455204131637567,-0.275994454963534,-0.7199082376202657,-0.17938066955206214
-1.08744189287083,0.46209624353672424,-0.5133778671885061,-0.49557947406777003,-0.14947032443031763
-1.0871874927549374,0.46419195465683527,-0.5952099926231026,-0.3510944669134202,-0.15252473326833937
-1.110184285524878,0.2564668952933552,-0.45496630802838856,-0.2916567077035972,-0.14540522377276785
-1.1331441757260163,0.04984542146583222,-0.2939438807229764,-0.2328924860160819,-0.17723854069978248
-1.1838907417403284,-0.3918080319361192,0.09598612599238555,-0.3332863998667421,-0.14806352062588887
-1.1483175029925317,-0.08283868953495652,-0.19212060769201653,-0.12331253755428465,-0.130334248310703
-1.1986352713071988,-0.5079920419906147,0.1660732267794244,-0.13370945740761017,-0.15446275378971328
-1.211463404317909,-0.6059448401742459,0.23625243713381644,-0.0512754974609225,-0.137626923196531
-1.1899448971063287,-0.40408850354870146,0.05269558634236818,0.05924697058613724,-0.15933035908367432
-1.2042570894947815,-0.520854439772442,0.1363779222875513,0.2030263728967404,-0.021649458977822677
-1.2223616580564565,-0.6558099996438236,0.2453158084350151,0.2513962081551084,-0.017932138861857207
-1.2412100292972303,-0.7952415134745162,0.348102767579486,0.34930739598195,-0.030358340250476876
-1.2090167492859651,-0.4853578952164679,0.06278517035180908,0.5429867769010581,-0.03357572579275965
-1.2312455630747299,-0.6450968288288755,0.2044421053487838,0.4903875353765693,-0.036107072812626526
-1.257483613692971,-0.8372083407587971,0.3727997507983225,0.4519049717567189,-0.06569679087348393
-1.2490861416814885,-0.7424257809325925,0.28463937945281303,0.5357895997632337,0.06933845332876167
-1.2575184726043442,-0.7802239642152189,0.32012298099683406,0.5025460072119727,0.11101184183264243
-1.2661963443416873,-0.8245543526154967,0.3654033638911625,0.4700163983672282,0.13609748350773593
-1.2633838900339576,-0.7628796997400163,0.31221740657640107,0.47279440281464574,0.15845760865749833
-1.2612522902178087,-0.7093185032337066,0.2607309181369081,0.5107502795513166,0.1772292551176944
-1.2687205215428432,-0.739129117913924,0.29778689913643125,0.4550668364623432,0.19691287226924886
-1.2762648082787074,-0.7620992207975326,0.32332946731127565,0.4329625957940424,0.20461108644372097
-1.2754712490729954,-0.7155661787705642,0.26302734405631817,0.5789901239808976,0.1805515615629638
-1.282592697573541,-0.7445638747749282,0.3008529544878806,0.5113296740695724,0.25698593727610297
-1.2881108504889194,-0.7561557793579632,0.3323940780690317,0.3855001048692834,0.28565765916343183
-1.298915243672793,-0.8091902298782084,0.3899127521634418,0.32759178519595433,0.28955168340019327
-1.296170974442857,-0.741580114871611,0.31868921415485,0.41953880733982224,0.23762985098264686
-1.307688866503933,-0.8096364313105238,0.38678182441492676,0.3900030421472534,0.283727875873903
-1.3181259685607518,-0.8579441843851906,0.441673749441505,0.31431871570064734,0.19661631225728626
-1.3096891593492785,-0.758677261801526,0.3486928315499173,0.37153355782076625,0.324069547610941
-1.3177189009593633,-0.792926927955611,0.385566152970612,0.34124610896723717,0.32278534668737446
-1.3114925705574936,-0.6881067729792534,0.29352281601538405,0.34633754990534277,0.3065492066756128
-1.329320419933413,-0.8103985458726093,0.4142929411850322,0.31737158357334655,0.33441592694801503
-1.327056071319441,-0.7656780508227161,0.42437678058385814,0.37078851200127544,0.3245195464415254
-1.3183659246382002,-0.6996366572051308,0.5912449987575149,0.4493409088795377,0.2659854622840365
-1.3104493972636497,-0.6504531338664903,0.8269368660894972,0.549954329474365,0.16802019180729183
-1.3006180700742318,-0.5841935887914715,1.0565446635154172,0.6238741275715312,0.06364546798894963
-1.2584603269023387,-0.2363506155867519,0.9853562633286189,0.8263958798962259,-0.0032752266893087798
-1.2660064023592639,-0.3417678181075439,1.3608744049919992,0.8545055176251113,-0.06518481978502844
-1.2529813857434318,-0.23801945378049083,1.389200499292187,0.742628833211694,-0.17028551170452685
-1.241457670279823,-0.14413579977172225,1.4045211208206392,0.4307328772198825,-0.22986444404347603
-1.2170180636165644,0.0537797959208467,1.2622513545375271,0.1139966167770833,-0.20195292190160377
-1.2131116964738682,0.0751622718507097,1.1977219082914832,-0.07425598121297092,-0.1806347936418756
-1.2069097471379049,0.12317489463950412,1.015903579082605,-0.16471169709305158,-0.2051337481768045
-1.2166172502922763,0.030818771706530662,0.9694589303492542,-0.4070874007616612,-0.15184992654351687
-1.2094272472901428,0.09879459102792046,0.6816236466676773,-0.48676425399826084,-0.15857658402889266
-1.2304215075551794,-0.07359241779621557,0.5637233098816602,-0.6518656170376586,-0.14033442392920786
-1.2458626725684545,-0.17109228339346938,0.21910279507318897,-0.8093120451629311,-0.11753014463958615
-1.225240195097841,-0.0069359195300412275,-0.05044634757809202,-0.5976754439787432,-0.08762092263888659
-1.2262844505022552,-0.0349998849254011,-0.09630876293446812,-0.51110438493451,-0.04653526521314923
-1.2449719258202543,-0.2101319146089137,0.015700099374882676,-0.4913144142328829,-0.04192163963072273
-1.290333314910396,-0.6175673459225866,0.3635815793730856,-0.5551408356179004,-0.07465921061620845
-1.2722686862397583,-0.4773469545544569,0.23863629223011865,-0.5029026617858656,-0.0906056459756853
-1.2833303265692428,-0.5831265036138494,0.3478755331677007,-0.675994161028383,-0.012337295271730553
-1.2874943844461049,-0.6253826192589718,0.3848535746135437,-0.69441195947425,-0.036197144214724176
-1.2929145888438562,-0.6743932138350558,0.43279749252223276,-0.7173263491046825,-0.029360195977708472
-1.288336683606631,-0.6293395151731473,0.374581241940845,-0.5892511430595598,-0.0428135180858938
-1.2991688213442996,-0.7156021552900366,0.4290139367237698,-0.44175676548900067,-0.05800138522390259
-1.303168450614626,-0.7524069966236419,0.4478062580907922,-0.3515744762939593,0.0960179995345611
-1.3026771613303125,-0.7248847051071775,0.42361607513645694,-0.35348908157753367,-0.04872175696947526
-1.3034221381379119,-0.718285649867817,0.4070955187743768,-0.2750638170276305,-0.06077328507481884
-1.2982618557458252,-0.6646788854677149,0.33396252115671615,-0.07968944127527773,0.047074104398215945
-1.3063633391074898,-0.7202675652723176,0.3827673652132852,-0.061888639478062536,0.05566468819986675
-1.297029869644422,-0.6116564996956162,0.29637218215192435,-0.11726025655203505,-0.0769516635442129
-1.287617352768585,-0.5114096601586312,0.2164740429398113,-0.10037921663699784,-0.08026685704134497
-1.3087797212546646,-0.6851811834955669,0.3709842032685171,-0.15701557596783722,0.042034857220595544
-1.3029191087209577,-0.605408758972471,0.30254052068840115,-0.11822909674682493,-0.07508944418919279
-1.2779943776955378,-0.375787509743534,0.09335999545461879,0.016274737166036,0.04903939509990561
-1.3055841684478953,-0.5973291916383007,0.29259421555946685,-0.08025579920307663,0.05117603152294241
-1.3244829538871996,-0.7408068529139177,0.3920794732593391,0.06960356444191419,0.035550660436528846
-1.3061110751179237,-0.5561894665097276,0.2195617497204233,0.20097852725441714,0.010508939816506939
-1.2896895858308361,-0.39896202636241207,0.11937131219016095,0.025892563836184237,0.05442657071473693
-1.32150330683411,-0.6430387537667308,0.333682589321289,-0.052952346833036706,0.05261152211311181
-1.3166803866081225,-0.5637329151696485,0.23554769163025208,0.15419839163890825,-0.11013186449268564
-1.3234974867841056,-0.615355588117642,0.289593788538975,0.11998502276142657,0.040456112401644755
-1.3313855175315894,-0.6623859210002053,0.3525195156930681,-0.04182216973830278,0.07553498602395917
-1.3162276960761476,-0.4972665683389228,0.1941997026558213,0.0952295470072553,-0.07543364176321873
-1.3113243602894296,-0.43506388387242223,0.15662024663496438,-0.03079352691886617,-0.06065908044426
-1.3238088642266366,-0.5305207731544629,0.23892321865520222,0.005836421760751393,0.055026433207030094
-1.337124404314284,-0.6162371978719021,0.32408217195263467,-0.10131982951796181,-0.023948385601679126
-1.31688319127234,-0.43245138899749125,0.1506294389666235,0.09086853093501288,0.05534917661455606
-1.3384298467084266,-0.6122017564148005,0.3915328351033535,-0.10246684099424459,0.06236137222034995
-1.345956123607819,-0.7103393092955922,0.7569356615703478,-0.3122906809209098,0.03155947547297035
-1.317282631039717,-0.48386137440543786,0.8495695929250917,-0.20486228268754436,-0.18492469266135433
-1.31734730944446,-0.5244877182487039,1.185508570038486,-0.15966535730616507,-0.29501578932728495
-1.3089977908885524,-0.48649242781960167,1.3869384321771165,-0.06312445140382254,-0.3821682753647499
-1.2796267785547724,-0.28607302385634936,1.519596400146813,-0.09150300822359982,-0.32173170021047237
-1.2640902725973315,-0.17188727611194154,1.5587017680577198,-0.4679243296765066,-0.2809932078736817
-1.2497511245664863,-0.05318449142636868,1.4758165321849182,-0.8442676481986151,-0.16614835874819017
-1.2414976672642937,0.0008138898836197389,1.4040775561082555,-1.0142484181705824,-0.13001496245698094
-1.2444195598646783,-0.04183419854179814,1.3911553663142693,-1.230300532855764,-0.06514049394809507
-1.248977829798826,-0.09230829646348715,1.321891677035,-1.4851096792932854,-0.03716314337191082
-1.2507954830012256,-0.1234205365316211,1.2504887922364725,-1.697526080058117,0.017806264773025934
-1.238616737967193,-0.017027092457265754,0.9513504550358186,-1.764514209046918,0.028346858171160772
-1.25329019635764,-0.1345648888597255,0.801504154103973,-1.9328376328648742,0.04380395713230093
-1.2677591295205979,-0.2304885078674991,0.46914950546471046,-2.085202799198121,0.08631373741513951
-1.2754467074028142,-0.3122243749970308,0.440331713303303,-2.0861861683506833,0.1186692879655433
-1.2931040889360594,-0.4932661635785333,0.5052657804213605,-1.8841939053424266,0.1978196561022111
-1.2786791300052782,-0.3835556639206379,0.3687577013202877,-1.8305009931026683,0.09838686935153118
-1.2825194833299416,-0.456408193898276,0.41353096320912097,-1.7559821058447282,0.22905465221902122
-1.2924857104086425,-0.556258531681018,0.49361120103050593,-1.7905652420997282,0.11544894541890163
-1.295227406472939,-0.6097084104463502,0.5156657031144908,-1.6417290905758308,0.23274435579961847
-1.302217945146384,-0.6875107036349034,0.5751943704632486,-1.6192836863540971,0.265090961999006
-1.2716348247666052,-0.4212870565135785,0.33981515233826415,-1.546331820224682,0.13799941524410944
-1.2629169083453717,-0.3569018195754177,0.2882624273838322,-1.5821633908310289,0.15465890346139471
-1.277208683480295,-0.49867608458502793,0.41069407174110634,-1.5741349880528985,0.2731738859039954
-1.2811506673250113,-0.523070788111498,0.42408509692803725,-1.572686877573459,0.15005948382732864
-1.2912196167924295,-0.6239686492074268,0.49778224234661367,-1.474520360921208,0.2767609324962307
-1.2808213168753977,-0.5318960291765229,0.40988436419218405,-1.391886741726477,0.2787194941567455
-1.2721247773218152,-0.44450814903139785,0.32690558845404083,-1.361346761833907,0.17708048439250013
-1.2874756945054318,-0.573746407516061,0.4418206112477451,-1.4074963504519165,0.16866322857376492
-1.2929684234376029,-0.6332995439577802,0.48163029882668357,-1.2778011571660246,0.26893016809759385
-1.2941534366255627,-0.6294128362050292,0.47720379815312375,-1.3065650713243278,0.1459672634614941
-1.2911530637366593,-0.5943050986899198,0.42999428875767925,-1.1980507484357408,0.13409911215785195
-1.2933552409348092,-0.6090438143476924,0.44293685276114786,-1.1872197955397255,0.1255782987079113
-1.2956616387301843,-0.6219062739378298,0.4396237820198441,-1.0792675835384413,0.11836268110267044
-1.3018894822811948,-0.68403270942193,0.48298889769085684,-0.9805281088254317,0.2676812641485439
-1.3079674323157222,-0.7272637913445766,0.5106764660915036,-0.9368576038465003,0.24792799310170532
-1.3109190736598189,-0.7358709330073955,0.5082637620302113,-0.8683765057623358,0.0938809069523982
-1.2221355780861267,0.04310366753453363,-0.17847875545249453,-0.6825170183983651,0.08519881039497322
-1.260415887433737,-0.2840274515500198,0.10604397948595762,-0.7256791948519502,0.08494987931205057
-1.2522518236715066,-0.2039557530972151,0.021242660369600406,-0.6023635872341293,0.08241790519282521
-1.267198344900572,-0.3276907919059621,0.131466845443973,-0.64907951996822,0.08049746974216168
-1.2689913703674238,-0.3411794344658905,0.14251829278346656,-0.6365315431009791,0.07461559089861135
-1.2369583474467654,-0.05837816761055282,-0.1102282681336059,-0.5408432554799579,0.09377754995562071
-1.2747738860253397,-0.3823833825284231,0.18156663389622615,-0.6776316009727364,0.10907182845558978
-1.2946445007822351,-0.5498351845498849,0.32905473613902725,-0.7090948940023869,0.060288571092702005
-1.2748004219775957,-0.37733333541771674,0.16885801370443476,-0.592292940187264,0.061058849392406786
-1.2589686894648855,-0.2393892353271208,0.04728663864034356,-0.5182848429308917,0.06489134697829793
-1.2495618848357914,-0.16514329574556502,0.04915001562782602,-0.4597987758320684,0.08359838569271087
-1.2623643591695886,-0.30894230406453066,0.3878481238315541,-0.5120206218854276,0.012925904312181083
-1.270648108967248,-0.43663023574084864,0.8226184946903163,-0.5562221080322369,-0.06524669246237765
-1.2565111630999506,-0.36546131502779033,1.047489761217039,-0.6376975641186152,-0.11366800458815407
-1.2363377140071836,-0.23160090538783304,1.1473608827379367,-0.7561459186605161,-0.10669117673169351
-1.1991644483479174,0.042192571505972096,1.134470499296582,-0.8592721985220475,-0.05114027754460114
-1.1952369818544852,0.052032986886772666,1.2053276323205342,-0.9838536462323434,-0.04323424210589526
-1.1951138541138935,0.026376221521190242,1.2569279541806668,-1.1354703522420586,-0.04581630058965271
-1.185335786519304,0.0895994391009365,1.150276364856104,-1.2386799034147757,-0.028083722160533103
-1.1707191101831333,0.1865216440410441,1.0350731214418913,-1.2017735842574708,-0.02651133734636337
-1.1424712731342697,0.42295329022319567,0.6646760291740378,-1.142837922421366,-0.033643202782601384
-1.1452617872536293,0.3792796778993264,0.5859168860067606,-1.2038926913319514,-0.006467638727157258
-1.1797413819361966,0.058851626155379866,0.7634468147901545,-1.4268519935650807,-0.0037439217632609955
-1.1923846913228366,-0.04418154411132663,0.5853646983456451,-1.5534597167566773,-0.016954019392060093
-1.2014773530700367,-0.10241483151097056,0.2717409127769133,-1.5794760199210727,0.01356878689210543
-1.2035532248491005,-0.13791275070662565,0.19846551355025063,-1.4953984419146675,0.045347038100500045
-1.2353287589964155,-0.4433466024482723,0.39556047498611663,-1.5017207456877717,0.13103220620545486
-1.2378884744041105,-0.4844739501364794,0.35812496175727054,-1.3570255442838148,0.0948816687130326
-1.243655629772571,-0.5633012065918501,0.4029427074275434,-1.243368167768027,0.15776999328659863
-1.243751420000335,-0.5714673415160042,0.38819780906710716,-1.1540496936309996,0.01885158565924481
-1.2351401705246066,-0.5165829932624345,0.33023038698464613,-1.0826896773376993,-0.02833661128951869
-1.2464428223130588,-0.6407619329319736,0.4259382096564584,-1.0396402664145186,0.0872298065651129
-1.2464796551260644,-0.6506807730670057,0.4090178616895316,-0.8802628203054196,0.06396886274703142
-1.241169542801704,-0.6020692644404071,0.3513606749301256,-0.7809646817429151,-0.04521184883818242
-1.229505807673411,-0.5144967193489319,0.25515840466675055,-0.5920747018636068,0.05111493631032999
-1.2294331060109138,-0.5142061033135618,0.24718600283736505,-0.5394023389320773,0.06113927210321345
-1.2377896402355297,-0.576485867603599,0.2954016081899186,-0.5279954845974628,-0.016736258895703134
-1.2431994739180277,-0.6228799505978776,0.30304551886579384,-0.2969459529570575,0.015524954303659877
-1.2501676508534298,-0.6758756726438819,0.33693193036618385,-0.21440048802432649,-0.00328561387868698
-1.2482214639969098,-0.6439692441153938,0.2930385288390755,-0.0845544796955188,-0.06186888731387535
-1.2220920985229833,-0.4012774270691276,0.04302730669049507,0.24761138016990317,-0.07244058096201861
-1.2174590745517497,-0.347581365532677,-0.025290374071137964,0.42299009470977306,-0.08294053064072182
-1.2282391398334576,-0.42209169329269247,0.042273108323654704,0.37940893900158223,-0.06566517193358451
-1.2215782371107993,-0.3413399337372531,-0.03593995752180868,0.4659196150976433,-0.05764762406090832
-1.229481699797344,-0.38773429420050715,-0.00864863235233474,0.544024165153103,-0.05931603451207945
-1.1610961406195786,0.23569912911484206,-0.5776496638216153,0.84433488212475,-0.06646592717061219
-1.1835420432729697,0.061745724862577685,-0.4121825619695212,0.7314785770267764,-0.049143169851782235
-1.2310359980488437,-0.33357022491159444,-0.05593170090816299,0.5993092851601197,-0.010182614292531027
-1.2264096118444194,-0.26907864013780397,-0.11982608772010149,0.6765948504386569,-0.023060180909738062
-1.2271344549841952,-0.2473582066217777,-0.1426547214739882,0.7197250285400055,-0.012409543160581805
-1.2123321412533457,-0.09516067558488685,-0.2808682504930442,0.7910996507059425,-0.01855934264477438
-1.2636121266033808,-0.5216477924424043,0.1130609414874665,0.5902235722987423,0.04915460717116205
-1.2569100521411516,-0.43723080738828135,0.03835726247385519,0.6167965092180399,0.06574433944524448
-1.2534532260286535,-0.37938704710391613,-0.007510635902599677,0.605114029932835,0.07632219580462284
-1.2580987939802943,-0.3942190336161754,0.008913672860754611,0.5836671393779347,0.10144150420902062
-1.285417319778536,-0.6072867947734322,0.21052278092654067,0.4582776978120273,0.1628907164145222
-1.278620739749329,-0.5206777834524746,0.13806600344882639,0.4668401425576018,0.17576093167260043
-1.289768221821909,-0.5907858537148813,0.21155087719627877,0.4163103988808461,0.2029874030247396
-1.2940935449275552,-0.6120090052575199,0.3026367182949846,0.40697055598491927,0.21013671208420726
-1.3044348875147103,-0.7038770765326847,0.5683961431234144,0.37585284777777617,0.1643975323199661
-1.3008417309325961,-0.6934742047044441,0.7910302783435315,0.39892969251842947,0.09516553211454912
-1.2867243479482682,-0.5543240186296714,0.7435210049440502,0.45588881523442454,0.044274598673708004
-1.2445288739089007,-0.20412618113290265,0.653763427446852,0.6888216429521786,-0.04247828776708871
-1.2010307429148455,0.12693582605098322,0.6878467108346469,0.8892546167679898,-0.11991658677649354
-1.2014707124004806,0.12904611598398355,0.6890176274714622,0.7552749269198907,-0.16015306631962026
-1.1831356364302212,0.22981048862273287,0.9205157441397408,0.7783128932642017,-0.19752590476647325
-1.1665602355310616,0.3573728268611947,0.8321240857989843,0.5782074873983841,-0.17929661011667006
-1.14420200877196,0.5513810267962429,0.5500969215793823,0.42111243313358926,-0.11714008148136022
-1.148552700775859,0.5027469786339694,0.490559629773767,0.29184705664054483,-0.09373531769072392
-1.1472900744079104,0.5130065366683088,0.28245611755283917,0.1479468732354612,-0.041230330353469784
-1.1345444615264872,0.6127590399302589,0.07492859108574748,0.12492428023617162,-0.027859030622979862
-1.1373307727797721,0.5938791014663276,-0.13803149827213002,0.07735996301815251,-0.014024418866757956
-1.1288931493818448,0.6834023662247246,-0.5239340913139072,0.07233239885761873,0.006744879501321915
-1.1269723604629724,0.6944249198547732,-0.7052327769982437,0.19227397913252034,0.01777807736606051
-1.1424558662926074,0.5505094463766541,-0.6990047103869523,0.23111577952412965,0.043645442183085484
-1.1874894343466318,0.13696134719196815,-0.3755230607587672,0.14076416219574792,0.023340475065611113
-1.1716506592579103,0.26191208952525313,-0.5082467574967023,0.28870974174628117,-0.020065941603362492
-1.2037401719679128,-0.028019294067386635,-0.26676376963072,0.298705482626022,-0.0155874820827753
-1.2242293540505929,-0.2078240870220785,-0.11911344091398669,0.3308709716217222,0.004150305254933788
-1.2456677580171518,-0.38918590604508874,0.029545262549353253,0.3668912321550481,0.02017574132773482
-1.2677479259479116,-0.5745125396363865,0.1848580925159848,0.3824566893083892,0.09592433926950907
-1.2734169577702463,-0.6102059293356854,0.2131234923076985,0.3991918854842156,0.11735143740962403
-1.2876067856911857,-0.7214510365676441,0.31223512614634563,0.3732772419848005,0.11078643645577689
-1.2834968883453792,-0.6683699127135471,0.2609528356179909,0.41156022185454944,0.1606970775604763
-1.2900118905987235,-0.7085138216395686,0.2884739614912708,0.44207628110435326,0.26232269792591695
-1.298149603879785,-0.770659454783898,0.34828158476954907,0.41517840701103237,0.24274108366589506
-1.2818997159562882,-0.6155091832461665,0.2155647224591173,0.47613463347339785,0.15019953931448862
-1.2807339022751947,-0.5874162575482621,0.18987792140504303,0.4820529018450182,0.13141190075617343
-1.284806883554216,-0.6096958012368563,0.20765495667000106,0.47707808314588795,0.15683423118639914
-1.2948620438969682,-0.6862906782828145,0.28938974987682453,0.35899889221657283,0.24762508475731335
-1.306714293423242,-0.7751315615136006,0.3640980786662,0.3390920488835343,0.31092099726608796
-1.3002175344784912,-0.7076717336859877,0.29904602984016737,0.39695524180440833,0.35623002339426796
-1.288239794026321,-0.5916215999067137,0.19641380128831734,0.45302387561243357,0.33357284430635925
-1.3130139044565055,-0.8040132927040412,0.38960474763119857,0.3416680469535972,0.35271140166024006
-1.2819575752096655,-0.5297662407319746,0.14533302497947326,0.45615307036127284,0.27675399651120847
-1.2607999391754763,-0.3457287649905545,-0.017936530523520774,0.5299390234882763,0.2426869420057515
-1.2761516255786696,-0.4792983770411768,0.1067952854098898,0.4435910627578807,0.23674877356361823
-1.317375620397652,-0.8485620224798318,0.4441965838728881,0.2459200726705881,0.31696862370527035
-1.3156657372367593,-0.8300758914182927,0.4270852047530725,0.24961529781488961,0.3207321189035636
-1.3168253328415556,-0.8317885871527808,0.4288725358687442,0.2518098633422441,0.3266402038126492
-1.3217197577531712,-0.8612686571751869,0.4628724345189546,0.20410025124948666,0.35030756738484736
-1.3127780880686124,-0.7587490576884377,0.36973312541289954,0.22663198138029556,0.34776374855569436
-1.2928545299491405,-0.5629548737763902,0.1991676359326803,0.30553119494242614,0.3541498160867226
-1.3013009544558252,-0.6091386153078482,0.24273563831163011,0.26912652522598496,0.35701584951175763
-1.2910407915924405,-0.49434756145830394,0.13861607102035156,0.3350172329238115,0.38978002710465415
-1.31362939511673,-0.6676888059896204,0.3051818731329057,0.25234990243077593,0.3621186698608454
-1.3296516285259443,-0.7858240040804744,0.4903486672637862,0.19342538696179926,0.36702525235840394
-1.3310137266543065,-0.8051749339004395,0.6754457383724186,0.23265512765604343,0.34568399980102205
-1.3174802449225163,-0.6929618676460773,0.7580027055336952,0.32705235001841737,0.2684165754725101
-1.2771405155616595,-0.3571122840212637,0.7028467512215746,0.5438562969279885,0.15689549605282777
-1.258559860607132,-0.22200560515771564,0.8541057030926646,0.6187870054885837,0.13922741509939374
-1.2274465814169404,0.0172349679694062,0.8897684648351524,0.6857772054081284,0.1470634660358436
-1.201685037028816,0.2366792896333691,0.7639683501827365,0.6886930448729576,0.11478487213597167
-1.189039382405644,0.330494938255039,0.7503288292520452,0.5973003458124787,0.10936303038067985
-1.1628182666846216,0.5422496841482773,0.5747347937507126,0.4966297042521374,0.09212674284880545
-1.1678297923612502,0.4789022241246365,0.634032431198566,0.3033394094282113,0.030410388813931585
-1.1760753745325476,0.40224381839607326,0.6031060473639698,0.05517617153008647,-0.041920930181175035
-1.1632631777548545,0.4998439550083616,0.4223424968265861,-0.02234980973126225,-0.034260220670294377
-1.1752309669304732,0.38679010803357305,0.38521132859879587,-0.1780385088580141,-0.01898141102205481
-1.1871747631778364,0.2875162938827212,0.25430969945691123,-0.3126266080847707,-0.006589018609886541
-1.1749954193504069,0.4302941136652682,-0.2773354856445958,-0.2690736597688769,0.016988651509208565
-1.2020915904799925,0.19013701413438316,-0.21932526113860906,-0.2818273671950184,0.028923648585379366
-1.2007521280998883,0.19530520704013407,-0.32501619732528114,-0.1407109204439411,0.03936777721099803
-1.233191347969269,-0.09407253672445678,-0.12835343266680072,-0.1507166774045631,0.04098932783067756
-1.2617171468283672,-0.34784819313444687,0.08409284704516683,-0.16278372717543177,0.03219373502210735
-1.2695153371666925,-0.41132093115982166,0.12625079415617999,-0.09316431497375889,0.03482370832954678
-1.2865700752751097,-0.5513981348480271,0.2291199963643887,0.022736923894802474,0.03251395310638993
-1.2905505847601557,-0.5743135042102333,0.24146718458620112,0.0835976756426523,0.058031315055311256
-1.3112113042291766,-0.7316770687576105,0.36937144785610365,0.11170572115919158,0.07021616633558626
-1.2801250510456053,-0.43448123988930965,0.0899810670908678,0.35046453060093496,0.01543526280555972
-1.2828408885678932,-0.42535156538671565,0.0723729086118654,0.4224544271247363,0.015888870048046934
-1.2892758844967798,-0.45132680425325916,0.08845821714820531,0.4738460475515996,0.059605185192513455
-1.3036910988084633,-0.551458825184714,0.17935365158185815,0.44022886967633273,0.07217076372163381
-1.3311394010639146,-0.7461762967116395,0.35672957641384007,0.34724084873454797,0.0997173223034856
-1.3298036275983756,-0.6930318134605077,0.3141140543413444,0.3633881955718489,0.12414265396117032
-1.3136932146046705,-0.512438757513971,0.1541182601185832,0.4525361339661413,0.1421682286484085
-1.323758326646879,-0.5596453275356716,0.20111457183223422,0.4214285270739454,0.16264270230526837
-1.314807700988452,-0.43954340188520874,0.10228496259039449,0.42776205774730847,0.16667544299818915
-1.3190363440919697,-0.4327923323415497,0.09899956770293254,0.42143049235297403,0.15998524403274442
-1.320567638901076,-0.4035002232964773,0.0721732682412259,0.4519111643892344,0.1694164004008553
-1.344391393906482,-0.5783819187780305,0.23616715774901195,0.3541100041338128,0.22210409626303787
-1.3496166033486747,-0.5931479434647113,0.2577256088509198,0.29456157944057954,0.25368863388914864
-1.3453351241219775,-0.526054515479241,0.2038617637195618,0.2879743238931977,0.26180664269872855
-1.3512214705129661,-0.5314027949089722,0.21405192392542574,0.27292390983950804,0.26985008305160446
-1.3789905303996866,-0.7324709175031793,0.39941626967910016,0.15094254914342112,0.3048365113886934
-1.3795259382018785,-0.6844459596517067,0.3580404650750164,0.20105848100023593,0.30166902546757285
-1.386404418502468,-0.6966570136631652,0.3714016865221844,0.1821076180189096,0.3165918440753347
-1.37140650213621,-0.5316183834527756,0.22694371619554357,0.26184753687035756,0.306572877408939
-1.3834438626712007,-0.6006217743531228,0.2955380471348034,0.21789940694961446,0.31527927808383027
-1.396097682549381,-0.6727301968936075,0.35938895006353055,0.1927737136220549,0.3246492277240498
-1.3830087316136612,-0.5242977130130568,0.22756291520486369,0.28112587946251577,0.3218385466742126
-1.400311343252655,-0.6420645455381792,0.33691126787027714,0.2099047331982222,0.3292888936163257
-1.4061091489204705,-0.6575301039283115,0.35457294672308587,0.1478236270814317,0.35701223255632053
-1.3897612753415178,-0.4946976855975861,0.23311609135280245,0.23768959828255917,0.3526314086217751
-1.3823904904940474,-0.42850825120783675,0.2367173532513401,0.32105639289747817,0.3363812773318519
-1.3996146630223616,-0.5698870042092676,0.4800029625461725,0.2644111658201373,0.2863105555804839
-1.3991588852011647,-0.5836947951643094,0.6679825300093648,0.31878504526313534,0.22377058403230898
-1.3852264716393228,-0.5092605483200823,0.9054171874224691,0.437846823287164,0.1623382443629809
-1.357412391804765,-0.30565292961467455,0.9445792092205321,0.5918750225106487,0.09863418657619617
-1.3243518317552376,-0.031746040283188025,0.7751175598320829,0.7280303862456335,0.06448989602705696
-1.3047705397238623,0.10041082589119738,0.8073350212760773,0.7845448629804183,-0.01331032821556748
-1.272423169908779,0.3496215101323876,0.6197574937567518,0.8345990906865266,-0.08073372686516599
-1.2275823746570136,0.7006475192971087,0.3572510858978075,0.9386880123426878,-0.11219387794762775
-1.2381407422348842,0.5711125955924681,0.48072256575840844,0.7929397510621278,-0.12548244690746294
-1.2400529015985933,0.535218338756497,0.3903068435972289,0.5938480575911435,-0.13563792413983322
-1.2419005642938024,0.47429143105699784,0.45000245397304073,0.4134061715274641,-0.13313795654242322
-1.2353446384993532,0.5312492721079075,0.14163131138321508,0.28472970177611406,-0.10527309812564854
-1.243661787320269,0.45543490460723135,-0.05814196891625323,0.2193882653225593,-0.09001000750160122
-1.2893340705172842,0.044693022510908044,0.11480715355248568,0.0035316411297203597,-0.02915046768072099
-1.2827392267386257,0.09209798087133289,-0.08770526684184284,0.06638067483554914,-0.03912170205976411
-1.3119996234205653,-0.17658350644854334,0.013324408878619812,0.03752369859371795,-0.0092263214584928
-1.3138067819890369,-0.20773165624603962,-0.029875787356894973,0.09734924260861913,-0.013690060579963312
-1.3416026935139695,-0.46822555941667793,0.18837439490719926,0.07259114963353501,-0.010424379842655835
-1.3417553136802007,-0.47715940143613844,0.18574441817768825,0.15946260010725838,0.015839916520549002
-1.3541532083354226,-0.5906087225362373,0.27567026969121955,0.188863917082187,0.06877942707233657
-1.34882360473986,-0.5415832732509153,0.22030538724455678,0.2879062359085305,0.09043338620447817
-1.3625433632206891,-0.6431596950855957,0.3123147839958676,0.21607593506987718,-0.014939458524744601
-1.378618712307252,-0.7857125317421195,0.4343816668428621,0.22268053940510174,0.1602275343904404
-1.3771860617774296,-0.7583252016623567,0.41085674875854805,0.21780799597869474,0.010866017117512906
-1.3840471431108508,-0.8198517903197344,0.4681083124236058,0.2064882898435365,0.1487282286735359
-1.3726265682727365,-0.7007256476790881,0.357368886076706,0.24581418571050653,0.031414261981489305
-1.3552145193634502,-0.5462378361065525,0.21507594600517027,0.34816491832980917,0.16445934600214604
-1.3689429267613982,-0.6585643414304831,0.3210309509963828,0.2654195980885063,0.21141315641389186
-1.3769620870325954,-0.710662623784562,0.3657943852238102,0.23600691280858827,0.10168692642841602
-1.3617517291329937,-0.5854886441281988,0.25570116781873753,0.30007186146395215,0.23871830324305682
-1.339290107141927,-0.38854335875059953,0.07770500888217456,0.3789376380393839,0.2152988271096876
-1.3471910808077974,-0.4554908705892467,0.1388754701849765,0.33111382661791866,0.23675245490827246
-1.342710990024934,-0.4177287246758763,0.10869668269282728,0.3248793582849062,0.23911640442346033
-1.3754516735641427,-0.6994003075225651,0.36521144368974234,0.17248231036026299,0.12458190260123468
-1.3722001995977302,-0.6764773997980529,0.3360720617248054,0.22173649279562171,0.14104080385811738
-1.3760010335118424,-0.7316606214218576,0.3848128162964878,0.22599587512960834,0.25092456632636995
-1.3794580135938883,-0.7760523589006416,0.4269825424887085,0.19939254697421607,0.24059282041171967
-1.3598054193807547,-0.6069747603981736,0.2839480436696985,0.17795983411472602,0.1514444278187856
-1.3696683801643703,-0.7125849988271776,0.3731550722248523,0.16537111922585188,0.2694526399291818
-1.3708561024130292,-0.7315579013647635,0.3978538222520358,0.09777129404546493,0.1405015003044056
-1.3527623848885324,-0.5900926001504305,0.26956786739347904,0.1672443448678727,0.11281252125867731
-1.3286489197833764,-0.39562242732526,0.08880031434585602,0.2827799815974515,0.11305474742550274
-1.2969937345959113,-0.14038975145391355,-0.1439101198190601,0.39424286436174955,0.10411788371574174
-1.245592212361182,0.2921324742901445,-0.5323467851286071,0.5548578115787086,0.09952703333408458
-1.2524472173595258,0.21339496765412222,-0.46237064851960796,0.5247830990996517,0.10783556379802255
-1.2365122159898378,0.33953372706763074,-0.5780739342321776,0.5742682503800837,0.11356904898253271
-1.2505938180265506,0.1959793034398285,-0.4362622710164188,0.5026062406939418,0.04563556358498889
-1.2791963602647156,-0.08097756524178043,-0.11211835929617331,0.37356184123398023,-0.02372434416659382
-1.30766959950587,-0.36866735622175684,0.2843485671201996,0.2675803919870715,-0.07993166671992463
-1.2867491947464782,-0.22804216495530716,0.3105956379643715,0.31231483128935833,-0.14868368371437157
-1.2543793514466488,0.003018260574246621,0.3262817743334377,0.3282101193093479,-0.19592392500701233
-1.2396706875919075,0.11794865386129737,0.23332761974231708,0.14489015609870798,-0.16038059487617248
-1.2497757710786017,-0.10197422471630659,1.1247041034918857,-0.038657871724737114,-0.17180771236108158
-1.2248737558084364,0.08124341647606736,1.0677247635840912,-0.1034124018505578,-0.1843475073742355
-1.2118538919302895,0.1463807760397149,1.112586280275643,-0.10259974155982755,-0.07109985135143435
-1.2106344807592508,0.13611634916255655,1.0931432443601388,-0.12625285938177697,-0.08949055198538675
-1.1725110674295973,0.45426747266727374,0.7875103313354666,-0.022155868055858452,-0.2273590745079274
-1.1604159869330384,0.5496589390871242,0.585033189198238,-0.09037289843791829,-0.22971326197073458
-1.1611713820681508,0.5251906185800275,0.5529670434728932,-0.2765927607759149,-0.16817279686755732
-1.1227909294773517,0.8608529531316539,0.05942053570815669,-0.24466164858184394,-0.14338911079126695
-1.1107517072419473,0.9744799485606718,-0.2811224138682161,-0.22592328516269625,-0.1484242153544866
-1.158269384603001,0.597624234849065,-0.35878490885496966,-0.49923270575922823,-0.09287972574655494
-1.1134025016346012,0.9878363324374987,-0.8751426924112318,-0.25853304284743744,-0.04898936527178161
-1.1781773408561562,0.4080123894154871,-0.4494238194097708,-0.38838926237728544,-0.02892665305731358
-1.1283060558551719,0.8361351493343916,-0.9051684501106653,-0.12086080660428555,-0.0522254949808672
-1.158966028241585,0.5589899908894427,-0.6777092095494054,-0.14471018236587432,-0.07125081593042379
-1.2068224861309365,0.1371662419174827,-0.30924659511914926,-0.25427145664358225,-0.07041685158616115
-1.1752202906102347,0.4130805651086775,-0.5746494818898136,-0.03594948270207191,-0.08167241018381785
-1.1487117161305604,0.6546410085849792,-0.8078328366670623,0.15424525675918235,-0.11370822060819062
-1.1215795838591236,0.9055499678173018,-1.047810060153617,0.32987563896327027,-0.1316782975221381
-1.1895354487369107,0.3285284893067996,-0.5275110657220196,0.11724571045594054,-0.12979626089623142
-1.118248087920395,0.9687019545482192,-1.1089911679047935,0.39811995699629943,-0.13869243114631202
-1.1889036777112005,0.36959266943238794,-0.5721147629227409,0.19978431708897665,-0.12334210818503531
-1.1112777933022824,1.0713318183287666,-1.2076084805161702,0.5424162444173555,-0.1206216869902373
-1.155582861786058,0.7123644974055702,-0.8788146077643201,0.38033371867434207,-0.10135610830668165
-1.2723152389091694,-0.2760518809827878,-0.009645851622937364,0.13081956990754395,-0.0985366307683153
-1.2966552249508372,-0.45927918796180833,0.14430813603868772,0.16487424472427395,-0.10170093487276702
-1.3008345103204182,-0.4617388308284981,0.14458070424074224,0.16418677708389542,-0.09295480289854072
-1.3338727332124152,-0.7285196910050944,0.37816612465134514,0.14005845702616568,0.03541832058304629
-1.3124061487900351,-0.4964286688086169,0.1695981035876596,0.23969309257012356,-0.0971574840649373
-1.2832339256319563,-0.20367692800926074,-0.0856084479208873,0.3351983201473599,-0.08936901801931323
-1.3129851574963087,-0.43036701862077487,0.1320085196485488,0.15896002796986916,-0.0740396884522545
-1.3348767712757468,-0.5935304958690102,0.26913808092727143,0.19239435564923205,0.06823635454981196
-1.3420984988736127,-0.607762318003534,0.2821994134743986,0.19353806109383392,-0.061000258986543224
-1.347420698167481,-0.6161497898051251,0.2895592513710189,0.22819354510357132,-0.05056636087465034
-1.3479984463543293,-0.5826247160559496,0.2541628847274699,0.24895057624570652,-0.011232417221370528
-1.3643012309693257,-0.7001792836991656,0.3615140550000053,0.21322561783107694,0.12688180484344433
-1.3261313317316823,-0.3348539271047998,0.022254450815924524,0.48389313073575346,0.05868403609990952
-1.3201156507727179,-0.23305081186849944,-0.0861588293459114,0.6327174024387593,0.06886138173749265
-1.374621228254277,-0.6731960725512796,0.310578118734787,0.4635086505020035,0.1267823218253415
-1.389224408299627,-0.7486507056852991,0.38534702862323855,0.40884623385094276,0.19294375539085806
-1.3721042526270717,-0.5532489063191495,0.2181197250931289,0.461247873426361,0.18746736272427675
-1.393017516048199,-0.6978595850784496,0.36595455083514355,0.2971486977759207,0.23672665962625444
-1.395609182780799,-0.6749248882038731,0.3483995446896546,0.2812458004375335,0.2639349838598132
-1.3996775324503368,-0.6725630296648748,0.350269812151949,0.3399504977222346,0.25773498934620687
-1.4108124771362127,-0.746364758364148,0.5026934529817739,0.29408902924333974,0.24192996922675414
-1.3770137112237621,-0.45547872260500694,0.5018104742674054,0.4710564211363724,0.12055063250153945
-1.3438082922605445,-0.18314477658430248,0.5463383989351652,0.7344459112670946,0.024060041729296735
-1.3230995100551763,-0.036353484602359064,0.732447206082722,0.8130603931178143,-0.042527716802783916
-1.3322728964595245,-0.13842647625273613,1.0877261919578514,0.7123043745747925,-0.12188189903772341
-1.3094638794957056,0.02377204838282643,1.2429061123653808,0.7336645501889238,-0.16422109956739256
-1.277481921398231,0.2951851242935409,1.0813654270345285,0.7129110797969924,-0.24115839548526408
-1.273017012193726,0.315232074405035,1.1400459090645196,0.4280000212482804,-0.1778419858823957
-1.268846314632144,0.3368084253628409,1.0974722009610876,0.13900347270279112,-0.12186536040843146
-1.243834974586624,0.5317836413828418,0.8920958456097231,0.044819434715779885,-0.07767250930562036
-1.2298144133924596,0.6450164671734532,0.6494479294707621,-0.09475275320952312,-0.09030444584757956
-1.2308662347851342,0.6115335528394369,0.5933109261679687,-0.2428070358776444,-0.030178072494155585
-1.24980310959501,0.43773177876258257,0.5559591582770955,-0.49982322595003487,0.0039264599973439715
-1.229914209101571,0.6068070638625743,0.1450101726298367,-0.4896450832797865,0.017297891273977416
-1.2576830530484575,0.3954256141230732,-0.11422167964118599,-0.6987566321895753,0.05767976462962574
-1.2726895934306164,0.2486407006899521,-0.1512399734963453,-0.7069090747341243,0.053283498140400544
-1.2805425622895896,0.15762527166240956,-0.1620192314182297,-0.6648220016021051,0.060282455982960725
-1.2945872204887223,0.018232817915930583,-0.08066251786459698,-0.7933827669640299,0.03488237148435174
-1.3021734790118995,-0.05888551776294802,-0.034500854207699015,-0.7259721579687509,0.02202565924550797
-1.2986020871676958,-0.040687948942896554,-0.09243047491811181,-0.4056448499301869,0.00506170507518371
-1.278887135514173,0.1368371643345077,-0.3039907585325758,0.0014539431102223188,-0.02223737436717226
-1.280619432786673,0.1322095411914325,-0.33716264128410056,0.2511561921533828,-0.026827187068344277
-1.3580797922849779,-0.541780645205984,0.269227743116098,-0.01654098713305202,0.030881707100803027
-1.334343034826976,-0.3106691474423133,0.02653827294271565,0.33907627433372756,-0.015604101955019854
-1.3790558460201123,-0.6793978104897459,0.3371774109199774,0.35795138216235806,0.026452375202571963
-1.388843333538109,-0.7463549276484859,0.39725400085580465,0.33394002149334734,0.03833418787403363
-1.389381054076622,-0.7077803782074205,0.36638424848727397,0.3376962845637406,0.05412668149721429
-1.3782756352977164,-0.5853999412196986,0.2502864027546326,0.4609242343846394,0.05654840972001157
-1.3909911193420992,-0.6625151519112541,0.3255717474535716,0.3879711986018889,0.06480276226019203
-1.398970461941241,-0.6981136850356597,0.35765285086222454,0.37518965796294096,0.11120879684418673
-1.393098436668881,-0.6166279260896339,0.2851949355202,0.4190518437298643,0.124504140934111
-1.4076317848032345,-0.7100593384459287,0.3718431679327713,0.3669044081204519,0.15803597131703997
-1.4135638737816831,-0.7283559827824323,0.3932037682596531,0.3482468083062524,0.18433702653984818
-1.4195197975510907,-0.7489784601801331,0.41950411331207116,0.3068322320238004,0.22211844587400756
-1.4262341673778547,-0.775636605460958,0.45650494357790333,0.2264866158232717,0.24819929184233505
-1.4293060430270712,-0.7565543146564998,0.441442950411474,0.22011407515794604,0.13924658060794115
-1.4301686122309922,-0.7396394866137425,0.42417235272238674,0.25777181930510906,0.27137248219508053
-1.4305807271677484,-0.706856071111588,0.39231490333327346,0.29269380737748685,0.27265909512172987
-1.4309364257020116,-0.6766936738707897,0.36599627414796954,0.30419241670837466,0.2815185524937915
-1.4365621284657641,-0.6938022491696629,0.3876585011035416,0.2742038156125015,0.2857701660408366
-1.4397494785122278,-0.6877797104620759,0.39349913532745545,0.21566196598949783,0.319832655794566
-1.4467106965714616,-0.7112285677369089,0.4244781207688662,0.14317038893630155,0.19241605722086952
-1.451435847749476,-0.7226926356974944,0.434426925333626,0.16215880756258377,0.22622946278531814
-1.4494096147648459,-0.6784056097864704,0.39433605561571067,0.19196191024061018,0.3421601971350447
-1.452212869019591,-0.6697579636597747,0.3892699432464036,0.18809326601748133,0.33679914519603205
-1.4643723468907888,-0.7384328456693485,0.4646197977898794,0.10035302772679208,0.24737291088861604
-1.4705463763794837,-0.7822636328082261,0.5045158085077057,0.11390390248963514,0.36887942160890486
-1.4648452472653315,-0.6937108834117869,0.4397303346195677,0.1267576243386533,0.373275583418287
-1.462070916515647,-0.6490485135936552,0.47326884008528547,0.15611547396647152,0.32688515964627124
-1.455559828556368,-0.6059025087169064,0.6558853513230819,0.23810962619461098,0.28029037715289584
-1.437482141349637,-0.476260467936201,0.8214611220460745,0.39816587974720585,0.15735734826103528
-1.3875496968558902,-0.06867231906074257,0.7452576137238193,0.6369764257110965,0.0750177275648081
-1.3873821505474926,-0.09287750195519073,1.0058892661678431,0.633046642842492,-0.004413924014591236
-1.3678568803694917,0.033568675182451706,1.1962852932062453,0.6231526239199113,-0.05883680991682907
-1.362990793797719,0.05672854285863316,1.2666068841137899,0.5194935591266556,-0.1137665300525108
-1.3205612554140613,0.3981760726254467,1.024922982071888,0.58165156175759,-0.11139484800859219
-1.301845842977014,0.5424933064623537,0.8541828548964049,0.39623551402148177,-0.09699587433444257
-1.3023034881627649,0.5046125406982359,0.8803828047216136,0.19498767047907534,-0.05499057394439585
-1.2878840588722276,0.6114170907828019,0.664028687613054,0.0798626372528986,-0.07385812833914804
-1.2997415294442698,0.4721317973896463,0.7252828464654298,-0.15833718630084315,-0.019447587720156406
-1.3104510414744603,0.36400071058902567,0.6355158012150892,-0.36319827886257183,-0.01264745312021221
-1.2966014783101814,0.47561522846492976,0.3071936313808764,-0.4734677384051645,0.016070470414956992
-1.2781190799917839,0.6684409098113574,-0.3264169583099454,-0.4621841461475513,0.023184570906490738
-1.2467885816060806,0.9240587849414611,-0.7500034441841879,-0.19328707635348388,0.04116282711100902
-1.2635073798482004,0.752244428874564,-0.7088985694908594,-0.11346080183583666,0.04996702641911747
-1.3014425770938807,0.40052732768823934,-0.46121214261647636,-0.16707630890231195,0.02708259959269051
-1.3682561089451701,-0.2026923410040709,0.05601445034091758,-0.28717273373353785,0.03942701750072064
-1.3724881678753533,-0.2512302800409059,0.07512880247000292,-0.17058360074252807,0.012155945111134917
-1.39807555246131,-0.48147889221813883,0.26562025986841303,-0.13864182911057443,0.05209793700084289
-1.3917188106707896,-0.42523185192137625,0.20236591119556982,-0.022918752894893594,0.033454038170672364
-1.391223778385393,-0.4132651813485705,0.17605603818913582,0.12420228640761724,0.050166699607454034
-1.394771376031888,-0.4247078610836492,0.16116725009907967,0.28354946721216473,0.04501915317616173
-1.4053935697971458,-0.49946231213671627,0.21777372775236986,0.3325928447927122,0.0473126389602474
-1.4210690370473227,-0.6197807522092148,0.32334777251851987,0.3180138404918437,0.0777180870034406
-1.4243488606598482,-0.6239477060631887,0.32483404688065537,0.3409159235333703,0.12068839909592502
-1.4314506602488315,-0.6611809185585023,0.35816020993217507,0.34794412292949867,0.11606040527090095
-1.4244649672943492,-0.5739493525387906,0.2788932825823149,0.3946016989565151,0.11520828987983567
-1.4269929799493197,-0.56622164450822,0.2751108540832085,0.3913636883270565,0.16268964796328658
-1.4186925818463367,-0.46400273068348685,0.18381546550642877,0.4468604300703323,0.1480689706860844
-1.430046753739105,-0.5295862067424744,0.24688017461407646,0.39301858014187285,0.18858168163198202
-1.4254793417375178,-0.45894494198003355,0.18445602998768684,0.42164946142289056,0.21048708936323018
-1.437258169179536,-0.5281784322675516,0.2478748701588743,0.399320437935544,0.23174346926140002
-1.4427035722261388,-0.5446267251142397,0.2626816399748614,0.3980990341985875,0.23057037644141223
-1.447374276171648,-0.5564201201753275,0.2787705366644912,0.36649181988561386,0.2604620093232987
-1.4648163684310882,-0.678353588167987,0.39647247979142475,0.2798119215217731,0.3001288027111872
-1.469667938125138,-0.6906189795572553,0.41608964622722355,0.21220083016859212,0.3275823558959183
-1.4701393300189929,-0.6692444254527093,0.40035908678974413,0.20824515822587944,0.32799055580394204
-1.4758928205708408,-0.6905457742646796,0.41893896780057127,0.21716509172307788,0.319322434364869
-1.472458290004304,-0.6314242661969485,0.36554485618237714,0.2562273965311076,0.3043155893717451
-1.4618360901626493,-0.5198526657922913,0.26383246478546163,0.3456474626619666,0.33110980720971667
-1.4783393612223166,-0.6419311700991016,0.37897167771158863,0.2611783318961304,0.33141459226001113
-1.485801342504217,-0.6847233599713196,0.4139652341423798,0.2588854514450488,0.32534738318697565
-1.4926745895601536,-0.7266812644587819,0.45647067905623406,0.23155535123384913,0.32710273336600393
-1.4927905945742768,-0.7136583094095031,0.44408373829118797,0.2409001523559639,0.31123045149636513
-1.4902825613097568,-0.6690083585756733,0.40649643009879216,0.2404049275445276,0.30834953257633224
-1.4861475024590893,-0.6240784520179459,0.38003569914284885,0.2774548959565602,0.34284360709271877
-1.492832426906572,-0.6814937394800602,0.5164008207533125,0.23411034476631123,0.33089994629007263
-1.4857542987066201,-0.6459412501747192,0.6919425431512766,0.26979211598472325,0.286858068037233
-1.4525960067866892,-0.3918532859410409,0.7283042275103705,0.44930495295360845,0.1928663026222043
-1.4233419708871748,-0.17752688251732313,0.8096314450447278,0.5978735882558032,0.1362190660756278
-1.3981584324394833,0.0013295324410119937,0.8692445312586939,0.6857893443358579,0.0579072520028376
-1.3466492054656614,0.3946194852178743,0.7646397893430134,0.8193562059791335,-0.02074051146999788
-1.3332967899826258,0.4792125033120407,0.7745169475996058,0.7970847042051613,-0.09066453585986294
-1.296615094208637,0.7582689249671803,0.5955993966500105,0.8096138922006059,-0.07929411388067971
-1.2991964340023077,0.7058819437112015,0.6248233706635359,0.5049852168888157,-0.0779388486173242
-1.2848126337859889,0.7870635163620187,0.56931390829439,0.3495822365503451,-0.020826727175653946
-1.2934346776268681,0.6846415094915161,0.5439181062782557,0.14682027101779738,0.007783185298094512
-1.2711971526149566,0.8421698642422384,0.3237420370285616,0.08237587383078411,0.0330275830736364
-1.2925235356443017,0.6330760288825028,0.3443069099905686,-0.17456348752177211,0.049602239715153804
-1.254349081374241,0.9506450629954172,-0.15686981656800314,-0.12853222439608097,0.054002728289932515
-1.279605738841867,0.7440034319674876,-0.38891585310136,-0.285956814554425,0.06755267671478764
-1.3216970612368717,0.35415211252835604,-0.21695546855385384,-0.3758478684796717,0.06672464041749947
-1.3141785226311609,0.3920622824410851,-0.3783160063474468,-0.18532449872037063,0.06853071879877867
-1.3290794753308883,0.2348344537816385,-0.3210287209012535,-0.10870035308825349,0.03933990254620229
-1.2645223857906076,0.7738754860739379,-0.8370103566947633,0.22218727813174713,0.016148874220187837
-1.3099965672675304,0.3529616421939039,-0.4809385648310843,0.17663283360792506,0.019819226601591987
-1.2840250309304269,0.562166552559747,-0.6853462092778108,0.3533060179085718,-0.003741642958112468
-1.2835631594095411,0.5556293064379781,-0.6820251742058713,0.3773075484469681,0.01053309773204334
-1.367226169108513,-0.17603473452048463,-0.030844041564228958,0.11404498010379792,0.017876143949430715
-1.379672398634534,-0.28449654448257494,0.046618472402008955,0.22388961016784623,-0.0008933986896820213
-1.3495597594615356,-0.015573526574416519,-0.20937692967949093,0.4239960618640721,-0.018355857576240666
-1.3633159545974296,-0.12647854466460584,-0.1246330640876417,0.48408433034067777,-0.01630844609398648
-1.4046731592127109,-0.48114822458868345,0.1947485633939848,0.3798716547139633,0.026056927826010375
-1.4046879144716995,-0.4718050340309399,0.18471695664487633,0.42137901024875174,0.047303068152651305
-1.4116536381475562,-0.514973098536459,0.22582095087129114,0.39572988201390547,0.07217957883271438
-1.4187494439734045,-0.5622331193169205,0.2714831250710647,0.3585570417172302,0.09270999060731688
-1.4474230244244646,-0.7912771835939624,0.47748055944473244,0.2853309276740963,0.1062215996081337
-1.4373792521083408,-0.6700052410657482,0.36535386186734914,0.3228900691502396,-0.030377468813625654
-1.4398209609311041,-0.6784372675826165,0.37894656435053553,0.2913379019704283,0.15166522539579222
-1.4319213893767513,-0.5848172916235672,0.2918964821385517,0.3345963042594689,0.14134860989481737
-1.4090794108177276,-0.3671298905065443,0.10112832483795374,0.44469066919200145,0.12770003932246182
-1.4420931894171714,-0.6166512712957931,0.3293916207605109,0.2929003229965466,0.00228401256006008
-1.4213249611037526,-0.41963789537214446,0.15275604223655997,0.41039912434331743,0.1385538781452545
-1.4465061364135003,-0.6156881250864863,0.3200288027905748,0.39762070674932876,0.15211410542084364
-1.4326763955639383,-0.4667984449147607,0.18571237186786352,0.47593919338559415,0.142206111767425
-1.4456617659896414,-0.5564956214884301,0.27300672651552577,0.39661687053921657,0.17706319713254212
-1.4622882954610164,-0.6783951644034724,0.38885908569704186,0.3071608183648928,0.22134939427421832
-1.4508568866077374,-0.5508759679666884,0.27238041039676975,0.3522000907042991,0.21774425949334977
-1.470230493228993,-0.6983033993688077,0.41099084075271813,0.2813018405233158,0.22584444014583885
-1.471793882232539,-0.6865003602396991,0.4001991104749624,0.2911759381156491,0.23269929582944562
-1.4706628298385052,-0.6412753126985713,0.35748435669149436,0.3115891467967002,0.08544304694252935
-1.4805862444530342,-0.7163016386140556,0.4305121302079835,0.2750546586575206,0.08166920996090017
-1.4825596646971453,-0.7167113481155386,0.4354512127484437,0.270897991448681,0.23742660744458707
-1.467018952843694,-0.5705901202358079,0.32031820092166957,0.32952584736427426,0.19446896072600284
-1.4701460130049335,-0.5944075829904901,0.42663091456598295,0.3071208640808778,0.19256966064896328
-1.4689162901608606,-0.6063092233534177,0.6792860077785005,0.3046102229591822,-0.003272263140348881
-1.4658735667597618,-0.6304279706497647,0.9936294720084023,0.31329910273144373,-0.07393866202556083
-1.4198946769730247,-0.27008327275613475,0.9272943424794492,0.5357353668900444,-0.08517815784873431
-1.4130343099666651,-0.24947494533061104,1.1378607568022574,0.3907512157549265,-0.11983574256580225
-1.3691726590083069,0.08553390828002981,1.0830229784722385,0.4078063201991193,-0.10256542450645037
-1.3646602939647159,0.09462418922428026,1.1366008542639476,0.20776880801777156,-0.13323236398678528
-1.3241237063324465,0.4290049952848483,0.7686372068600108,0.3327088986770337,-0.13858458995416814
-1.3103621353442398,0.5518667270499168,0.4131174393981478,0.2815172666486407,-0.11396310114647164
-1.2984845402463125,0.629721081550916,0.21954233003977228,0.38494344187654245,-0.06083415707928174
-1.3000648379748478,0.5903947922909547,0.09397553528300888,0.31321351843058715,0.020425768517917067
-1.3127083003630375,0.44331512650220767,0.12892646633282273,0.16290069363121837,0.06469586105220299
-1.3233745022370749,0.29919408344026155,0.22365062170987435,0.04647083316763685,0.07083874517103197
-1.3515871117694485,0.003980933277554358,0.42485515802332335,-0.11689559365826607,0.04496631151392892
-1.3106081806166197,0.3350480728987041,-0.0722384196519082,0.0008098836300341866,0.04429280634331616
-1.338993169674675,0.04438709714266219,0.061434438157741814,-0.06758447677987349,0.10780330462988948
-1.3398363476508828,0.005775054073012923,-0.07077216940391172,-0.09566802362632117,0.07513212397021155
-1.3681709689191952,-0.291575712941347,0.11658942790719112,-0.17466023110365522,0.21620845710655007
-1.3681741411889334,-0.34750871504935854,0.15886727507401724,-0.2007499623973214,0.16443378744493134
-1.400462623320765,-0.6789115215758171,0.4414795339134994,-0.29256803920726016,0.25040153172022
-1.3907812056838498,-0.6427762670452537,0.4029736695405736,-0.2619749289775818,0.24561854077923412
-1.3544865414189058,-0.37545750833709557,0.15529661966460898,-0.11460289641228388,0.2135981644355048
-1.3805027662608944,-0.643383135545162,0.4021617442904057,-0.26316573503712837,0.061408493608905095
-1.3613838242696992,-0.520477967861294,0.2710250369150256,-0.1307324691472493,0.11602999244414709
-1.359497382396049,-0.5474062430486768,0.2752647502835927,-0.030138488480431505,0.17733078635725985
-1.363744886256485,-0.613168331979017,0.32804094072419826,-0.06526200096099627,0.0727815384745682
-1.3436639034606976,-0.4766571841941979,0.21112955655714366,-0.05348272210424388,-0.0015214808812452144
-1.3216484964007302,-0.31819896848259877,0.06647900668717201,0.003680244827032671,-0.059296795397246416
-1.2778604193249388,0.030875295970835413,-0.25714022154106947,0.18627504395325012,-0.11930323318563846
-1.2766575186834572,0.005448169270948443,-0.24198443293609465,0.19575546142180575,-0.06696985717156681
-1.3205586981516508,-0.41707666410166455,0.12533178150661217,0.11981179959692809,0.02303467569803081
-1.3175587337742813,-0.423858696126104,0.12010813469396166,0.1854576518196141,0.007454907236782339
-1.308150144051084,-0.35667156744565054,0.061391011589157954,0.14567435872159404,-0.06952357159455247
-1.2902314709387486,-0.22718210581938328,-0.06522520597266064,0.2437141426938606,-0.020311155446088143
-1.3335114218914415,-0.6253661272233371,0.28648215849722936,0.1309554419570006,-0.09100321722309584
-1.2805593005137386,-0.19139363248574662,-0.10049723285168816,0.25797302358639324,-0.03825167341555855
-1.3225361553367498,-0.5787120751397643,0.2384937127035135,0.15163607706357335,-0.009246464671794625
-1.2892730566948372,-0.3165118074448974,-0.004039003629327211,0.2989220118651163,-0.028807424276534422
-1.2341860386754202,0.14004517622334486,-0.41245589473632516,0.4718547502656088,-0.1534597095563299
-1.162562978689116,0.7409714184780513,-0.9543981594850275,0.6974868307485782,-0.20739302649957547
-1.1382618587715745,0.927662095552438,-1.128720146508057,0.7978857872343523,-0.25770189474123023
-1.1304763433912626,0.9669935413319644,-1.1633468156615774,0.8314586352237441,-0.2938040269245163
-1.1682104390421095,0.6190562626057688,-0.8463312003953299,0.6764989569449336,-0.23375927556635984
-1.094362430308253,1.2468190712155645,-1.4086583160400477,0.9027962443835166,-0.34183106820622094
-1.0916004656276292,1.2516040410707132,-1.4120706587099596,0.8721224396248589,-0.30135515412794533
-1.0388195102013495,1.6950585767535982,-1.8079509207761755,1.003033975230638,-0.3109210327394667
-1.0319879634698919,1.7361444342828485,-1.8469671112005015,0.9990311843935518,-0.27276583691575157
-1.0168732541926273,1.8534771375619243,-1.9362774540179846,1.0333691149761624,-0.3192438914516616
-1.0948587272280037,1.1428333166696185,-1.2289282646562967,0.7061103993215037,-0.35618819927939716
-1.0434169707264696,1.5427349986326055,-1.3682506706554092,0.8494477625971396,-0.3895453133971758
-1.048352860707571,1.4456314307216929,-1.028592982595162,0.7421222053483307,-0.38461357590144185
-1.0187497791960747,1.6623014798042481,-1.0678612718240428,0.8545212749718542,-0.3567594432250188
-1.0602652957145233,1.2296590374806022,-0.33875744337778735,0.7196388794296141,-0.3521842626396227
-1.1184402222305234,0.6575527499572341,0.4495301959169007,0.4281315878044562,-0.33644335694838184
-1.0582639519538082,1.1828381248187543,-0.1129822860092476,0.4490020832481474,-0.34174076079888965
-1.0028006199259651,1.7012269173361492,-0.9279691140155811,0.5473665902078522,-0.2502173087670455
-0.9920980383404207,1.7141689487461282,-0.6348824735316132,0.6333221959557576,-0.23156277961220068
-0.9613683051340353,1.9575464624377599,-0.8947986386100464,0.7583470753189423,-0.16851562253539473
-0.9679072477970949,1.878075509968619,-0.9003807706920025,0.803073750166116,-0.15874014176037093
-0.9926119491506251,1.6518420085544947,-0.8368968789006501,0.67032901431886,-0.27566246420707646
-0.8787532955750998,2.6039680617785077,-1.6637586171403524,1.0325770296730759,-0.2787555374666539
-0.9086230756861656,2.3247893902317247,-1.5320166729098914,0.8277473444848128,-0.29865808111653597
-0.9286241855956303,2.171579186700956,-1.740411585331519,0.7015131913801014,-0.3231969374133509
-0.9575556542413566,1.922579691431674,-1.7647095432094233,0.6951434036951237,-0.32641041419912115
-1.0119706221688138,1.4300135913662697,-1.4655448126111554,0.601760323730546,-0.3163433157909927
-0.9502661539711009,1.9558467291528174,-2.028032499647237,0.8695243184467906,-0.24614492043203512
-0.9980992138765968,1.515972961456327,-1.6443440547378187,0.7000661144870837,-0.2607246081367667
-0.9764928622703841,1.6820819190578824,-1.8110061692608126,0.8791187393011443,-0.26022202628877944
-0.9155835588532233,2.2002270856911506,-2.219595575110655,0.6947042040430458,-0.32567468034721825
-0.9722861453370977,1.6919821865060913,-1.7292798669451057,0.2929925139782309,-0.2514737645700636
-1.0682644264604824,0.8359245025321222,-0.9668697027758367,0.018137566936239413,-0.17026159689241838
-1.0676044634135833,0.8276506018005352,-0.9729580073873292,0.0948299700132127,-0.22261988665040355
-1.073312076856231,0.7684754460007303,-0.9216126650753745,0.07361690133777231,-0.2658526874603095
-1.0590600629722668,0.8877898073328468,-1.0399452272775915,0.16500452149486083,-0.27568314309816044
-1.0538514758419621,0.9294619659620789,-1.0773133097557612,0.18440775917108101,-0.2791752646782597
-1.0373130927003023,1.076778737088613,-1.2035042824505489,0.18559522809435103,-0.26970159332250493
-1.0612414883046635,0.8686424004813424,-1.0155579404087598,0.11862494774087727,-0.261330975076521
-1.0687257952981342,0.8149968800303785,-0.9816487902496066,0.18922950365008423,-0.2811757230455792
-1.0009359890340792,1.4205615601678019,-1.5252650762283295,0.3737387291109354,-0.2923017022571205
-1.031014310514375,1.165742368481701,-1.262330851654726,0.10924021293855635,-0.21937457883120126
-1.092462665795488,0.6432925242499631,-0.7952059202463713,-0.0678251752005184,-0.21900578469282808
-1.0894451667540148,0.6866779175216101,-0.8442954077196566,-0.04264764130809443,-0.24856945176681508
-1.0867986387352073,0.7239798276370544,-0.88737670492345,0.023286997009789458,-0.2573477443224939
-1.1473016639954836,0.2148151052201328,-0.42598657438446547,-0.17759775833174177,-0.2422014685596855
-1.1764535038513715,-0.0177200166326004,-0.21459379014774912,-0.27652632082295964,-0.2045695788245212
-1.1211299474901986,0.49346846573101194,-0.6719695581537548,-0.09276419935553058,-0.19613375231102312
-1.041249911320623,1.2223181111838322,-1.3204033731450344,0.13321017143860206,-0.2002651189930558
-1.1072875780366034,0.6769499565650524,-0.8298817303724861,-0.04350406270714872,-0.16902154374431733
-1.1731997255261353,0.13636957055352092,-0.3463626986423213,-0.2218709181108837,-0.13820536240423084
-1.195759721778846,-0.025816891495168297,-0.17718260513121098,-0.4282730750693576,-0.11855555926089685
-1.2384216789633473,-0.36064973114636906,0.08193490244981941,-0.22684861085453698,-0.15496289181218187
-1.2338761846926896,-0.2781982783582565,0.0022172676804073995,-0.13417201534660583,-0.15206483023734535
-1.2904379277753137,-0.7289110699203807,0.39245641716692403,-0.20363684976359472,-0.1605854973471353
-1.2825551062963885,-0.6206834184574732,0.29934991531162164,-0.17697950952342872,-0.11541870137000769
-1.2789616889931166,-0.5485163456174238,0.21705015584163312,-0.008727343680599466,-0.10895482723749633
-1.2947130993196092,-0.6449786259397436,0.33724673819233303,-0.13179478493758695,-0.08853211780937797
-1.3063555461958156,-0.7223371976660474,0.5225408527262075,-0.22882323497393625,-0.10077438941152407
-1.2714298285128733,-0.43185254206260365,0.6190903376205035,-0.12206168064871642,-0.2487297578555508
-1.179619691632457,0.3482858047813894,0.2608022270622438,0.34099586634195606,-0.2981924439838172
-1.1524508585656374,0.5552796898035159,0.42192070699261375,0.4350114058661233,-0.33815445127402255
-1.1769005451418721,0.32548018489214975,0.9336940283249372,0.12351880657426555,-0.3197245330084254
-1.1206526082332084,0.7992184406157831,0.7724750736204776,-0.012079322916612912,-0.2404586697103411
-1.0954019122166536,1.0364470967768022,0.5753238511816599,-0.36375577899405226,-0.20270987280281838
-1.1074506333272056,0.913777275333471,0.771548005517579,-0.5365990839610617,-0.1465569286317487
-1.053507385528253,1.3849005917814545,0.29812659832246435,-0.5074876342177046,-0.07483815885709266
-1.0611063218013317,1.3486341989709743,0.03732003280484922,-0.7064208653148079,0.011475054125621552
-1.0449056436984703,1.4986611900364475,-0.315396056370967,-0.7700158555450641,0.06297500006218519
-1.0840690522200214,1.1437188030487517,-0.13731310022156293,-0.9645699063323983,0.0916019567699067
-1.087626415733466,1.0659644549281753,-0.04282668676209788,-0.9847918349577014,0.10405495105654891
-1.0206401611915195,1.5597804333947778,-0.22914283769007152,-0.7313105450190199,0.0808791699709208
-1.08002448187588,1.0977309376211701,-0.3867914228343466,-1.1100508326000529,0.07604827610421502
-1.1084946567046596,0.8545640690437609,-0.45705610880483233,-1.2940103703352224,0.11121909180051298
-1.1568309598207611,0.41563039667417145,-0.22067525866621227,-1.551868855710447,0.1464242381741898
-1.1629608073832054,0.3447873377066732,-0.27272976562584705,-1.5633074173175132,0.17299776744089268
-1.1334861271384131,0.5787639509417488,-0.5239776078675971,-1.3500318400845055,0.13079634241856927
-1.1311121541560454,0.5798953770455265,-0.5561843004870353,-1.1874087104507383,0.17605005088271838
-1.1047711535656246,0.796523722945587,-0.7668511961666835,-1.0209552459922608,0.079457807832847
-1.1039976839148873,0.7990009567552765,-0.7839653129198285,-0.9339445994561039,0.05962619229954913
-1.1194190520156462,0.6651985771679473,-0.681161863298928,-0.8940865464830552,0.041377064472372514
-1.17573997649659,0.18074929442042847,-0.25797918959461025,-1.0161826054815073,0.02692695383717426
-1.2208432325274854,-0.20231142476256164,0.062151193144702396,-0.9728328245004515,0.051394241322299555
-1.2182386106548955,-0.15592093896498063,-0.04018025396506321,-0.549203748442591,0.020443821511481615
-1.2516600521526966,-0.42752767970606,0.18727856710267984,-0.5142481011441331,0.07809103093327854
-1.2505996530349475,-0.38987987863308654,0.14946928923803515,-0.46418226158673154,0.04783852096682355
-1.2734706625483005,-0.5579223937385502,0.28063355950203717,-0.37337254282984733,0.04323408530235681
-1.289875712331598,-0.6649221125438984,0.3740573015078772,-0.39635976998631384,0.043799023749161684
-1.282603206660639,-0.5589729702130475,0.2511998750394857,-0.13864933892465145,0.008853320708349776
-1.294634283867675,-0.6242549096979766,0.2862073220463721,0.003999378962727551,-0.02221767549276157
-1.3048237773754896,-0.6754479928451054,0.32108209001892984,0.11452122952543868,0.00599265155273151
-1.3032566911646326,-0.6266102325653107,0.26670576527910766,0.24799526316462478,-0.008378409167444378
-1.3077182313332179,-0.6273997728973297,0.27593080537758014,0.20239441004102054,-0.004490557890636869
-1.3021551919916656,-0.5433240052358124,0.20069283056775758,0.2347157443305803,0.013016664518275685
-1.2772384785782493,-0.28505339415101394,-0.030221992693909693,0.3645600936192944,-0.06382628943319495
-1.2506574479470511,-0.007967047049386262,-0.2788662613716524,0.46902422370920854,-0.03618879870312982
-1.30713884563113,-0.45095944578706065,0.09738502847830466,0.4463955367707459,-0.011104831230330875
-1.324366591859315,-0.5620854124877177,0.1964622378450959,0.4444354105325385,0.02882418559595224
-1.3475388009758484,-0.7273713473386453,0.34783346618112065,0.3863223290211,0.08838218034999282
-1.3565914100516956,-0.7520137506622195,0.3753625379366112,0.34246676101451684,-0.015288981269610731
-1.342753055892643,-0.593829945497741,0.2254710307986486,0.47698018490008054,0.06088840586248558
-1.369296290439025,-0.788483963443898,0.4094231648953444,0.3740692204067045,0.14424836392509477
-1.3638836091233777,-0.7066879263338882,0.337106486194852,0.41394174640226783,0.14922917273490954
-1.3657789306727965,-0.6870226661882857,0.3256499601898168,0.36660452670985527,0.14349597047906787
-1.3433512309398687,-0.45512636876578777,0.136963273178874,0.37210459415238406,0.1735566438202998
-1.3506110489813414,-0.47760145019956274,0.2120796082444981,0.10628836596384869,0.06555770876776618
-1.3673635672911033,-0.595372129339985,0.45241254730930774,-0.1477175576332621,0.2109818007011843
-1.3372962917530236,-0.33554210859384814,0.5535157542928582,-0.11819347847299982,-0.008445268022204296
-1.3099757742350433,-0.12017323818515722,0.710718509316137,0.011626462791686342,-0.08370378535153465
-1.2673700395730383,0.23308549690661726,0.6562827845576582,0.669834243216647,-0.2067312627019405
-1.3346252910570335,-0.3657444531653806,1.4672263029247388,0.04063896058157243,-0.26254408534533175
-1.3157798926939144,-0.2389863180022032,1.7069288810480268,-0.34374187323258354,-0.19103980449906008
-1.2700503347544858,0.14564777835773246,1.4476988274933111,-0.5077826901047842,-0.07079607489108662
-1.176274560193267,0.958822005528836,0.7699037885041311,-0.30965798290875046,-0.16265331964107363
-1.1068256561031138,1.5647987229926554,0.1335571343621282,-0.14883475033461177,-0.16050441005203234
-1.1134036152531792,1.4779537524039454,0.21930989853782995,-0.28250484664594094,-0.12392745614787198
-1.1474076939905482,1.1674551596256613,0.3838161852992479,-0.5248106793320872,-0.11291512908536883
-1.1393173154776641,1.2128503715493728,0.2689020390510724,-0.6113053247015046,-0.07208074162771529
-1.1653387169745155,0.9785950134808857,0.28361963314394256,-0.8185918141334606,-0.06347615525935754
-1.159555880159063,1.0157839026719622,0.022617660213423162,-0.7991674998504038,-0.05638456248504201
-1.1649039679593811,1.0088850289704254,-0.4797896522897974,-0.8945527346954381,-0.045183984976422044
-1.1307290053005552,1.298038917825787,-0.9614040984193498,-0.7936908432173487,-0.02933546547007445
-1.1791134881929797,0.852948345917273,-0.6940695256858288,-0.9253355821855815,0.021997055940719528
-1.2219032927882152,0.454430551340887,-0.42111402356355565,-0.9320825758150227,0.021703497785784866
-1.2697063081394464,0.009477161695671008,-0.056732209521262615,-0.9702014267651009,0.018877407189993305
-1.2227601248954327,0.39839920372796234,-0.4267861535788207,-0.7049673456528545,0.0013061989005754555
-1.2076492438859507,0.5165268324796835,-0.5569311395074327,-0.5125262610350422,-0.03012702324606375
-1.2381005806684646,0.2458816917321982,-0.33060234570985164,-0.5336768829688386,-0.052700131709481964
-1.203864971177116,0.5427963764831184,-0.6158950377587136,-0.30443439113486415,-0.08035923713285596
-1.2190578651555448,0.41415513484946725,-0.5142051127178399,-0.2746489724645478,-0.06687072384683705
-1.2058152716807198,0.5394480345821413,-0.6391320265842569,-0.15890256780255832,-0.0735480078502497
-1.2374851608099608,0.2740703666980591,-0.40532262032336047,-0.23861205064709315,-0.07646615334744523
-1.2874744198855461,-0.14624346105668823,-0.034081915752769844,-0.34758805493826206,-0.09847910922096934
-1.2732902334377887,-0.0062958917299995735,-0.17229806766048156,-0.16636022034644085,-0.050622175928895105
-1.2197650381538427,0.49005763264561175,-0.6169503800726344,-0.0005299606701404045,-0.09912264314723296
-1.2429343653724303,0.3080701028019806,-0.4502963707376405,-0.08358833764349093,-0.1059068210689134
-1.3107086067065388,-0.257635146168994,0.05387569519818419,-0.25146624102834225,-0.11271619108399743
-1.323338684345272,-0.3405125370112966,0.11324524290592723,-0.16754911368983594,-0.08545877791496276
-1.3318249100816397,-0.38952663334740917,0.15570243889492147,-0.15525488009487212,-0.09268434507151416
-1.3143913098461804,-0.21294555178142535,-0.008536111891177731,-0.04450723122488609,-0.11779844234429307
-1.3544630342828434,-0.546629083849239,0.27078262279666376,0.012808872091502945,0.002903247791961756
-1.3518548746923353,-0.4959091044268748,0.22688803419838063,0.021722296605447618,0.006315933282045749
-1.3631304097728572,-0.5614843796965203,0.27434425771480325,0.1069896620930245,-0.016600026931005
-1.3555881110907897,-0.4704055204817549,0.184921670767445,0.20249024893043346,-0.02145401566946259
-1.3785870052538902,-0.6145936431706293,0.3191126850923434,0.12677844352558817,-0.1293408156913827
-1.3923869027988336,-0.7128691411884257,0.3940599751504055,0.21850696772919734,0.003985366252667548
-1.3911947853297608,-0.6654500996125968,0.3365756957407394,0.347865781433895,-0.01737214268785772
-1.4005231929124882,-0.7115337591449864,0.3741228461455078,0.35655442828281886,-0.007414841205785278
-1.36327830744596,-0.3479387911875299,0.03983054444742572,0.5664198281458165,-0.04025419414561866
-1.3628238562664985,-0.3139527823502251,0.016539626878072932,0.5568821606590479,-0.027044195642831347
-1.3358722767408588,-0.0409069542620012,-0.22932561870332036,0.6554442795141029,0.027471154271318583
-1.3470020670827283,-0.09919881762257504,-0.19094082626600065,0.7313391594578317,0.0722994327210389
-1.3761226568131988,-0.3252320956496984,0.010619554313128566,0.6765767855738343,0.08328678753460454
-1.4140234861398124,-0.6326822215805591,0.32190784923311105,0.5059572427933161,0.1765955982696129
-1.3998250878402623,-0.486311109646915,0.33332198157411436,0.41580828990332125,0.043053994728626935
-1.4026587433863626,-0.5417074483239708,0.7254018378967929,0.46153723617240183,-8.945560764979482e-06
-1.3993945035294602,-0.5529953417295677,1.11096096102017,0.4686126917609536,-0.10406009383244903
-1.3625669996682437,-0.2752679202313013,1.2359240850793225,0.5347359095153104,-0.14020521901643873
-1.3265057733148715,0.02844722021243955,1.1736267117869488,0.6484544908041383,-0.25740698011024027
-1.3008992943336875,0.20020847060182187,1.3817847710046147,0.38547343269232426,-0.19377538906765657
-1.285022506249658,0.32638445678549244,1.373994122298028,0.0290509022473955,-0.15220079792989233
-1.2186382327552483,0.8817946774695509,0.9447806229965557,-0.1308069912789959,-0.16645101324965722
-1.1497442861085754,1.4735030708841343,0.328711886014039,-0.1669229885151814,-0.15732322842263174
-1.139831360757538,1.5264336170612987,0.2646273940838169,-0.25332089682160924,-0.09998315991020222
-1.1293793233677865,1.604469151515817,0.03546830514630058,-0.3636320455637465,-0.09617938522353459
-1.0853716728829734,1.9590944409890612,-0.3653536513199546,-0.42623824306195496,-0.045283448065893975
-1.1488812825817587,1.3885033238591284,-0.028684662088311597,-0.8066044886080942,-0.005070107209599587
-1.092171877626867,1.867414453575557,-0.6707776587064911,-0.6764278274386093,0.01304553834151967
-1.1540343919943983,1.3626709777339319,-0.7199665000666755,-1.0043355088025518,0.04182475583657884
-1.1267924928511681,1.5805141092189328,-1.1234506292638655,-0.9492613849194432,0.09017132362159956
-1.238212581916028,0.5823113779361596,-0.36848117288786997,-1.3854839201964073,0.1504292325480203
-1.2388383387945203,0.5440703112563116,-0.41283412892532456,-1.3139712684873741,0.16783248352713162
-1.2556442739271492,0.36477701553844283,-0.3052332838477739,-1.2085935214004364,0.11487874938127819
-1.3144550699334288,-0.1784703782218423,0.1570039227283006,-1.291575127562562,0.12651343502584436
-1.2952374834987568,-0.02589287416913028,-0.015017953708265974,-1.028870032304389,0.07996883602000138
-1.317945675991936,-0.23819162271711272,0.15977598860962036,-1.0193534306292742,0.04803987794924921
-1.3453257425670582,-0.48746414011404243,0.36853101517352516,-1.0293069130020407,0.1330486472788101
-1.333152346406843,-0.38020576396784295,0.2510662061704551,-0.84556179610264,0.12111705640565602
-1.3576600982860556,-0.5839061491307981,0.40215808579442797,-0.7190243986789795,0.11085633595801954
-1.3621280095577473,-0.6110629651594442,0.3912316005314203,-0.48552524529192126,0.10270002319731418
-1.3361900876196475,-0.3658815350878435,0.1260113939358799,-0.0631472493908577,0.018407840218998245
-1.3254383453745464,-0.25694983855446113,-0.007734451339507374,0.2347117226281768,0.0006705366171498934
-1.3182678348697854,-0.17810450059722488,-0.10037897910516712,0.441497231876102,-0.032955770915476634
-1.377323442211166,-0.6712144573868426,0.3433286828874964,0.2701075680892237,0.04005401171068449
-1.3911168813441246,-0.7687787591993155,0.4370142954322692,0.1948221712908282,0.053819020959174804
-1.3939409365378639,-0.7533870423144856,0.41765971709418254,0.2564827388516355,0.03718193297762583
-1.3821754859575173,-0.6199349055075507,0.2997244441740273,0.29621133807758654,0.050425276116985225
-1.400162559042795,-0.743953082919573,0.411453140428414,0.26595381376557115,0.06918487977936871
-1.3568013468799986,-0.32553829436091164,0.02244590657213362,0.5075880403720631,-0.00028200431206166766
-1.3799721259430433,-0.5007925853299563,0.17516524141456874,0.5247336059639341,0.027578012525322843
-1.3931333383193645,-0.5810297211212319,0.24808152780295292,0.5005122222177285,0.06225817098350162
-1.396746055465077,-0.579788798600445,0.24806142048762533,0.5058907569102921,0.08300453583561707
-1.4081695023535024,-0.6465383167467741,0.3119396536350059,0.4628358920124496,0.10460567510781428
-1.4044740141827632,-0.5775204565294154,0.2523348458773104,0.46773552774312227,0.11430236146540751
-1.405145517246041,-0.5499172634333376,0.2384173743405215,0.41226797401895343,0.13817920675579612
-1.4278315149928895,-0.7154821763310479,0.39868021296363654,0.28299841160363315,0.1747020697579339
-1.429284638863524,-0.6957620278654681,0.3824111937614979,0.2889383587318299,0.1684781566615651
-1.428713371625561,-0.6551440712181202,0.3528993185779299,0.28614864391932926,0.18173977188259202
-1.4357186001063087,-0.6846590254367275,0.37425749993533436,0.3095204051474273,0.17311087256087854
-1.4296739142613226,-0.6006148492478662,0.2985390695598533,0.3808373998319043,0.16465522033500918
-1.4130239063825725,-0.42475548919763073,0.14107700247813687,0.4758388982533634,0.12454522686277349
-1.4117916011841296,-0.38446108234748905,0.13348402862194034,0.48323171965034173,0.13496362615500151
-1.4137984402367758,-0.38480610476557403,0.23201325750744134,0.4724462381537715,0.13716055418050113
-1.406889162313682,-0.3348573286396998,0.4369313202722856,0.532631917775273,0.07030754734414561
-1.3975504498511486,-0.28897316536160933,0.7800253149532403,0.6285869176266399,-0.009256907460072102
-1.3398602240117046,0.17240284934342295,0.747130727964427,0.9004165933242376,-0.10728316523787065
-1.3281676467299268,0.2524794659996134,0.8946078555641986,0.8867345247786934,-0.23051176803028334
-1.2589154232610222,0.8039093787478238,0.7298046601314818,1.024696810282834,-0.2838633075920661
-1.2706735922081407,0.6869465299709334,0.9251200722840702,0.7918825590603111,-0.2997154247131563
-1.2305565646632552,1.0096018501253083,0.7156017531951747,0.6483213023994585,-0.2095655181441198
-1.172442244899861,1.5015574744090916,0.20420429064476908,0.6795957876633797,-0.1981610821879358
-1.1665835296867593,1.5159501781200158,0.19607026720414827,0.5315542597735555,-0.2009211107039878
-1.1522314385559376,1.6156325822865478,0.0016388458505091682,0.41152739768092467,-0.17525172739537348
-1.1840497906889684,1.3075640029158073,0.1947897656495094,0.059605009428658165,-0.12389819102453213
-1.1660042970695554,1.4519766879539977,-0.14059096707349628,-0.028704611734675263,-0.114842786813306
-1.1567255873902667,1.5189182140290602,-0.42222391531164194,-0.08846910445252788,-0.10552317819495304
-1.193209624114365,1.2411719073729612,-0.6970287908177359,-0.32161908214790297,-0.09952503792805928
-1.185801717056767,1.29821318478086,-0.9666440093605336,-0.15110450051253202,-0.08702525823520352
-1.1908775231468243,1.2410537930758865,-1.1216405973394745,0.04906484398286379,-0.09993615387929514
-1.2120864404633471,1.0288926970894674,-1.0282888416681402,0.1701775565259916,-0.13015242183611686
-1.2118739579664743,1.0013761332956175,-1.0784219237669381,0.4671092452857121,-0.16873919735940576
-1.197439722295125,1.1058697368546084,-1.2055028954775238,0.6948870947192997,-0.21636769003569295
-1.203112952177701,1.0407890240096174,-1.1685038593092323,0.7924857126753028,-0.18902172933628322
-1.1999139482120893,1.055779494687056,-1.19421865907052,0.8649706560731271,-0.21182393982403389
-1.228148908945412,0.8022610723860959,-0.969358911257422,0.8000319486167353,-0.16083541023101516
-1.2624505896312095,0.4901687050392465,-0.6920241364931694,0.7049290959473945,-0.1966762113526665
-1.2608681146714933,0.4947863673768445,-0.6966191531284829,0.700041872102304,-0.1693390974075274
-1.2246892285341406,0.8095458866914698,-0.986626801534328,0.855393835880327,-0.2192400759162649
-1.206932768384909,0.9599150725244809,-1.1252506530284299,0.9055285525539181,-0.19511646198754104
-1.275390387030365,0.36416991116236175,-0.5939965419204863,0.7094664379642025,-0.14352252258303536
-1.2232826300951785,0.8213827190391456,-1.0063827257192024,0.8899453929223644,-0.10036244703202143
-1.3276108240131306,-0.08018063506035289,-0.1997128832327059,0.5845972743936595,-0.03868370446740116
-1.3081353924649284,0.10393475277027055,-0.3681346716652767,0.6712619167807363,-0.01222889813381039
-1.297001461069696,0.21308511598634244,-0.4706787973906865,0.720794986236933,-0.029304242751450892
-1.2891748000486383,0.3003623966043192,-0.5457496542992561,0.758942745203386,0.016276814157526263
-1.2859104698603672,0.34601756226428854,-0.5854776225896013,0.7822096386215226,0.040162827783651496
-1.289123482074971,0.3386987869761493,-0.5765888170945553,0.7738972564089787,0.055125605137326235
-1.3017413470554864,0.2493557077844859,-0.49531079575909825,0.7346573581685242,0.0588199185897176
-1.3227454529970673,0.0943415519197154,-0.3539807870336817,0.664468112434587,0.0806359233588471
-1.312652274739765,0.21187003026517348,-0.4588735196096758,0.7117030967404245,0.09618834276957247
-1.2846115729780383,0.4870792231475216,-0.7047761461097984,0.8201734298793905,0.10357020255101734
-1.3800642789323194,-0.31534762812106026,0.028896351513686067,0.4459610918854649,0.15118524704631475
-1.38349903312276,-0.3109522359843173,0.028455810055540133,0.4384457650879171,0.1579350612246881
-1.3931209697041302,-0.35991177950129444,0.07737927168266559,0.4063456061501737,0.17021254818314452
-1.4117711431840767,-0.4816193017174988,0.19526488740190306,0.3256104346515089,0.10375805313306244
-1.4005414242898597,-0.36215083404523285,0.08966388465354488,0.416469814868609,0.21585326010838074
-1.4373467636078308,-0.6466374376868782,0.34767949505568596,0.2798498673993274,0.2233701449075904
-1.4308556028113093,-0.5518153945675021,0.26445508061622297,0.31669805382442856,0.19864723096050452
-1.4278985917301354,-0.4964882992117881,0.21579372593594714,0.35725834194300327,0.2360914350167916
-1.4558922887691643,-0.7020351748074277,0.4374843186350113,0.23765357727844874,0.13497945063166109
-1.4247835399584434,-0.426267292323402,0.3062177085964111,0.4147686198838249,0.20001467310549512
-1.4410583176545668,-0.5976674803814968,0.811145952588653,0.435370134371727,0.14233417869832946
-1.4287615817502328,-0.519598011706087,1.0622651811314963,0.5885274902929788,-0.0038389782906062668
-1.3885881363094676,-0.21878459245644033,1.1105233057827608,0.8370669184991274,0.0025482681915966047
-1.3184242858190542,0.38416023545211697,0.7080278155641585,1.1289291542081046,-0.06857819723011266
-1.2821655016022717,0.6501825786078873,0.7518580413133547,1.1224941985116574,-0.1062963200335801
-1.1516852332307936,1.7767782547372597,-0.10170632037937914,0.8713322770818377,-0.13781353059071613
-1.1545437951634654,1.6945281211187586,0.21062710221814926,0.7553230092920473,-0.23787607144790773
-1.1581991708471742,1.680083828801295,0.0022125487262592987,0.5566854092107483,-0.30591182756899066
-1.154270604702565,1.653716591564981,0.15994794519003175,0.3954154280843297,-0.24125645994732425
-1.1389035676306132,1.7733116177583723,-0.14268165003697378,0.41148813370234516,-0.23830857636385902
-1.1683882181610377,1.5185355265374663,-0.19535932456299865,0.05097561418420216,-0.23556768456092422
-1.208264145722095,1.1384745984385305,0.003014456238781935,-0.16953773356422794,-0.1736749965278322
-1.1885759366065662,1.2994731696313286,-0.40799029841909823,-0.18139164551767703,-0.2070989134589781
-1.158564235085859,1.5650607456505243,-0.9650316159568598,-0.18351020912198435,-0.2042221498522523
-1.1903658903083942,1.2628080179546965,-0.8606391028546888,-0.4343658611693297,-0.13070105236178256
-1.1801873280464577,1.3358086028769065,-1.1082781368210481,-0.48563001541634243,-0.05142927395754347
-1.22563525957438,0.9066993989996404,-0.8076022778496521,-0.5686674997800525,-0.038362435106709364
-1.2852862942296563,0.3564664343145299,-0.3619258730107878,-0.6470373001622484,-0.05405049642442116
-1.2822492644173613,0.35558959800908724,-0.40806989266206517,-0.3908803649577116,-0.1128775247423447
-1.3134931489394572,0.06479822169443482,-0.18095287246180877,-0.3029820756300634,-0.11497038018553665
-1.2991826112405558,0.18077847197371313,-0.3258954496186297,-0.007780191109608581,-0.20224439419174908
-1.266014273702182,0.4699688392596615,-0.6116237608540904,0.2837248820349779,-0.2676563656073644
-1.2888093676384669,0.27451014303316174,-0.4369027241684287,0.20897099970967087,-0.2650567018571863
-1.3264543226114471,-0.04438941681769557,-0.13877962504463917,0.009374219029808454,-0.22829539291911127
-1.3053893965972263,0.15858138400683575,-0.28734056542449926,-0.15253706814530832,-0.16996910878677413
-1.2786661901831864,0.413942598904427,-0.4631128267285077,-0.43959784088981535,-0.1020800045564982
-1.1994153842685134,1.128873555515139,-1.0796402327141574,-0.3587947521398941,-0.0663065840607079
-1.3047046524553128,0.23478499997734084,-0.2579429155433327,-0.7922051704475639,-0.029763505692291112
-1.320156588453957,0.12525992234266956,-0.1481063176732909,-0.9080700496083648,-0.01566110313193071
-1.3932006601261269,-0.49462495076738944,0.40976813557837977,-1.1204054598705475,0.1671069473793719
-1.37958755633756,-0.33858081658784756,0.24829675865204423,-0.9275158524003514,0.06071258720913103
-1.3660469917324851,-0.1900021974391628,0.11489806322836665,-0.8394457287531313,0.06842808788196482
-1.3502627271053127,-0.024849717646383118,-0.02135282675445388,-0.8372750444092635,0.12556002584105802
-1.3840558689686715,-0.2854749209586526,0.1720094308787987,-0.645722717238322,0.08964309712505564
-1.3928919478502553,-0.32487262962986757,0.19277224570226303,-0.5589383097828358,0.10693402211398187
-1.3875041115700522,-0.24776162995083986,0.12799767223804276,-0.5391972410366838,0.12461431193867961
-1.3566642796673987,0.049811002797349006,-0.1276441465760993,-0.48735660450492224,0.11545320841639621
-1.3470612567786564,0.16287598612836593,-0.23098554607964808,-0.40287764364661427,0.11103869229156318
-1.3856073245344578,-0.1397773087410009,0.005730604846887087,-0.274798058893613,0.04853748600720204
-1.4030011889092537,-0.2623881200713837,0.11443895192015803,-0.3130558096694821,0.06178059735013711
-1.362433011345672,0.11538838794386228,-0.20307988936068266,-0.3095747531640425,0.07824122081229776
-1.35972718372605,0.1635639876917943,-0.25658958621764727,-0.22228031403823126,0.08614862331402179
-1.3143104736011875,0.5876814025088318,-0.6039772928597902,-0.29463359837241154,0.11672730276618323
-1.316818084983387,0.591104345973869,-0.6016340264408703,-0.3285903953653802,0.12998949108575675
-1.3661151108716647,0.182366446047568,-0.23756874979533507,-0.45443730218694295,0.1517984453238217
-1.3556316969189948,0.29261036294550663,-0.36465937700958156,-0.18524477185797286,0.22746107354484094
-1.399537666958671,-0.07833981176845797,-0.01719572664596091,-0.18583745658962592,0.1940267212221487
-1.3338648594692788,0.48982870626116465,-0.4175572528827458,0.14316060461276886,0.11388708382206911
-1.3176961133333824,0.599852260582814,-0.31640835853191923,0.3936357676902779,0.05173225799328197
-1.3485357559729625,0.27737687360399055,0.26950041005332104,0.12782807478262664,0.044981080480428155
-1.3764461644314276,-0.0026597430080414026,0.6885951364292566,-0.12778554863398656,-0.0017833821368637445
-1.3314664560641498,0.33215493294124965,0.6398125765112833,-0.04524844494956461,-0.03825244127795343
-1.33091529934174,0.27113289259749135,0.99246329111595,-0.3944075618352815,0.024515185856856442
-1.25494424318971,0.8878225037483147,0.5892017261801248,-0.32113330566652587,-0.0087210142620834
-1.1831951749588003,1.470191526156,0.12428125136576207,-0.3153861645259357,-0.002289043803999304
-1.1683474377193146,1.5656391693781144,-0.0260390544061858,-0.3445653252471949,0.008126435563586522
-1.1844385097328254,1.3858816367397944,0.07718184284880675,-0.6840820295520179,0.003170617178900528
-1.118061978677913,1.901532686137627,-0.31181540008047376,-0.6316505157054404,0.03829619521205908
-1.1653835637314096,1.4456271026118321,-0.036057641066097636,-0.8311146162781095,0.23999890145893327
-1.1718360292418255,1.3896801463154567,-0.34548908483131086,-0.9151815733843991,0.3252448570998739
-1.1917301957798805,1.1645874268358545,-0.18754902859131034,-1.0368424671548009,0.14435089815020763
-1.1961866161667196,1.1306921030210526,-0.5776366490687618,-1.1282530992306257,0.1689487609397244
-1.2492518394448069,0.6340852072548078,-0.32336654434903594,-1.348820723413039,0.1718135799539376
-1.2497804992469432,0.5770005563919121,-0.34607356058760147,-1.341545191593325,0.17699310548472386
-1.218200722480591,0.8129543758958876,-0.6563687394156607,-1.1655466220857713,0.1503861022532959
-1.2470495368712784,0.5186166762225057,-0.435451799462778,-1.1711041800228228,0.14498492602438737
-1.2299392181608915,0.6328578650376034,-0.5634781054530933,-0.9852691651826455,0.12618277378458773
-1.202265430956817,0.8484688014321111,-0.8214052025912403,-0.49986798183701586,0.0863816508757305
-1.2307880922417904,0.5768563288575643,-0.6151358821242782,-0.3813095968389353,0.05265261807317491
-1.2325981769618035,0.5392596066750641,-0.6057249659940955,-0.26646400231808565,0.03739976567911886
-1.3029248688230555,-0.09465441620111023,-0.051517030108492685,-0.42137225251007837,0.012311533798260738
-1.3371532140268374,-0.4087971519093041,0.22058199701136877,-0.48785885732397705,-0.0022922280801748692
-1.3646694885129547,-0.6640127711338745,0.44681921254904616,-0.5651811092223119,0.0747179781534979
-1.312184803356282,-0.20524737221312417,0.008668186677354387,-0.2443783979331983,0.003508118413014952
-1.3302062800295955,-0.3705166801423807,0.1234808135750808,-0.0838405077894057,0.08529779281963933
-1.346904333048604,-0.5255363129158886,0.25657652211787674,-0.08738516880675527,0.12075854248939524
-1.3355097114700227,-0.42553135189925967,0.17437964825357205,-0.0752773511248681,-0.002193932752346835
-1.3351825857702861,-0.4316566599177732,0.1827171979909401,-0.10281076299832505,-0.007856960586282597
-1.3486531372696782,-0.5403439273186967,0.26727001370723763,-0.10298848026820304,-0.1506844356411286
-1.3419353645777334,-0.4829063399149789,0.20642495014391196,-0.01917211679125232,-0.13510526564565362
-1.3532114130312711,-0.580014158777161,0.27548991431514147,0.07324165507149308,-0.11359953347638274
-1.3529504632150662,-0.5776161462216697,0.2415462027753992,0.3297136290400425,-0.09430711103124262
-1.3273418344986514,-0.3476882821269304,0.04125038955036032,0.40541846647035723,-0.062126087956010344
-1.3380355359920884,-0.43397147921710144,0.11406014850913096,0.42332547348253463,-0.062275294395293834
-1.3432621631021073,-0.4691164119631137,0.1347648615893944,0.4793171643533448,-0.07768976812675649
-1.3433645345664,-0.45446065122105184,0.117919325105891,0.5068083153950332,-0.055743099834551176
-1.3667339801263851,-0.6450960165662887,0.28389471835860924,0.46992563922161784,-0.03471192748004985
-1.3738897319677992,-0.6950855095294545,0.3188953904167152,0.521684840302503,-0.02127264061687981
-1.3880495132034472,-0.8123113764612331,0.4234178228622424,0.4931957550653601,-0.006095751150811143
-1.378362141343874,-0.7099560263158254,0.33078355536202103,0.5072816760898489,0.0007574375397486272
-1.3816003220521986,-0.7218031799959416,0.3476011475688104,0.449683779650557,-0.10297553175583522
-1.3904595137500304,-0.7832738944041325,0.4029354243382882,0.45621672007238395,-0.08694163744924836
-1.3926256849844472,-0.7844711055535484,0.40464038325829116,0.45827626101978597,-0.06291966552303499
-1.3861939839357764,-0.7232993629369908,0.34924318615727784,0.4913571675444302,0.060257550418273166
-1.3837457099338266,-0.7037809458708058,0.3633660055043759,0.5357639586417241,0.07467160323771128
-1.3679547921415434,-0.5831857826448023,0.4448599153632489,0.46847131411556386,0.05366402065775001
-1.3628688758858487,-0.5823169494908438,0.7725630490265876,0.45267565475399113,-0.03809854503830641
-1.3371671560755618,-0.4261661582296023,1.069339435479567,0.3573139144524611,-0.06026591088584819
-1.3005186270742908,-0.14501024638926935,1.1126592138511358,0.5228228104962391,-0.2151729901663716
-1.2884505124312717,-0.05572785453654789,1.150826108108496,0.316827224007299,-0.244138760704937
-1.277055201915581,-0.011009906509423047,1.3637927676734531,0.13977024180621034,-0.21800206108126285
-1.2553693569459694,0.1488484524313288,1.3116204777496834,0.04334626580271025,-0.22683123032729283
-1.2338707943014828,0.30433613963082884,1.2337246987530301,-0.13273349357519143,-0.21420138687583723
-1.1896571828659506,0.6691763302630006,0.8539299744142951,-0.10152196567779373,-0.23447186129679407
-1.1480896774083704,0.9896667868288357,0.5760793616434836,-0.03951150603436702,-0.21041221647017797
-1.1547939136364735,0.8959290295817888,0.6048565837858284,-0.25366018413034847,-0.18452288240729933
-1.1359632694922956,1.0258484608677554,0.393677376391589,-0.3025215765122562,-0.16528969599748133
-1.1515625976456336,0.8655325452756661,0.3754094609136933,-0.5241876096576856,-0.16764924783083593
-1.160503908554418,0.7670706311594884,0.25589657671998844,-0.6331200763571547,-0.15423505729899367
-1.1444737378151224,0.9349819294443241,-0.36967017635080407,-0.6536323403442457,-0.16358058989862545
-1.152645855955867,0.846091870496889,-0.5000667686235207,-0.6038143763854592,-0.1639106999371813
-1.1921915422890434,0.4853730550531987,-0.42118043175656766,-0.6374235894853626,-0.11640597307538406
-1.1800952071816655,0.5616621105052372,-0.5780110030425505,-0.46851763550722697,-0.1040229915673973
-1.1474789907729175,0.8197664271444417,-0.870474091811789,-0.2295890852412145,-0.1391052047959333
-1.1838774917501653,0.47304989648562035,-0.5891645433525146,-0.19574830943293606,-0.1565247857668368
-1.1985611735958723,0.319678066456928,-0.4842403406843138,-0.06219035334877615,-0.16425796161511808
-1.2201092248133207,0.11669917941114175,-0.3329484050224333,0.054843045167322746,-0.20613900714441372
-1.2439775574010428,-0.10955521591436335,-0.15377597356817307,0.12089548900903425,-0.23299111258648977
-1.2551417727622416,-0.2193989402400152,-0.068073966212285,0.15813770824190257,-0.22066875731915092
-1.288467193080752,-0.5192049629034875,0.19203818047658272,0.09813655269266794,-0.16874503188812548
-1.2781594384840553,-0.42652447555962375,0.0899017833574673,0.2775144915463448,-0.2048905890282983
-1.2870698823007045,-0.49352404458149635,0.12112033433657886,0.42933108915285706,-0.24804506885355615
-1.3050756308257683,-0.6452134135199346,0.2569008999892471,0.3844773678045273,-0.23209248775708574
-1.3094373155609227,-0.6740624031397053,0.2742025486073665,0.45168773336946233,-0.20660284135154752
-1.3086692693754975,-0.6517679456203578,0.24510420993660165,0.528854307190186,-0.18204088230288337
-1.3233935097195408,-0.7685209407303261,0.3400564033898106,0.568867555723858,-0.15556461094875046
-1.323117240478932,-0.7458815932083086,0.3172041330972753,0.5951991462643674,-0.12722099345206578
-1.2994285053767334,-0.5184918923923528,0.10753474836664395,0.7214943649674175,-0.11357355460035996
-1.3269245824800402,-0.7347219561374857,0.30082187456137377,0.6509895921042054,-0.0335975747032683
-1.3251887108602962,-0.7017170633284926,0.27604757755186526,0.6521983585499155,0.015607875402710846
-1.3334914722734583,-0.7462155624638245,0.31527964389782265,0.6317685826171711,0.031274922427316686
-1.3199086050048834,-0.6029630452130114,0.18954331953440295,0.6851182576785734,0.050866188815476325
-1.3188040265041412,-0.5672864769897362,0.17019914689364646,0.6319744468877734,0.07973247009648636
-1.343131708133913,-0.7536576729164824,0.34373869903996396,0.4982738764361997,0.12246041641951429
-1.3338409909289695,-0.6395808548631713,0.24578915137619192,0.5126761151425451,-0.0013207669036167699
-1.3528511536502614,-0.7883890338789403,0.38186552056651335,0.4697580133278531,0.14638006004179566
-1.3504492224868405,-0.7420187924691369,0.34241362336239933,0.46312640600688326,0.13696202150693204
-1.353486217736462,-0.7347308827321952,0.33949146989170403,0.45364536414429757,0.1413693390936368
-1.3518249401746687,-0.694823143605394,0.30407433399068456,0.47210521848542797,0.14755123614672586
-1.3598113645105825,-0.7308112587322411,0.34698104591551876,0.4286785560029627,0.04810514541191087
-1.3597429001326904,-0.7123272700910737,0.3273509405214803,0.4632392893579951,0.1698222130524347
-1.341925810727239,-0.5324226017093828,0.164613168954365,0.6055613477213077,0.15858356783735078
-1.3670270566636011,-0.7296957222879915,0.38574392629477045,0.500078404219181,0.15907113666035047
-1.3324921684802409,-0.44362746400867076,0.36367337257258564,0.6172161470957992,0.13068942212687962
-1.3486351752287595,-0.6284986434347701,0.8703664900256733,0.7053693875437578,0.05129486759610547
-1.3325274615823275,-0.5528777291189773,1.2443574740241274,0.888281357092237,0.01765143591521737
-1.2970812399577507,-0.29866935537724915,1.422310200812308,0.9509321714161298,-0.054464398661746904
-1.2785988796890913,-0.150465426648232,1.4426242396374018,0.9622436567383887,-0.21649859414016628
-1.2410068841685749,0.11378311239258844,1.5617344657398704,0.935753187748042,-0.3180498848740884
-1.224169542434218,0.23508916930769472,1.5681656392475207,0.7588278858994023,-0.33690773286825876
-1.2121901181553503,0.31161310351041416,1.5524656882422916,0.6638629268516117,-0.35358849783564916
-1.2026283012475627,0.3930507327617176,1.3503952641956445,0.5021741984448878,-0.37711986143844306
-1.201560521944184,0.3638183416662115,1.371473059248029,0.3458056652380703,-0.32717145225359945
-1.1837532357226748,0.5002439232609165,1.1190118769522956,0.24911189426221464,-0.3463981918918574
-1.19697050455536,0.356958741378611,1.1351346708737695,-0.028981622592454622,-0.29274414212166444
-1.1769549504887717,0.5286781541831123,0.7331374857135279,-0.10088203290342548,-0.28298689555939804
-1.1564153269014077,0.6988478745335954,0.3302635408208323,-0.12749841946049723,-0.26196683128185316
-1.1777658787623735,0.5526558440649918,-0.062177927354313885,-0.3352188019542668,-0.2675507929533552
-1.1891337675497884,0.43349080537355944,-0.1641353202394633,-0.3775469652628201,-0.26461232411785734
-1.1701583297540088,0.6007017643935324,-0.5851866257205167,-0.1897673924965136,-0.23781173552745646
-1.180698275699275,0.48078541449021356,-0.5785418394271874,-0.08925550981892102,-0.23432496185777607
-1.2169630619629812,0.13852865878670273,-0.32895061248978924,-0.08347557266905012,-0.2692195955530126
-1.2537305963844954,-0.20630923723398512,-0.04673437888564534,-0.064275837689956,-0.2559157892164693
-1.3017980260422755,-0.6472811717480786,0.3292564915709046,-0.10289847814609694,-0.21285127235306278
-1.289547801975284,-0.55271629990418,0.22521201417065057,0.03889259599400783,-0.22052607043544056
-1.2950764125705423,-0.6085737486411755,0.2591770892008289,0.12799101179796618,-0.19999024079968167
-1.284689224249156,-0.5224215110247434,0.1673134372505183,0.2767009032427104,-0.18777084079212128
-1.306297250808773,-0.699388136685792,0.3166972848121508,0.25657226586624393,-0.26860623194268507
-1.2831670665596604,-0.5088938694170043,0.13487150684081586,0.45520580563464524,-0.17807398941780164
-1.2849886126727796,-0.5187209762494296,0.13717379282576844,0.4886706720328591,-0.18168372056473653
-1.2807139953747073,-0.4718623511986692,0.09660357618227294,0.5045165802378639,-0.16727687041246433
-1.3211701734134338,-0.8156747262791745,0.3858650792874496,0.499408255344689,-0.19277241012939456
-1.3211713931604847,-0.8022484450883354,0.3670292043085738,0.5525295209866602,-0.20852797559259764
-1.3150358289596036,-0.7352200723715726,0.30235067537820964,0.5941960146928712,-0.18302435351227292
-1.3262534854743038,-0.8242233598967575,0.38196974691771735,0.5914469907891197,-0.13835488646826571
-1.3240713195567781,-0.7907352975711915,0.3488672333293192,0.6135749471704812,-0.10303527073387053
-1.3240824258521222,-0.7719586986239255,0.3332624598088341,0.6165307332858785,-0.0932039861912018
-1.332485441731609,-0.8255524313752854,0.3900830116882812,0.5485469487968975,-0.09587567855832704
-1.3237798691626699,-0.7282538852871856,0.29267192672326986,0.6314788451231154,-0.08281511256793209
-1.3262400014192088,-0.7336948978802945,0.30177704354656787,0.6058272293839062,-0.009506642215542161
-1.336598016546329,-0.7969754349906607,0.37201111569710893,0.5156860705115895,-0.1008608061332934
-1.3411313720622773,-0.8155437555896459,0.38464922906775745,0.5446129600626427,-0.10453718097801798
-1.3405948580300109,-0.7877997732177644,0.3609292270747149,0.5522276881938963,-0.10258112073576003
-1.3454798077996692,-0.8224835369003779,0.39826524124363616,0.5272362495224564,0.03738978225696344
-1.3342309253722364,-0.6945641950109037,0.29188046918851696,0.524454735857283,-0.06634250293295374
-1.3545769076171277,-0.8506339514106852,0.43275686943543373,0.4652667811024151,-0.03727309752324088
-1.347975693654026,-0.7875464647309066,0.3741129482028032,0.5154588530747772,0.0997195798367854
-1.3464954846602748,-0.7585909494426415,0.350452278026189,0.5182970681474032,0.09612005943226094
-1.3404786124831873,-0.6797811684297835,0.2808315940860905,0.5174517517145194,-0.036285877196762746
-1.3516521803738233,-0.7643963541329498,0.36281845142517305,0.463353928376904,-0.01626446124893029
-1.3490792549805108,-0.7440204272555023,0.3898053762502398,0.49608512526326076,0.0906817998061358
-1.348026067236701,-0.7601145351624168,0.637564827037862,0.4839133179464592,0.0883705684782172
-1.3401618022256738,-0.7171962577346466,0.8193385680924977,0.5185653730603709,-0.002098821969791359
-1.3179036585203192,-0.5934441743662956,1.217123459585899,0.6875537984066727,-0.11233568981719609
-1.3079513325329784,-0.5315335934413851,1.33726925238907,0.7642896013038172,-0.14934262941643206
-1.2668577721303587,-0.24870481578665496,1.5543997583442437,0.8068327227623806,-0.1694982335446424
-1.2070700611363727,0.20991723019128447,1.5110342611962877,0.8335839194960011,-0.242098572200215
-1.19347478939628,0.31578736414385733,1.4362692133653814,0.755783458265597,-0.2537964542344976
-1.1981722522671472,0.33499405798962256,0.9544574799085087,0.4607595636428248,-0.2450253816049747
-1.1928005376826079,0.3348848000014665,1.060238785205614,0.39626565920147866,-0.27655691971130203
-1.172836652192506,0.46624192503654743,0.9528245578367366,0.37896460665797044,-0.27258319825347455
-1.1887795921126927,0.3090160525801433,0.9566658234276012,0.09590141529487001,-0.23297187710571268
-1.1752801198599199,0.412573693968186,0.6728175212278231,0.015130712486665686,-0.18851397158563304
-1.1629535311177288,0.4185610996340398,0.9825675847377493,-0.0060698522048480774,-0.13844311533824363
-1.1736528897708454,0.3248890655723626,0.8052608693566438,-0.3157875816566197,-0.18523455285103543
-1.1797529661758295,0.32802750549916326,0.19398659916473798,-0.5238868325684309,-0.19020831357036458
-1.1814286616288576,0.297744511372265,-0.052115489905688414,-0.49818252512484734,0.028331802072477087
-1.1599431545927665,0.466535486011956,-0.3733282279515199,-0.33274614119841456,0.13079144810293614
-1.1631857209992482,0.4267978824395301,-0.4873281841741246,-0.3935017698693937,0.12255972925058425
-1.2290634936638463,-0.17910346219437942,0.022065250632467656,-0.6597150035801203,-0.05668256912089245
-1.225446438657073,-0.18305968867497716,-0.0017617300898663346,-0.5571995534606815,0.012004733814866176
-1.21114438472963,-0.09375324050409524,-0.11626590775624975,-0.36299718477509435,0.16928334173894322
-1.217531661526227,-0.17435870111071128,-0.06645776114837464,-0.2727811904270391,0.20335719370648492
-1.2681571314064235,-0.6460879248648146,0.3452966181294387,-0.41102310357462707,0.24931495775311716
-1.2346696849762941,-0.37604453482284866,0.08899170770406865,-0.1876355879303578,0.22553445408793713
-1.215315962925405,-0.2325340691644586,-0.06216573255282839,0.022645685087451482,0.19207458089905807
-1.2140067875287524,-0.24615401759663733,-0.06900675104740026,0.14500303259245476,0.1670809680989882
-1.2062055717915774,-0.2037500915404442,-0.11781720322985711,0.22405509120096,0.15397086062305398
-1.2127542130870679,-0.2846695592786763,-0.04638468578725062,0.20415309330945353,0.08169966140915319
-1.197037639535029,-0.17574457585794806,-0.14810258793530065,0.2777222901879344,0.06830821019292896
-1.2220473395063747,-0.41632270559452006,0.05277192590571998,0.2510140117018889,0.12824212600558307
-1.1966631056855472,-0.22136291957219048,-0.13459305961967397,0.3907320505442671,0.12547765700503657
-1.2283317538586564,-0.5185198353223195,0.12860554591816153,0.3034504174001916,0.13912032463750956
-1.2489945392621016,-0.711632734941755,0.3033366398857659,0.19349101226094068,0.06491710961129825
-1.2561574446929618,-0.7997692700601982,0.37764622563934586,0.1789695440333194,0.1850498841282549
-1.2480577240419028,-0.7380033415985223,0.3308520945162781,0.11175348562634002,-0.014919733349594538
-1.2308135074345847,-0.5996673736868126,0.20331689157428248,0.16414498808574657,0.006502885647735297
-1.2515695988618563,-0.8104733197478307,0.3862276831012011,0.1729677236232566,0.04650411670145479
-1.2530828298318772,-0.8261905552156193,0.3953474127694766,0.20275981623630243,-0.2555455197531479
-1.2463358639150737,-0.7763700859567543,0.329711025919896,0.3208990646906096,-0.22356652603283367
-1.2404335912508289,-0.7329003445349799,0.2815261606936335,0.3870350847685056,-0.12220694895569471
-1.237106779416874,-0.7049174160096516,0.24787549744360743,0.4789683140038225,-0.1434756655650216
-1.2466793366100042,-0.7807735231123011,0.31146109575339326,0.47570542304053254,-0.13289396536408485
-1.2509087413334046,-0.8096814013404015,0.328441744778267,0.5244609164286563,-0.081925984706144
-1.235392546155693,-0.6634426324320188,0.20838660183359192,0.49780765535545657,-0.1264807205324093
-1.1883047651189436,-0.24290167417810982,-0.14156973469521641,0.49962858498030543,-0.15412666084056048
-1.1458526369487874,0.14361820759902227,-0.5004640377414195,0.7198627622844623,-0.15513961858342834
-1.166276896466003,-0.01805999013740156,-0.3654991154983724,0.7641840165331327,-0.1721782977217271
-1.119356511541324,0.39691465805570453,-0.6700752446576188,0.9683512501363083,-0.1553786854327296
-1.0758921742450818,0.7559511633462238,-0.7914141672048438,1.0545580168339213,-0.18941940456937517
-1.1261755379489882,0.2654203848894005,0.06885330645427157,0.8175678511682286,-0.30861299503265127
-1.1543241922231022,-0.06221730267405646,0.9025217430818947,0.30734074172255876,-0.17981424045141242
-1.0571941635281648,0.7438667003356626,0.5822289774929543,0.29845673541209794,-0.21763291161933487
-0.9486391880386369,1.713509821576682,-0.3230667632199546,0.27389343534574745,-0.11244607070983523
-0.9679921615193238,1.484798771542199,0.2077134179421199,0.11630277508453898,-0.034104909680853175
-0.9576179789128348,1.5215801980609993,0.3665074623288354,0.025065280042708006,0.11226261630467822
-0.9398055217101344,1.6532081747551355,0.26184923669495075,-0.11490139551421243,0.18548729937903144
-0.9222321438952872,1.786301952621888,0.10348288497694522,-0.22869154867751595,0.21720056466751786
-0.9998383634174591,1.08774224413764,0.6199466717078123,-0.629302918189553,0.1939963952563405
-0.9889177672967994,1.1427820284283299,0.6234563250835076,-0.7662769024228387,0.050960207901374746
-0.9078669958662663,1.8040686472087861,0.05234822180151318,-0.645651628574028,0.06666051671737948
-0.9472846293322903,1.434179511087668,0.20926658096472972,-0.9257676481475595,0.23895301231671903
-0.9374803935525876,1.5234020196024154,-0.1390775321347342,-0.8329949586851387,0.09621543953502093
-0.9468903883156556,1.4824504313608358,-0.6122098967744832,-0.9463061877675958,0.032924353136338146
-1.0187754531831348,0.8710362291037209,-0.40626126632579035,-1.2693076744531948,0.0836431533735064
-1.0380193499651469,0.7017868968766698,-0.48295723733446005,-1.517876539234672,0.1306826191033732
-1.025592177251171,0.7946072564193186,-0.6548292979878825,-1.5503713704237403,0.20102750980814305
-1.010841579700267,0.9103401210165633,-0.8076084128333283,-1.5458145284013023,0.22373086732356645
-0.9782870647558529,1.178265553204496,-1.0794208047288447,-1.2854308715683027,0.193250661204913
-1.037293536884436,0.6498941178455993,-0.650487893190194,-1.182530449341265,0.12312467391839411
-1.100405855165794,0.08792199222007144,-0.17252945393776936,-1.215857143861746,0.13174247357184093
-1.1589258940491174,-0.42560874062074444,0.27681880828632544,-1.3511532131043213,0.08420358180030293
-1.1533805117273292,-0.3806264673466623,0.2301174673379351,-1.310706720814825,0.24129422930119437
-1.0856127118802597,0.23179988792729453,-0.31229668518912357,-1.1928408365245369,0.10383134653904617
-1.0480527996650546,0.5732629249968706,-0.6171549968142225,-1.1009061761314713,0.1110743483605754
-1.0681358935305993,0.41014189385198296,-0.4687720770729604,-1.1885413575613772,0.11001004713442485
-1.1261337023732387,-0.07476696337967713,-0.04682466799702565,-1.2722740307329887,0.09895240125323608
-1.0787589117746565,0.35776996633862135,-0.4476286140927262,-1.0252788566462208,0.0644847780039797
-1.1364646040654316,-0.12441726209528829,-0.009052313701035857,-1.2085312803828836,0.07485416022249183
-1.064368802156619,0.5306240361318711,-0.6063454279930124,-0.9136040370642152,0.05229364351734382
-1.0871874779816677,0.3632913968504677,-0.45705474521992756,-0.9911389483618895,0.05355100027325921
-1.1214009813360053,0.08870045096234107,-0.21703997311181694,-1.0373408623760445,0.05431421342890205
-1.181268648416506,-0.4041209282082503,0.22173321470782584,-1.1897647013158656,0.06308158541051974
-1.1659572162501892,-0.23849818082766588,0.06920172342306265,-1.0902541060451874,0.057344043396837574
-1.1300526160472368,0.11036269771356522,-0.257283881631708,-0.8561519448965217,0.05040030891069249
-1.1652325196896136,-0.16578258459029035,-0.004950682373498931,-0.9827269924797963,0.01820822681903646
-1.0771604678860198,0.6352122235833819,-0.7400794038552642,-0.5521583999774353,0.0044879662016026846
-1.0629894293217874,0.788279610320312,-0.8933228094902225,-0.3848368115921791,-0.026937445396263675
-1.1046675419616603,0.45497439114695126,-0.5932396399104195,-0.4877836103045169,-0.007401625861001934
-1.0758550375960363,0.7380766743554601,-0.8492616013212768,-0.36523413675514405,-0.015027631498097303
-1.0671822422742616,0.8435316438243479,-0.9358758268873639,-0.35815273384418056,0.00024396825919377143
-1.1199802991928465,0.4127227144753592,-0.5381805976153625,-0.5834705405150367,0.017825648964527076
-1.1895447340771546,-0.15994438255488716,-0.02645422263406856,-0.768564084388226,0.03015418704845052
-1.131595105853831,0.3721291862893414,-0.5002593602098061,-0.5860324433848562,0.024197497619690936
-1.1295603818820636,0.4233681420742051,-0.543937574401558,-0.5500552183029729,0.03656309107216914
-1.1344069850373704,0.41024618266702195,-0.5291095023833366,-0.5304822814831902,0.039043927094424564
-1.141190701639398,0.3723346687425624,-0.4329222315282066,-0.5161423832990346,0.0008916451038799821
-1.1655534466669333,0.13714729072695037,0.08624006313199686,-0.5448989624705314,-0.039586386201985777
-1.1710569975972906,0.04900525196538611,0.5315417851073315,-0.46283563406564227,-0.08586960340551587
-1.0964731983979725,0.6376540726977377,0.4597433643364992,-0.024200455240153775,-0.14953043263212418
-1.0722983963571513,0.7906667355088985,0.7302200861789803,0.09809885296854276,-0.11476168867963517
-1.0404880165466195,1.0767238418941267,0.5075739325101006,0.120518334351998,-0.14184041406599698
-0.9912973189252304,1.4381581834605044,0.5124179876329401,0.33479236703618964,-0.100777628833008
-0.9665806368273674,1.6255320359955903,0.44773867403859613,0.445681539497802,-0.12177746876314749
-0.9793863107012662,1.4741620545988012,0.693421591360171,0.32489163261056675,-0.08285181000315182
-0.9536150251659661,1.680364639515761,0.4667222852026964,0.2842120580011012,-0.09382942265980544
-0.9548796343984246,1.6218675912470497,0.5658325114980213,0.15584565276934298,-0.08293910651199365
-0.9260930184106381,1.8410697209110511,0.2873958093976914,0.24717454971419844,-0.06626001330014468
-0.9401950712322231,1.6905761902183618,0.2760172263618581,0.17727786996932957,-0.0674424936165318
-0.9367614216626113,1.714743576847833,-0.01835220138795113,0.13614644463743136,-0.09584267731027023
-0.926396337530892,1.8014147136905234,-0.4146300143064876,0.1603010479923621,-0.11270296719903765
-0.9666139603539605,1.501049531713329,-0.7720948186846849,-0.13756116697169024,-0.1683528580938102
-0.937767151085852,1.7379364272955988,-1.233543825453321,-0.08672467837434837,-0.13108666651718676
-0.9787857575125124,1.3783654024770096,-1.2048067493572785,-0.3011081479068011,-0.086287466396724
-1.0179905479980604,1.0104362941428342,-0.9985688317209891,-0.38643362630597816,-0.06004648831993657
-1.0130809879198608,1.0232105021292117,-1.0849493702619075,-0.2997412616454445,-0.07883588758056949
-1.0208533775446718,0.9338840838018624,-1.0340255078117342,-0.21743109912167322,-0.11529977148690607
-1.0675732929287625,0.5035012251356611,-0.6648006367801479,-0.2980642295079028,-0.14539442556794277
-1.060866851720175,0.5504452648326897,-0.7264650914407306,-0.18577366966645414,-0.15755523577540187
-1.1350987480651231,-0.10175036668627822,-0.15588119293539854,-0.34087266429727736,-0.15257502580438193
-1.1702782288542934,-0.4098369594120411,0.10483851246620633,-0.35558477033338975,-0.13410682205200763
-1.1125497648469471,0.09955816197815716,-0.35930437222237627,-0.1348921796124674,-0.15998333199633338
-1.0837354414329647,0.36384670803124564,-0.5946694906001223,-0.06412598768069616,-0.15831374031278295
-1.1794023008040488,-0.46240214428080934,0.11592975913362621,-0.09694079852205682,-0.09932107398525172
-1.1547489012195566,-0.22222390916531892,-0.11237986487323122,0.06892866604651354,-0.1364085175544734
-1.1667133524228068,-0.30980972579284083,-0.051079282159917444,0.20418714326002343,-0.1287100617875328
-1.1923026015013916,-0.5028124402713052,0.08670690218182128,0.35504278525796257,-0.14330590356524736
-1.2123326078592678,-0.6499257176182747,0.19853975696268011,0.44827426306490087,-0.1387582583782954
-1.1954412988159422,-0.4720715900324434,0.034043014155471896,0.5729236305175871,-0.14490933056163433
-1.1775842778528987,-0.2865712449699505,-0.1293793315077454,0.6448382211330689,-0.10784418366830072
-1.1954846224621505,-0.4158910918470022,-0.027670439402669503,0.7085844308118774,-0.0844263923065908
-1.190884120008321,-0.3375614331807483,-0.1107047569480996,0.8211860118716666,-0.035450079805890246
-1.2388696259449794,-0.7309637984528535,0.24495305313490523,0.6474030215186221,0.01874726160568492
-1.2477828343615525,-0.7791026517897226,0.2981465861652809,0.5972269618463772,0.07720557463824601
-1.2326304960450223,-0.6141460296236404,0.15078531469590403,0.6802600481153921,0.0723430210918756
-1.2289158350291576,-0.544168058794638,0.08887148667607633,0.6968263353727281,0.08589225956527487
-1.2433797080578746,-0.6372107547499632,0.1764481946903617,0.6523782705364644,0.12229526210517762
-1.2615905231642235,-0.7627132199561583,0.29461537104549,0.5621681245182635,0.1363279234943242
-1.2672196922688894,-0.7785724806033484,0.31502141856093957,0.5329004934869407,0.16979824769242222
-1.2782601324815503,-0.8437976947397638,0.38376722564789156,0.48312022749019173,0.2356981919373009
-1.2776374670039818,-0.792812089659187,0.34384689085018255,0.4441870882195166,0.10212057487727084
-1.2842237132585224,-0.8234504799663388,0.373063125272559,0.4574586269337369,0.25192274008896115
-1.2754455664654296,-0.7069118110816156,0.27234791175474177,0.4851455781444892,0.1975516219965385
-1.2738361700737972,-0.653249622642691,0.22935522990179136,0.5152781885782255,0.23286854236098162
-1.278081554198026,-0.6777166705714915,0.34850399880961885,0.522746033751901,0.2701397436441578
-1.2815270547692523,-0.7209846415821097,0.7195163352464802,0.5152386900813154,0.12416935045518832
-1.2215293928696245,-0.23167373633194008,0.6140395372255856,0.9384292276177302,0.10453581129470595
-1.1945291377322647,-0.05044256381295949,0.8824412761623103,1.1261685152248957,0.07669877862402212
-1.1867775491625074,-0.04416857830517703,1.32258502177308,1.2010050190632247,0.025596485888994436
-1.1976834182598057,-0.16012472791348842,1.6602977710895943,1.106079424709519,-0.11058641142174808
-1.145393114133324,0.22958667526572699,1.6884818123490535,1.2317915067477658,-0.19443730337746468
-1.1392663753002783,0.32116383876176496,1.3510193972690283,0.9681355446434631,-0.17825699733845804
-1.1273981535236617,0.3183233709773392,1.8919739984955584,0.6121254815975689,-0.07970776031886115
-1.0268276571575992,1.1639238930413471,1.2278650518355443,0.40323864776696605,-0.13274248851292114
-1.0268906261705726,1.1581115226656644,1.0630480448445225,0.18242110813606033,-0.12805927243564158
-1.0326730795044297,1.0880820478184685,0.9845504765850217,-0.026936647001960728,-0.05910511648666035
-1.0016552000410206,1.3370580674819126,0.6082973633314833,-0.012761669113831779,-0.04414234524991653
-1.0329235670624706,1.1465056323563207,0.02696354022128996,-0.29772548357608725,-0.02507865854468618
-1.0393723783531015,1.0648667949280646,-0.08374187319414385,-0.32065592123979175,-0.04305395750202883
-1.0519549449865988,0.9511264773639645,-0.2269246846780968,-0.5472481588697381,-0.047885479781496106
-1.0104476880661413,1.3072300528943397,-0.8327941405957385,-0.47336947411722874,-0.03805551828686643
-1.0056499007327246,1.3436693121304388,-1.1204046217962318,-0.46461221417351706,-0.026993827539025548
-1.065494090649518,0.7938849293583139,-0.7642063221916875,-0.5992082437893207,-0.008073986928595353
-1.0608364068104623,0.809464757228415,-0.8668011572360506,-0.4833309145387344,0.0007091005007217394
-1.074524367145394,0.6620816705563026,-0.7670814646638641,-0.3986553562223256,-0.013241592418201602
-1.114532149090036,0.2927393518131192,-0.451347056618054,-0.44510348281348144,-0.06673856775259314
-1.110258124258162,0.3134881857313342,-0.4899533654412351,-0.3358501879099905,-0.058693238817560486
-1.0886442917691899,0.4981331896945709,-0.6808366247893596,-0.12912636880815315,-0.04807320170190176
-1.1063112292125188,0.33567761099846266,-0.5508002559808495,-0.09502777325058026,-0.020821011827248645
-1.1053585265521497,0.3485031683324185,-0.5732754263447956,-0.024063001024775574,-0.016482202084235092
-1.154072458143206,-0.08103173326868919,-0.1939378261216726,-0.1487454742311221,0.007303339543433146
-1.1293176999524794,0.14157655567938068,-0.4043719911330813,0.02359305524083289,-0.05033351973488525
-1.0918265785888703,0.47790373020427684,-0.7186048118883045,0.22188102218670813,-0.10630592958080712
-1.1343106879766194,0.11475751443078701,-0.39765996401723663,0.13315716805207728,-0.16537935700679673
-1.2096082596590856,-0.5344223909795722,0.18250854860674218,-0.08868655606488968,-0.20159639066387075
-1.2235610309078657,-0.6430139361460231,0.2630908844873117,-0.00928313476950671,-0.17946071539977043
-1.231851245806552,-0.6961917629716434,0.3036024670362588,0.015674117774209774,-0.1868009851951889
-1.2305146027212934,-0.6628393157735585,0.2583025396347563,0.1707446772552531,-0.22116690698619415
-1.1626082422053432,-0.04587305818438483,-0.2749311081120374,0.2719624152576882,-0.21410049014907584
-1.1682215047359776,-0.06596654695181559,-0.25701613909333004,0.27555196124050363,-0.2204133620004029
-1.196519092547414,-0.28124386038358135,-0.07183919246528084,0.27871929044111765,-0.21195578401622117
-1.191468361834852,-0.20392309938217032,-0.1490397163519579,0.36920225143989005,-0.22842431679788858
-1.2227075194773118,-0.4419270626062257,0.05962531866938246,0.33595776170907615,-0.2284228475274128
-1.158620995269378,0.15416775744149744,-0.4786298027544726,0.5939413220310805,-0.23966698946022252
-1.2153434533521579,-0.301508684117392,-0.06870902675260204,0.4255876070128862,-0.20300801322100243
-1.2007088889029671,-0.13672967605139394,-0.21513702447331698,0.4965348587558297,-0.21047897687094363
-1.178046428577116,0.09691871791946105,-0.42334470899028087,0.5896233276177869,-0.16484417361928327
-1.1508489645578626,0.3693736172441657,-0.6771230332642271,0.7421829645673036,-0.015585069470356231
-1.1391435432344672,0.5086317525838616,-0.7914066476785596,0.744824363353242,-0.058472647283007814
-1.1687828753338814,0.2789751168215359,-0.5718084292025702,0.5974260671727908,-0.1303797693351187
-1.1746478056465222,0.25205601298012287,-0.5441264510326788,0.566233709150026,-0.07122260394059808
-1.2021919406771084,0.030334953845384642,-0.34046070344340174,0.49661575770781374,-0.0005623373147762885
-1.1498652454372853,0.49152713005862125,-0.6467854008214583,0.6971882692306538,0.056066120776265514
-1.066067727898326,1.218320839947603,-1.1255789208063272,0.9439251308625332,0.07936921293841584
-1.1257115715934582,0.6948875845028432,-0.5630953140026758,0.7851328114158086,0.08635914016041438
-1.1711556436955088,0.26722186625854377,0.013177908804344047,0.6166531309782428,0.08109624705148681
-1.0566416494307627,1.218517713271234,-0.5886421842488792,0.8917880996966839,0.04198554002736272
-1.003139462841563,1.61468362696679,-0.6339855124091041,0.9400821400196393,0.024561204549021526
-0.9572818963355443,1.8986298116865035,-0.32599477416882444,1.0465746109393153,0.00987599490242595
-0.9410452533730393,1.9672118813422974,-0.1369267065368619,1.0871613479176574,-0.11416555377443335
-0.8813362887185912,2.3786507031154276,-0.09786410693288952,1.1746357624417567,-0.12502514275178986
-0.9160955484417723,2.0314430351184574,0.193693606252869,0.9250412633594594,-0.11640722321920494
-0.8771545705257684,2.321685061683788,-0.07759247815346365,0.9718183087071137,-0.11435536351126278
-0.898908870006604,2.0762226280487854,0.10868308568303287,0.779530834167133,-0.07032502134039077
-0.8644676646652207,2.3510965349768767,-0.29739233984129626,0.8219281166648924,-0.07237252253257219
-0.9550650805867722,1.5449265404961274,0.2013320529421659,0.3394910057198522,-0.08547949652071646
-0.9252473650230011,1.817626484093264,-0.42104441345934496,0.3526247160697585,-0.12295801654575915
-0.9467425170870257,1.677025974180987,-0.8810303227428414,0.14564246393295807,-0.15547960047195195
-0.9367012054470978,1.7499462031038835,-1.1772877697470776,0.12856612984782786,-0.09555503384510154
-0.9686098300349982,1.4807904286925175,-1.275178896035864,-0.026087557493386575,-0.07469387034682287
-1.0064478072216942,1.1443255786827244,-1.1277449203939691,-0.16690036949054882,-0.05417214263275009
-1.006360663591762,1.126688909473036,-1.1937813156456363,-0.12303321484268737,-0.0668408434771554
-0.9950245288097057,1.1994382737960876,-1.2816682061602285,-0.01867856703405729,-0.07600841634204877
-1.0059044335348433,1.0814968399887024,-1.193997864598346,0.0439517017609193,-0.10333286486210896
-1.0413893940046322,0.7597328445901134,-0.9028149017041928,-0.10019374416576697,-0.09369382530213155
-1.0420951948329087,0.7500550215700854,-0.8925372689390405,-0.1238582910604397,-0.027297628154992346
-1.0287149480340867,0.8553197577162668,-0.9737369737630411,-0.16711308766229258,0.02783023917532035
-1.073889354452016,0.4540803383357023,-0.6248918684035643,-0.27339280929343845,0.1915847380181128
-1.079919116096515,0.39029328745831193,-0.5648892912183662,-0.324718962541376,0.22878628992593808
-1.079493362318481,0.38538939541697015,-0.5560389807581428,-0.3549797059089876,0.23277669584490374
-1.0762691754114644,0.4010800885687965,-0.5749433559602617,-0.31848967565804476,0.200395251643728
-1.0867439226626354,0.2996648605323919,-0.48387989392008035,-0.3604119543690177,0.2163793928896289
-1.0828085577031394,0.3195652359083704,-0.5085539282200215,-0.3307852983015162,0.23440063776737266
-1.0681460138073793,0.4279898378978121,-0.6077124594287946,-0.28025599200219525,0.22422588500707805
-1.05778747748807,0.5115404375650621,-0.6872174911408371,-0.22445071081039314,0.19866089433067258
-1.0108947198900309,0.9024009780623516,-1.0629457693710078,0.09225976983580254,0.15374019007962972
-1.0412034784586506,0.6225169609723509,-0.8281384874008394,0.0715640547919914,0.139567894477943
-1.0574940797406394,0.4711051179197677,-0.695565429199959,0.022862697151115753,0.1929307044886034
-1.0186903838847077,0.7971323940687793,-0.9827157602737309,0.09812512032867085,0.20933567201976377
-0.9968623068217635,0.9773704067849805,-1.1388922441266758,0.123223385702988,0.1939488053848176
-0.9652193816583281,1.244609598766696,-1.3815353989416563,0.2448579086071927,0.19598155308037815
-0.9573652747301873,1.2979396264312963,-1.4435188750635692,0.33477548494967013,0.19578372901727298
-0.9362182961824246,1.4720674072603877,-1.6054518703289635,0.4413916870715266,0.17215002110444066
-0.9674268961099541,1.1879613962705293,-1.350776103472212,0.33685565558474245,0.14919342138173888
-0.9836996114034626,1.0337358836328099,-1.2154199671439372,0.29664475446741323,0.17944665477918598
-1.0150590471631984,0.7480161782290506,-0.9530325334439447,0.15249621899781257,0.14499717228704556
-1.0458440003335987,0.47069542588013014,-0.7017764326550188,0.03708788286498398,0.13635004716278482
-1.0324782532563817,0.5767641077195589,-0.8022928565321066,0.09620345316611673,0.174201177739447
-1.0242906418790814,0.6462931744876113,-0.8638712938933641,0.12552678506221762,0.0753550501900122
-1.0522180588649706,0.3979222613970556,-0.6313886114998871,0.028379341577550333,0.06574392901401409
-1.0098046095987814,0.740969682346745,-0.8103642627626391,0.18766391521625667,0.0908522051702511
-1.033218185414103,0.49940580575365834,-0.38667202302680975,0.12308478185711681,0.07003978597208807
-0.9747722860359488,0.9751530168492153,-0.6186130600687121,0.2757871202472804,0.01578545935151625
-0.8622219410743168,1.8864910406015358,-1.0372880064647707,0.6253867295723196,0.014220631632619085
-0.8672744641309212,1.7461781451517067,-0.3908028290300957,0.5120491293913646,0.0928469757516971
-0.8569001355189226,1.8144763802867687,-0.35905455677695214,0.36415879308966864,0.12258138399079314
-0.7783709663358508,2.4427722074560143,-0.680225602057003,0.6260511093621838,0.2541576713018499
-0.7499797117763278,2.6989138784062594,-1.0523527888531097,0.674313195576327,0.20857505309819366
-0.7657056374844926,2.469574723864767,-0.434400048821358,0.5419760046535634,0.24458663934760477
-0.7862823861232988,2.2782973505463033,-0.3829756272068886,0.4179172691355241,0.30387703683743383
-0.823883854565687,1.9299458685438968,-0.1347660615274738,0.19860539631332863,0.21719310103672645
-0.7851505236864477,2.1800190243115654,-0.0833246162843658,0.3317352750552672,0.2503417893333036
-0.8288106325140733,1.8310071811498978,-0.18318640509309836,0.02375187366634897,0.27708303243000787
-0.7821870526176192,2.2001314619936623,-0.4997137895230723,0.14548903165715507,0.23356645694354422
-0.7876607013813683,2.1773468868377734,-0.7953159030080473,-0.017267955889543656,0.12059459837753071
-0.8243345885378164,1.9114895828234826,-1.0648780339271442,-0.290307092679209,0.11308443717091445
-0.8636696630077882,1.598954580624254,-1.1438654667959438,-0.4823221924763808,0.16069565335670988
-0.8568952760794891,1.677406154849022,-1.4930309070757046,-0.41466366020896667,0.17990591388083677
-0.9022716973868267,1.2775708662832024,-1.248353260836093,-0.5193815269383493,0.2744369030406625
-0.9271491494598693,1.0544963449510245,-1.134042546165902,-0.45938184443115937,0.2976431099964009
-0.8962748638886597,1.3209218710715127,-1.4182771535847534,-0.14051794593247247,0.24931288680198346
-0.9250856032704747,1.071674055172756,-1.209010763155095,-0.12434276104083539,0.09406661267009989
-0.9548128901379012,0.8115463862939865,-0.9897167456484653,-0.12226512423705516,0.032981253004152014
-0.9592904300296891,0.7737835503636623,-0.9685389939069439,-0.07291408969351522,0.01752728044763498
-0.9373430491333701,0.973432194952543,-1.148390704416472,-0.00453015279757334,0.011866240771601174
-0.9837763582323632,0.5779046482438227,-0.7840026875511283,-0.2068279653871179,0.03412906092290516
-1.032580203812486,0.16053522283612356,-0.4052820783471542,-0.3962166354776756,0.14736775141204456
-1.0125602891310423,0.35145256683611803,-0.572333141691354,-0.330472203690865,0.1190960018348102
-1.0379370641333328,0.14940185165720052,-0.3915357499513182,-0.4009019212779495,0.1125810876019236
-1.033647507253515,0.20801865251026042,-0.44689321918321906,-0.3508712532872448,0.05921573303296
-1.0018686739444909,0.5092970983846734,-0.735785579934173,-0.1562960888769468,0.16720872939007417
-1.0064959017635204,0.4876607859046578,-0.7150341368159363,-0.16358730223860415,0.23325313404808037
-1.033840311057038,0.2669897550650879,-0.5116432903252311,-0.26241480572124964,0.2472257622588744
-1.0066364973469213,0.5170851134529241,-0.7269715706323023,-0.20670065085907305,0.20331669457763016
-1.0260343406318604,0.3591910308829228,-0.574645291051589,-0.32402887468974695,0.13027088831905506
-1.0454572972336138,0.19458083694410985,-0.4286732476541955,-0.35579886444735875,0.1032057928103825
-1.036674109103598,0.27693734790983415,-0.515616044465663,-0.24220972933227972,0.2043981481218352
-1.05674137993766,0.11209389130775832,-0.35683105340090066,-0.36136403737041395,0.1280605038263588
-1.0453044232264677,0.21602087592452224,-0.45754976910089645,-0.2792460462897629,0.11126792509534447
-1.011849527157874,0.5194234404547016,-0.7528577687290893,-0.026750872943348707,0.03852985505616984
-1.095152263842616,-0.19945704107135662,-0.11761020396833094,-0.23344152205238158,0.022168398127920274
-1.1397027421277597,-0.5753655111836787,0.22083248173657866,-0.38845109471769806,0.05652992634894103
-1.1397421420071985,-0.5536162240551654,0.19981194230949012,-0.39857205131853907,0.0026036401263694327
-1.117764150208915,-0.3396685240233087,0.014638988804092921,-0.3579198061310579,0.005073017015164942
-1.1041937394490655,-0.19327204986052096,-0.11782784075682086,-0.2995889310412593,0.002076310498530122
-1.0324833665562496,0.46231448141930953,-0.7105483615160303,-0.01704164558272191,-0.005366558860720667
-0.9874026009698716,0.8870318058769746,-1.0999473567721243,0.20956926784438754,-0.026904187077006862
-1.0141890264378666,0.6795060964838542,-0.8918424632124501,0.09336548230159208,-0.01014562373286103
-1.0459427522807645,0.41517329617561893,-0.5341338255394452,-0.07066715574739153,-0.031128901848200094
-1.04124949991914,0.4375149595595811,-0.2580017885856653,-0.11455497216343409,-0.05754272835065211
-1.0508423100154607,0.3225445371961842,0.2229474025949374,-0.1446898133460368,-0.0605753528842339
-0.9406036636335062,1.2307168574831486,-0.15318611906050994,0.08406688182586099,0.03089029773592196
-0.8961154571609198,1.5733019228947605,-0.09577190713588213,0.20447563239354202,0.08409685102903859
-0.8857902470956518,1.64484364255199,0.0030595454348543547,0.12914502460654698,0.06620520801215155
-0.9157740827620625,1.301471480695519,0.7357853978501093,-0.07020734952503763,0.14602707402581164
-0.861524084974131,1.7312886102547682,0.5267076485936705,0.16535891637862796,0.12394271556875464
-0.8664617282579288,1.6435701795659585,0.7174192910314681,0.1480250580898653,0.12486945408556087
-0.8996708169436318,1.3125546492353548,1.0593930036490458,-0.09341122744632724,0.13376189540066863
-0.9068571162212334,1.2265810411356082,1.0453242874892177,-0.24465342315670746,0.11772139557375667
-0.8787238738543967,1.4289381670273518,0.835436434459095,-0.18350657606760662,0.12751759658452003
-0.8672114894401872,1.5094971478767378,0.5843457679415499,-0.2223409648580553,0.12817968784150477
-0.8949650868818532,1.2572053149205347,0.5805339140155317,-0.4522359147202415,0.12654369718992492
-0.8676601981052208,1.5050466611931685,0.010672400570933027,-0.4615396793294154,0.11565023737174551
-0.9058672585283915,1.2209358819234226,-0.29564089346231753,-0.7623119992562452,0.06748389111395102
-0.9354640977411615,0.9667415510377781,-0.3905955153421225,-0.9589313958454345,0.12067820689862994
-0.9427920175260908,0.9292574976704997,-0.7558320999192633,-1.0430081598669219,0.1506444407714286
-0.91326420871559,1.1706568754128788,-1.0907440405126179,-0.8652854512032886,0.18336606217496176
-0.911097781033544,1.1827821640315612,-1.189390605099347,-0.7835743955671846,0.18399998487196512
-0.8937787467692043,1.3212779439154936,-1.3407057786585588,-0.6499043407767708,0.17408126558045556
-0.9167815290919431,1.1093648157236413,-1.159735008608268,-0.6780921794770692,0.16351942873342015
-0.9234553224504027,1.0530316363892318,-1.1165524913516032,-0.6626006374985508,0.1515876445735592
-0.9128945772964141,1.148968403770749,-1.2028136095891762,-0.6243855788203405,0.1581660481641178
-0.9425986018618647,0.8940353478078676,-0.9745695066296305,-0.7165478721646529,0.1604140509813183
-1.0027432435761838,0.38059195168837756,-0.5223036988883402,-0.8711449804728297,0.14497642515690085
-1.0066461320938047,0.3598034224118727,-0.5113983635203094,-0.8409432047406167,0.12864228713212994
-1.00918871365251,0.3592001549783398,-0.5207764853538773,-0.7946820348680743,0.10489214218462105
-1.0207729320715373,0.2839066116421236,-0.4602717616764681,-0.7840638001831869,0.09579808145424576
-1.0232919216154555,0.2898974619883326,-0.46976607201567944,-0.755536558037715,0.08878449230826463
-1.023614640930445,0.3173356147225836,-0.4966152948451105,-0.7351853129386501,0.0774238567417754
-0.9867011243533711,0.6766565681349271,-0.8191280815959414,-0.6017736663278266,0.05473663072797942
-1.024712892890426,0.37856028391153057,-0.5495529266498378,-0.7149729743413312,0.045211158513669046
-1.045772697344334,0.23152687382899673,-0.4209752076459143,-0.736275089230587,0.05674967535705086
-1.071514947300046,0.04260331603609118,-0.24624925318854096,-0.8189226344516122,0.06146681945013044
-1.102455476565444,-0.18831675733613343,-0.04888648267718985,-0.8059786500667467,0.06934397745151255
-1.1432174458142605,-0.5121031247179163,0.21695654309525675,-0.7277773202629774,0.15313135317296084
-1.1526319844917388,-0.5589863840336416,0.2521659339117733,-0.6775031164783741,0.1997767676143282
-1.1793941413963394,-0.749678845698283,0.41962322632254684,-0.7229157552526084,0.19746785292838345
-1.1624812085895586,-0.5517587050155863,0.24728748805690934,-0.6813978212550468,0.0851952615954804
-1.1500193024186232,-0.4044337742897383,0.1288582563901642,-0.6927109412317779,0.07156488141014215
-1.1792420580648757,-0.6186848067397339,0.3093265378895973,-0.6715291050946469,0.04382576666929092
-1.153942698653823,-0.3574181590550344,0.08965987126341551,-0.6625589088928986,0.06094996888662866
-1.201511528879152,-0.7341466581354888,0.41906228063199036,-0.730316826522954,0.04789651248578689
-1.1866250158010114,-0.572334814204599,0.2765272798755874,-0.6728476290090911,0.07151150565859556
-1.1862795599933222,-0.5284575998462882,0.24318664237269463,-0.6812475672795466,0.046956810919913834
-1.1920608699374782,-0.5438610573011495,0.25027716592920624,-0.6341656680297297,0.05352591910307957
-1.1730246461281175,-0.336440369934029,0.07951340174454449,-0.5395322360371729,0.03507026769052981
-1.1689541716298502,-0.2869423534225397,0.18296831380039885,-0.534812109711087,0.010847151704606288
-1.1520464190153001,-0.16155730860373427,0.408423805707021,-0.4892683478470594,-0.02924615280270243
-1.1534885121427143,-0.2146216481522221,0.8448053998840304,-0.4510598422059382,-0.057135500751720594
-1.1595111324277618,-0.35771991466707775,1.5347701305803023,-0.5000692647300273,0.05602182312552939
-1.1235798179519791,-0.09562603732159829,1.7186606067477226,-0.5665899369823855,0.09622610910185232
-1.1015435428584046,0.08914183893305577,1.6675971073459217,-0.5443537620850916,0.06720657447953148
-1.0707143553960423,0.2950453525909368,1.8234765630332745,-0.5529348266367768,0.12088294364324555
-1.0567325354648351,0.37337621832767215,1.9197576482769805,-0.6429607504951185,0.14336378686903808
-1.0395207790660292,0.4809698996516719,1.9115878710293435,-0.6722128440592468,0.21378337819228935
-0.9772307912313749,0.9964330665812168,1.4768770031932845,-0.528303447353141,0.08352026711837152
-1.008964459196257,0.6927419846322582,1.6554926839772162,-0.7993795124832376,0.08055421170062428
-0.9838210149357491,0.8576441310203519,1.4968895615185258,-0.7841693856648367,0.09988148609561588
-0.9624053833299243,1.0162617230602324,1.1858472790456966,-0.7599953480124652,0.09788239349572027
-0.953444591219386,1.0697374967617235,0.9271129000894831,-0.8301396739585033,0.1201045562204098
-0.9284841275616603,1.2821133721108786,0.3788658379825612,-0.8588550464470042,0.09379308961599463
-1.0072279630765903,0.6347603087573447,0.39239044552223856,-1.336945093860192,0.0445943515229097
-0.9758605975704046,0.9050000828151,-0.22635540088846226,-1.266484186997677,0.09189595641566879
-0.9915632919399875,0.7773943621769916,-0.5324405490534454,-1.3230855486336432,0.08851269689372984
-1.0294771126439832,0.4171885969769492,-0.3323706874095807,-1.4108310533393285,0.1326869454784996
-1.04061771387156,0.2980440032118984,-0.3256005994710339,-1.4330648110665534,0.1215410987984981
-1.0486825734686427,0.20421280773753903,-0.27835400033189295,-1.4061783600316484,0.11737998617408914
-1.029884098327377,0.3537589576666152,-0.43419983528761064,-1.2603375629510312,0.0976831661564545
-1.0741187074742267,-0.0392061221898,-0.09254725595240446,-1.3497806727985249,0.09399829262328392
-1.0491811527705086,0.1783039105155562,-0.30069390307211097,-1.1928224357260606,0.08995772311793944
-1.105228782078235,-0.3012893307969392,0.11823901836652091,-1.3028435249364398,0.08894142963674326
-1.127678433234326,-0.48411445671438436,0.23839573480960197,-1.0600384106181873,0.08438683400970164
-1.1093376578436478,-0.30132751120931744,0.020957306342046324,-0.6143817669422897,0.07042079273220936
-1.094943473395104,-0.14850947402491266,-0.14477086377162307,-0.36731590908304634,0.07659568896449676
-1.1445162633520463,-0.5540969461016694,0.19828249285417007,-0.3858867120698476,0.10773761679900024
-1.145391498342482,-0.5321554839359044,0.1551022428457543,-0.1752127678733779,0.11858076223217809
-1.1508961995898483,-0.5507505977260732,0.16351173243165218,-0.13066991613866824,0.11841746063550912
-1.1631291414018632,-0.6263032621557959,0.22175534007002853,-0.07954107524039086,0.16271882021961565
-1.159903637763469,-0.567171213977258,0.15376657921237297,0.05789574367517994,0.12480698151878501
-1.1653957281286396,-0.589773279046153,0.17245881203755128,0.07736713610797938,0.11970243039152587
-1.1865622866568426,-0.7486131951424561,0.31204568567616564,0.06301600921642375,0.08924014855319994
-1.200196970931785,-0.8480169569404977,0.39777078532217236,0.06769457608389311,0.11266137815418649
-1.1995458740719314,-0.8111005553393554,0.36176992528402685,0.09988493250443077,0.13968697901240174
-1.2004820213490621,-0.7883710885400724,0.3415616563170778,0.11174615134850668,0.15711146070889398
-1.2022033335685371,-0.7719048254799323,0.3189720233138797,0.17848152935090886,0.13106696679091945
-1.2098714205365029,-0.8115423981776996,0.35403191068345574,0.2046329521416534,0.12787375809851925
-1.210216830357796,-0.7820120948474288,0.331600021985393,0.19464789306321287,0.09669506589117523
-1.2094908513803033,-0.7514461850843547,0.30146665784932875,0.22933810688851697,0.09059977420066025
-1.1854063792143101,-0.5220034338693529,0.08846970507298252,0.42192195451610887,0.05237383505248666
-1.196679465500709,-0.5856267348798228,0.14983100369061259,0.3954504780734963,0.0741935251402976
-1.2228407200167373,-0.7864153878333601,0.3226440376301613,0.3569563312082659,0.11122964851395858
-1.2286118139209659,-0.800689575789855,0.3338166524431014,0.3803234588623928,0.10497767744575354
-1.216037773828832,-0.6545112205498441,0.20046369167431977,0.4609287865422984,0.1004200129643018
-1.215326379340498,-0.6236458732387786,0.20586733342177807,0.4400814210518932,0.10557899938983334
-1.2223180511364475,-0.6795068905093378,0.42639357670789124,0.35696639983162454,0.09124701201279242
-1.218334617898371,-0.6814479495240006,0.8016022127903508,0.25202028280766814,0.057640008072886724
-1.1869294085447348,-0.4426568259736751,0.9610935971671956,0.2399847852590611,-0.06215290651311092
-1.1462960245501606,-0.1541453591066437,1.1569455233202701,0.44339723951527243,-0.03486207560897112
-1.1401483695154517,-0.1637780696997841,1.5773846980263546,0.20011530982066045,0.03469225373058221
-1.1024445777659522,0.13370796817672356,1.512229161881607,0.0975536679890025,0.04248094849813954
-1.0620770809925568,0.41561829630346986,1.5831729562851509,0.0566424190677467,0.1380459151402272
-1.0395355154859867,0.5620438228631673,1.6307694971228879,-0.037860563758825405,0.18130036191456023
-1.0251093609307182,0.6375532225155,1.6909916100118725,-0.1905891932796324,0.22010044502813467
-0.9971962800979677,0.8369891435139674,1.563106992884717,-0.27455722536683314,0.2415972172185335
-0.9982003184918146,0.7947180175504373,1.5145091221786415,-0.480466783343631,0.230702437114269
-0.9856045579475662,0.8484024134594512,1.4703540756050102,-0.6180621031922926,0.25979836019982766
-0.9969825588408747,0.718931332175919,1.4358434515859686,-0.8838022293807227,0.26902732584669165
-0.9822926464008622,0.8262211285073213,1.1076422814703013,-0.9649840839980356,0.2567965826651556
-1.0021788086216175,0.6473175363470021,0.9361190709430581,-1.169436712833005,0.23279660782238443
-1.0173399113098582,0.5496714871953667,0.4874953080518305,-1.400958045745332,0.16422574180595303
-1.0358832196838756,0.39403094772194275,0.22434816109529923,-1.5657831503125716,0.22843689909951456
-1.0176298235582775,0.5693246598774452,-0.3309319450358387,-1.5089182360923452,0.2508697916464429
-0.9844559476777002,0.834065627316874,-0.6972983081353032,-1.3160752354742762,0.28011717197064695
-1.0015679919065201,0.6699988180880408,-0.6623506130770236,-1.3090536857358197,0.2642749800643742
-1.0517966375910817,0.21073140706878402,-0.283060711776031,-1.3754569883937027,0.2801711241655149
-1.1106623612698583,-0.31936478381172445,0.16191605440043452,-1.3944075136114966,0.2742184225020971
-1.1284372775555764,-0.47988173761510405,0.2803216728211953,-1.3230565337062692,0.2708935842619818
-1.1312473541655437,-0.5053993584116873,0.2807111535010718,-1.161588420822282,0.27359044113518793
-1.142689554676412,-0.5966240473291734,0.33316084524556827,-1.0227639936110304,0.2625386657542499
-1.1351448941392854,-0.5172759506256,0.23563996397026105,-0.8145604515182703,0.2160867810467895
-1.1144113372694446,-0.3149985391775051,0.004973594856744486,-0.39233419160192523,0.14364477891644192
-1.141692301272628,-0.5321149278081101,0.1687598267587129,-0.27515209140143104,0.12510884310384657
-1.1696067121938476,-0.7499132566829989,0.35764192057346456,-0.3145473732929485,0.1319868768334771
-1.1468252519432394,-0.5246810293377775,0.14284150592384723,-0.1241645028634063,0.10750563206734953
-1.1506672406896357,-0.5306240214898147,0.12059350749093514,0.08530996087777935,0.09402760756245065
-1.1458042983959769,-0.4555387179564703,0.03697117243019194,0.2278306311674648,0.07953415330108603
-1.166273152149067,-0.6061219810150505,0.1700825830978251,0.20702512837888729,0.08591070414634057
-1.180046329583837,-0.6956199283180273,0.24611846050002142,0.21722972604239268,0.0864304581705312
-1.19586137137431,-0.802397294990345,0.33924416375734334,0.21872560289593596,0.09725521339938337
-1.2030537864470712,-0.8293636964746002,0.36047595181228415,0.24548171413004258,0.09338111626662124
-1.208066573196644,-0.8409165620209932,0.37158049927828896,0.2581862454266967,0.10427037197365621
-1.1941101114857344,-0.6830549859030023,0.22661287976491085,0.3607347391998796,0.1054780546139744
-1.2136096990858927,-0.8223060641701166,0.34818922774874356,0.3406376987058167,0.09523837633289631
-1.2104138099416566,-0.7648479820087118,0.29461479685093256,0.41085188143795026,0.08553059222151227
-1.1924975655242938,-0.5740996610343989,0.12341831242044787,0.5089967475942253,0.07579452467843298
-1.2263446145366688,-0.8327898269699594,0.35374853734676026,0.422684743511901,0.08347933792804199
-1.2081240563026148,-0.6357816219798459,0.1767266487471896,0.5271955367764143,0.07227368851192174
-1.206833441514199,-0.5864424969666557,0.133592943047633,0.5604600796369608,0.07205342453474688
-1.2083341179459988,-0.5635376195246682,0.11805651370439146,0.5516028081554473,0.1230143259106969
-1.2362144523978351,-0.7699057472763693,0.3100486497306076,0.4184593636713438,0.1501856572255912
-1.251188483248229,-0.8632377987286195,0.3991700138593838,0.38325948957218026,0.1620519883637067
-1.2402045039336813,-0.7327592156458967,0.3103698179115301,0.4157753588896253,0.15942419631062021
-1.215892730781256,-0.5153893184744645,0.2909596396498179,0.4953544692926857,0.12024426107827699
-1.2206903363905364,-0.5762376162343408,0.6319604762303053,0.4824878167899758,0.03664250709281826
-1.215546792418906,-0.5666366144690005,1.0381487510915908,0.3585607742711621,-0.007132173157907272
-1.1498487044559356,-0.047054190565736835,1.02590069738602,0.771677399019162,-0.06875546034630772
-1.1477094100968905,-0.08683910360132342,1.5014412279127407,0.5407036161867947,-0.01850035462786586
-1.1159882554156981,0.15034678625146064,1.55545771920932,0.42753080272740857,0.006619282236193248
-1.0874513095722316,0.33233087473474776,1.7075591405863257,0.40190041876225635,0.07343111503504923
-1.0640234979886365,0.48742135299496164,1.744825629016659,0.28458419150345754,0.10540326296753699
-1.0457330412244354,0.6002447206410833,1.751101912938899,0.17245488240699525,0.12381908429370214
-1.0430419125558088,0.5760910199454817,1.8208176655177049,-0.03796008637923977,0.16437893065652784
-1.0247779033941793,0.7050535056499925,1.6150695833375566,-0.18188922429407778,0.14842464843627454
-1.0154636387031986,0.7321730116063007,1.562097050710161,-0.2864894080518185,0.17120828536884522
-1.0185970872967052,0.6701888583898328,1.4570543925389876,-0.4817890149827699,0.16744959379772625
-0.9961565211420776,0.8389822702625194,1.0843482104741864,-0.5659351163766624,0.1537566226580394
-0.9981164033023305,0.8187307897788647,0.7614441354994433,-0.6924715261346949,0.14939873349889074
-0.9948838271096268,0.8685863761614758,0.19915716897761973,-0.7983226278191098,0.08461669379745348
-1.008445616307137,0.7550516003281782,-0.11291625464154263,-0.931663076382553,0.1098920888877464
-1.0148193129677585,0.7156179648273768,-0.5111008307619753,-0.93926952526663,0.12789096911394435
-1.051882680652609,0.36629750902969127,-0.35716980930740105,-0.9396169165326707,0.14506095541490335
-1.0979222964208457,-0.05305364108868298,-0.08777761967626348,-0.990755118563634,0.1378082182907324
-1.1359249335325976,-0.4039471015334062,0.18622716669255693,-1.0118235663613984,0.15002409793801577
-1.140592762663389,-0.4560662886589048,0.20808833997240078,-0.8754508667732601,0.13891670485329558
-1.1566090449891644,-0.5970545094329903,0.30224757045685335,-0.7174125757128453,0.14127999433810182
-1.1627912602286694,-0.6392422884387707,0.3051356565369037,-0.5230565454304404,0.09266715986033834
-1.1660922133479314,-0.6529374939252834,0.2909193132334472,-0.35766136917920693,0.06637780608380876
-1.177421517884065,-0.7356575164334127,0.3517778306321814,-0.2900932217875594,0.1149444421596058
-1.1773434357907946,-0.7100912510101288,0.31790721014670953,-0.18197862151438035,0.08443252535534439
-1.152590672957012,-0.459836812543805,0.06055708489071709,0.14010578096296447,0.003140128949742527
-1.1870646223109094,-0.7313205247797814,0.2863348394617597,0.18174958250973278,0.025591655990759705
-1.1936290438307995,-0.7556116673221155,0.30410257424495873,0.21170089607292442,0.06049502709644864
-1.1710700471832562,-0.5183207974892747,0.06781770590001741,0.5105170589092328,0.004393536173616527
-1.1832292144828882,-0.5861828115284031,0.11519091610341815,0.5840204595234105,-0.017409232000581955
-1.1968151920272687,-0.6635460616102752,0.17660892168990544,0.5954381812102799,0.003339095392155082
-1.2105960014363637,-0.7524010426553878,0.25701116266708623,0.5845728896862042,0.029519806311068337
-1.2224057287101255,-0.8169580048292425,0.31994085484112195,0.5483511121485813,0.08673518135616629
-1.2219553406085726,-0.7746174089165522,0.28324498607295734,0.5770682807979254,0.08902577168118253
-1.1942889220984632,-0.49023729066474026,0.039412776507368366,0.6552852602925215,0.10022586139769422
-1.2014636028917112,-0.5120557327073493,0.06254598815680007,0.6407055692991718,0.12183865897455422
-1.20372766260879,-0.4936674146486791,0.05386044767936314,0.5955949428376172,0.1726351870893177
-1.231393555048002,-0.6941889958569318,0.24108614941687675,0.45938638788237635,0.21055437497015445
-1.2438186857730702,-0.7647525129296345,0.30599854472799626,0.4213578236618057,0.25015589155680795
-1.2507217678216347,-0.7950198374148145,0.33907284020958234,0.3931475853442421,0.2500298272750087
-1.2522229293527323,-0.7772165801732753,0.3235412410061932,0.4046517259671224,0.23375107664003977
-1.2469374537154403,-0.7042443020291345,0.26468613873704877,0.41719314305254684,0.257953161902061
-1.2021201758853421,-0.2910164591956904,-0.11565783036226489,0.6413353897520231,0.3000274461653254
-1.2504074499094318,-0.6873548033701841,0.24953426482398125,0.4269765493787374,0.26304641682203295
-1.2678770450954067,-0.8169242049801476,0.37273265236751313,0.3428040981126766,0.11437449365507085
-1.2694514716244003,-0.8253003394620939,0.39916609494350686,0.3830815408555323,0.11369386961253695
-1.2589520504498823,-0.7652505842906423,0.5275086889641475,0.4418298618937954,0.2694478203061652
-1.25084696461214,-0.7133587747769762,0.6851138003363684,0.5176110639432713,0.0985309592333455
-1.2191949403428282,-0.4948174401988827,0.8173257488392959,0.6763515361569337,0.05920812381753227
-1.179061037917372,-0.26470706824276147,1.202987624444886,0.8398223009726732,0.07217147239151185
-1.1648043196891456,-0.197773004798644,1.3785902850536687,0.7097597916731107,0.12235050154482613
-1.1680513749435595,-0.18583786529947813,1.0101355180151363,0.5146518177517532,0.1850979985357391
-1.1626948305421774,-0.22907441607340956,1.382240160891724,0.41793270882455796,0.17977552833217753
-1.118430632108919,0.07748188252099013,1.3848802376312324,0.34707406618276837,0.10925802747610011
-1.0622592308615977,0.4473062315361844,1.5044582088634082,0.45474465933890945,0.1415697031719747
-1.0484214270703507,0.5397564290424636,1.3222000665211744,0.24607240039489625,0.16086458088545114
-1.045156294522964,0.4852584974987914,1.5231970498666934,0.03658968125400309,0.16957138408060868
-1.0066534717456381,0.769735752850991,1.2084426594055326,0.05176095398660134,0.15027603958905186
-1.0036377077360061,0.8046468472374098,0.7526246790200829,-0.09003108379810643,0.15478289200215192
-1.0320642544600445,0.46502239291348624,1.1455961511897679,-0.25187753857003387,0.21248710404359694
-1.055314150888787,0.3183023372600804,0.5717471442246844,-0.5453631081991694,0.2881311728765122
-1.052925719368581,0.31859955119740924,0.27962336307015845,-0.626206747535507,0.2427611687007562
-1.0733674559776805,0.08105468001554941,0.4348435040489465,-0.7066459429285226,0.2782241272993722
-1.089113556838681,-0.055737306390870725,0.1790030331686264,-0.821484097011625,0.4045376203741679
-1.1211678861236107,-0.3624123147949023,0.26952133139159506,-0.9788445639678405,0.3751581826160103
-1.144046682159719,-0.595081646037683,0.3693036801928792,-1.0839708287715928,0.37683240805619767
-1.1496101154052927,-0.6929133388289817,0.4318526823339571,-1.111737769321499,0.3572082106962493
-1.1524136159008307,-0.7709202646326941,0.4869454612084354,-1.083305245839794,0.4840338415233958
-1.1376083247477813,-0.6844983665677032,0.3987320543220967,-0.9967657147072478,0.45387114178852994
-1.1380990001638038,-0.7240829383123127,0.3982051766409456,-0.8318569271382109,0.4063114387527255
-1.0879449774156298,-0.3260480993730074,-0.015422473747695153,-0.2689847499173088,0.31644754672530184
-1.0632108975384302,-0.1393941611205024,-0.21364043048094244,-0.009603351316698046,0.13425700667517068
-1.1041016758079178,-0.5266625346330668,0.09557696917440575,0.05205881399338661,0.08622542502061344
-1.1091695709611697,-0.6115587872161979,0.1756438843015623,0.026637079577573056,0.1511530329026135
-1.1113362275779164,-0.6619996432097871,0.21325699636759987,0.04206990668252067,0.07667592314848783
-1.1235888149390727,-0.7825490389577137,0.3011397319372422,0.0849706159126839,-0.20808474682266467
-1.07287550461998,-0.3635888043601879,-0.10801829050432181,0.46555289835839114,-0.21330825740995044
-1.0773658706917288,-0.42446837818004957,-0.08106655662824605,0.5789971164847382,0.0024147301675276804
-1.0821765981107445,-0.4813815116994746,-0.025342191313918985,0.5626679373513834,-0.18864381683095113
-1.1100006131300098,-0.7392879151632805,0.19917804616413795,0.479959121075411,-0.26473386226487705
-1.0361658423168103,-0.10782078526440649,-0.377323660724119,0.8177246780504933,-0.41916994079228376
-1.0351312250723002,-0.10446871453534443,-0.3978501783522848,0.9086901228567068,-0.43829080231355694
-1.0649985494549277,-0.37055121232923366,-0.17453385905792237,0.9011343656545672,-0.4299840262873866
-1.0879354156137384,-0.5613379056067762,-0.0026128258306085555,0.8020925653645408,-0.38803221467400373
-1.019988849424073,0.039296129658738715,-0.5207205551231556,0.8972011046176422,-0.3135500016019876
-1.0653473977655548,-0.341329662590112,-0.17341493449267836,0.7313739928012005,-0.26804094976633647
-0.9942474423193135,0.3023162238661836,-0.7492575602597377,0.9636816919521219,-0.24571952859690285
-1.09111708113453,-0.523904563158907,-0.01387339579560304,0.7517999719869599,-0.12456101588894222
-1.1115113207364353,-0.6724464547194795,0.11267987865813804,0.7390895735264887,-0.1058778332833095
-1.1006106894477545,-0.535141464413439,-0.0032681353660205066,0.7479523445901806,-0.213021023569937
-1.1084189060754008,-0.5770557807395826,0.0358159988172422,0.7568099741774333,-0.05224710567006116
-1.123565045113928,-0.669793546668694,0.11388460768417233,0.7673151033620145,-0.053496164133043256
-1.1154411764193506,-0.5586522944481163,0.008329174374214342,0.8532901582656977,-0.026383327667862208
-1.1491259446506101,-0.8236324599169597,0.28321826879710754,0.7300812138120818,0.036679431272718464
-1.149587265225565,-0.8227597796679922,0.508373161771219,0.6572735155683207,0.03479751466257976
-1.1234916325294626,-0.6204118343657528,0.6797570150623119,0.8409979403694442,-0.030371010353684804
-1.1145290628097084,-0.5795166053970701,1.0620130400003966,0.9613288756025508,-0.16545385656792494
-1.0580278646810661,-0.14854343065694656,1.201906254264731,1.2047313767890266,-0.2590605777351432
-0.9963369883345681,0.33124720802014124,1.2291246371940538,1.3989890126102449,-0.2485939492427876
-1.0447347480781546,-0.06073613168596799,1.4315255124607194,1.098758019533499,-0.22556168412543157
-1.0442705055110526,-0.05389235932221733,1.3594838408543284,0.8645180309280965,-0.19018437206815456
-1.0583072380205236,-0.20649588575388272,1.55798601553822,0.626468545917097,-0.16202831924994976
-1.0279164288015032,-0.013115740769103513,1.6255368515713526,0.6163955934069453,-0.12278410825084839
-1.0416568360775675,-0.11570592542242922,1.382049664104004,0.31557342511372366,-0.04611881062733885
-0.970039793784271,0.5130979036597717,0.5674529441309667,0.3934859248957707,0.07180910625796998
-0.8800781291894018,1.2222111498980726,0.0976110241976724,0.710722826057619,0.0840115934462156
-0.9127600226577494,0.9366634668879926,0.06207280049824439,0.4918969100682195,0.08052203265325798
-0.8605516126365472,1.3627483985382296,-0.4591361173947217,0.653172754035446,0.11022474880563916
-0.9379287678238765,0.6621617439188875,-0.016609464038742635,0.27337386785864914,0.12974644219581138
-0.9826947493496094,0.2590477460816418,0.10631798279796457,-0.038995251855151916,0.18041919451856028
-0.9959710767369041,0.12817075582926052,0.002905063950943475,-0.19488893938426208,0.18845572707262612
-0.9362078831896895,0.6371215722665378,-0.6599823131693145,-0.09555080978380191,0.22441506587952664
-0.955086255078812,0.44469951746338304,-0.6398109619802435,-0.03442594560725294,0.22200159430844793
-0.9530847944171037,0.431464882369667,-0.761966940279174,0.36289052820706236,0.12607015949432862
-0.90898064976575,0.7920409872513836,-1.1579920290706667,0.8330423809815494,-0.13782414709391153
-0.8286344542726194,1.4577474381602686,-1.7827084891800158,1.219216126228329,-0.1470867100265979
-0.8047778021985444,1.632874817276756,-1.9538343418677306,1.360691110735984,-0.15954043821228808
-0.8438958310737543,1.2568700003985889,-1.634399111861952,1.3110630635628773,-0.18289293891711841
-0.8270731824030647,1.3717098291865002,-1.7516918023331007,1.42393628772948,-0.19626212730890533
-0.7829448244703193,1.7279736800076013,-2.0769168350198544,1.5774438004390088,-0.2080871423085406
-0.8064161157921056,1.4955632270647885,-1.8671841212634657,1.4687051748360347,-0.19427029471814972
-0.7551632635751783,1.9146971298801168,-2.241355356258596,1.5991451122926663,-0.18453947256322287
-0.7864082181770058,1.6155747047035158,-1.9657491908514986,1.441724843738832,-0.18439904984022557
-0.7759866486087914,1.683793306838566,-2.011137695661662,1.3608375465120581,-0.156468666383199
-0.7623470065406134,1.7815020806761734,-2.0907301487402483,1.329006626433664,-0.11040049660785621
-0.7590584303401379,1.7864341125393937,-2.100998677991222,1.3633458188971341,-0.08938004701633256
-0.7822202680929984,1.559929199775471,-1.9047345888107012,1.305715761389789,-0.10106100351829557
-0.7856596200348773,1.5117720274303572,-1.8599621311173222,1.270858142289324,-0.12291855512854896
-0.7773534574315637,1.572465051421113,-1.9056406084281428,1.2377802507823275,-0.0887621931525358
-0.7512391730446207,1.7832447174466042,-2.0866395470973638,1.2566131693135996,-0.0954923324969147
-0.7188686774231116,2.044673040503049,-2.3081056223153813,1.2435001606546223,-0.07549670671331321
-0.8356544928471116,1.0121845052783927,-1.3626646365499795,0.7519564831089997,-0.03610775958755798
-0.8425059753455171,0.9421843514052695,-1.2892040686883608,0.6468302980853686,-0.026461284364668144
-0.80416310832089,1.2673205572311934,-1.5641280750541335,0.659373430674033,-0.034084686589388166
-0.8572105526999434,0.7950072615297178,-1.1620803443666985,0.6605521346129801,-0.09796888191194264
-0.9072219047349478,0.34578430857717957,-0.7609259747080622,0.4894682620469427,-0.13490705279925805
-0.8799390800869854,0.5735885932238626,-0.9872947389320996,0.7048705155797736,-0.14439172711868867
-0.849504772875467,0.8444369112091918,-1.2096577536433943,0.6662442668000297,-0.1918046246135908
-0.7900940089866109,1.3648539163657958,-1.66454671106155,0.7868295388724501,-0.2765568595383472
-0.8487158603480215,0.8538133878228499,-1.205285294540726,0.6043575637804686,-0.2956762412626562
-0.8678646932209775,0.6926747133352401,-1.0616327152972531,0.5314772963204534,-0.2929733551708161
-0.9580745784775998,-0.0868759834101702,-0.3398373468798039,0.2004698785402755,-0.24605594438496797
-0.9570674859157589,-0.08537769363215766,-0.17237991696383406,0.17510200791553734,-0.250898648704576
-0.8939543302461037,0.4367985021129594,-0.3082953391383621,0.23787966799983737,-0.2577164703603663
-0.8231019707782309,1.0259237144655666,-0.5025513826979922,0.36961704852341254,-0.23038168999489056
-0.7645922391743679,1.490148437005466,-0.5372931804650707,0.5608272586742136,-0.1887068878917044
-0.7412614346309735,1.6498410035688849,-0.3183062549626645,0.605193853153484,-0.15758322306477765
-0.7685502413338681,1.4037304524856582,0.005611561345856971,0.42648122865469706,-0.11334774656467711
-0.7512923538250433,1.5316993268664234,0.013863337861296655,0.5310761254424139,-0.023254625664669477
-0.7889134521812321,1.2136879198764643,0.19914400195122509,0.3893140223401536,0.10471547086562862
-0.7583704653039207,1.4558834178016535,0.07029060488460863,0.45420411017259965,0.002476866893518288
-0.7655896218510114,1.382712916818863,0.14166180380570917,0.2233345085625308,0.06852622130144086
-0.8193300554529593,0.9129040574788946,0.47404787156942163,-0.2708369957602021,0.20018237092140306
-0.7159839614611743,1.640693056485744,0.727563743594892,-0.08221294255748025,0.2689623582001167
-0.6920254947214034,1.8223039242113688,0.5929462735154677,0.003889420489131198,0.23059141945351921
-0.7009813025580847,1.8022951048611495,0.12808538451655813,-0.1727345838363168,0.17583470992428388
-0.748628101854735,1.503662249337429,-0.4385868648430179,-0.39590687632390814,0.1591623390900929
-0.7789942949611012,1.2301181861893926,-0.35714597155049627,-0.4365048390505812,0.4001869934762369
-0.7773850217878584,1.304308776128513,-0.9122380247087243,-0.3758683087674312,0.3603380614258136
-0.7400945950426562,1.628930506103357,-1.4049912286903035,0.21272367350520835,0.19777846757121065
-0.827085245239541,0.8946175959800268,-1.0447663975071584,0.23619344837061115,0.0011084175011676588
-0.8375542435860144,0.807089587149353,-1.0256769740247458,-0.16822351287179738,0.032345417205312074
-0.8208999292080033,0.9526713516478292,-1.1742469954898689,-0.19924243962419771,-0.01919848370255979
-0.8282006149431194,0.8910109890789235,-1.072596412994649,-0.5207983703044615,0.06061770343447711
-0.7857801862111846,1.2711212724577037,-1.3906499024871142,-0.49822911223294825,0.11068430877345212
-0.7456969462149535,1.6364393278331628,-1.7040104766606328,-0.4633112409764456,0.16006970363290235
-0.8249839462928299,0.9599823885650811,-1.1116474839092683,-0.6090116302235975,0.16433787393311491
-0.8698100822886549,0.5893122636946266,-0.7965334414765688,-0.6274190072706063,0.13482673710993537
-0.84388893690853,0.8421948906428564,-1.0451131690470832,-0.3978698702739229,0.09023106915844241
-0.8093389986805751,1.1715511380588481,-1.3429526827175686,-0.23400609701802416,0.09045440059377027
-0.8469134032415649,0.8730585481230982,-1.0722045559430706,-0.3478412802508154,0.07409226693928353
-0.8436741839843652,0.9309901463411823,-1.1340374577505237,-0.26878396459700205,0.07605582869094478
-0.879705393679865,0.6446839494213195,-0.8867284064776838,-0.2893072741871337,0.054513412085496815
-0.9076011279733082,0.43590132603644066,-0.7094593237081226,-0.32033391425073227,0.04119713551575253
-0.8694029825095697,0.805641747389987,-1.0189907708604198,-0.35504249747715066,0.058730608781642345
-0.8974810924792475,0.600707496264416,-0.8056902427934606,-0.5675595597267038,0.15736618939596175
-0.9005477628799516,0.6197246072964145,-0.8170547313382606,-0.5954623833534719,0.16238666315420672
-0.8969092345869133,0.6960142156125428,-0.8934458497435804,-0.5110283852181947,0.16994357614822786
-0.8715706349193305,0.9551608813887368,-1.1354515474822158,-0.33171424020308793,0.15555741591301744
-0.8978953989769617,0.7634621949786465,-0.9479331921454088,-0.45855953642897357,0.11348153613078399
-0.9305201712251463,0.5138199483065845,-0.7184067278093799,-0.5514813744068099,0.09493241993290874
-0.9108692834455144,0.7208005781546233,-0.8979803732148209,-0.5235044456361877,0.11635873097502494
-0.9298392403202336,0.5883789789687341,-0.7618276842028525,-0.6683339672827894,0.15136751825776695
-0.8755429394592184,1.1012536821220968,-1.2027187655759644,-0.58879412047771,0.17895452987713023
-0.8746350816869544,1.1435354240637712,-1.2185135852807891,-0.6757363020596973,0.21707124796325347
-0.8759365280177369,1.1666818382591946,-1.2398532498323005,-0.6334982706639714,0.2283173906924164
-0.8730674077905398,1.225336914853451,-1.2788519242774024,-0.68572227063172,0.2357332649735449
-0.8910629771501966,1.0957662000523196,-1.1562662664260124,-0.7709007196508637,0.2700699207088436
-0.9155052322777852,0.9075249615210733,-0.9976096388858281,-0.7696272883236047,0.2567145557754797
-0.8682233326859883,1.3460277697879293,-1.367376349725794,-0.5133912203525368,0.2438075782013914
-0.8557551487881766,1.4537842454542007,-1.3125658376262952,-0.3789141651001253,0.21477434728438136
-0.8776919544969438,1.242722704321279,-0.8302726757805896,-0.37697485896793503,0.2087923451957029
-0.840538998427688,1.52216899515668,-0.7119160872825916,-0.13468375181737124,0.17053086670723602
-0.7306595997391269,2.4186994168492135,-1.0472668073728502,0.3877174689668454,0.1977455228655707
-0.7680640647958342,2.026127044845671,-0.25942741734587665,0.2792015073460949,0.2029643038431582
-0.7536842694723032,2.100060469698036,0.0013397789963030128,0.3150614042395044,0.2095881582243102
-0.7899432458667632,1.7387540828886117,0.5929709272776871,0.12761101435708866,0.25292368105463303
-0.7834049000474456,1.7569527022414573,0.7812134293558134,0.08006558290646769,0.280105845995126
-0.8323154470462001,1.2954024388590943,1.319991900201985,-0.17297935652286445,0.3168050475372471
-0.8064431826273419,1.4975808627017564,1.178943142579074,-0.16388910995092296,0.3227564878759881
-0.7473438307263259,2.0015135593117535,0.6591537436267882,-0.04317942979673806,0.312264692791988
-0.7564495339242985,1.9037025727370178,0.7008785797200916,-0.16098522536882673,0.33834989631908
-0.7739962761611385,1.7510311008634858,0.6727214125310521,-0.3628575191960401,0.3298878943033722
-0.7472317362077308,1.998874304227825,0.2064918260945443,-0.3991456213232425,0.3334289748176193
-0.7900614390565205,1.647080005652542,0.20831481080558098,-0.7068776178453331,0.3341187978909696
-0.8225220984672438,1.4282973686579854,-0.1132828120211429,-1.020614257901807,0.29646762022551715
-0.807663628248327,1.6044273746175812,-0.7240704886435888,-1.103123040741233,0.344868961234704
-0.8141251785055427,1.6040594467549019,-1.169574262561831,-1.2477060289866055,0.35930170933133654
-0.8505715185699503,1.2982315457089855,-1.0666218413985709,-1.3840616821918639,0.3915688127004574
-0.8473605349186677,1.3430505381527258,-1.2403894024186717,-1.3574980369927472,0.4072636666707652
-0.8699295300598169,1.1568136173750991,-1.1139070093800751,-1.4023818850814018,0.4124963402594514
-0.9338970425249096,0.6102702882372079,-0.6408213106864052,-1.5260139369808632,0.40372474817987625
-0.8870880832362132,1.041871188357826,-1.0431347006724496,-1.3008644468449533,0.3717774331930243
-0.8954176289856098,1.0016907040842404,-1.0147731421576087,-1.2911515129942261,0.36487194654430394
-0.931810628835318,0.7195986301177394,-0.7633201404932469,-1.3737668114641082,0.36664860126103066
-0.9503672985770075,0.6038575915734236,-0.6642492126104268,-1.3891697677215042,0.38408248758263974
-0.9769013992417728,0.422834523977745,-0.5068661366785101,-1.426967345548068,0.3742952910928215
-1.0078475073683157,0.20299550261898353,-0.3125295048119931,-1.463692798854455,0.35380593482027023
-1.0797584804063762,-0.3736949012205558,0.19429463795160096,-1.5650646621284614,0.4257783954131373
-1.0919208422929525,-0.41645202902175904,0.24177825002712242,-1.6474445828154998,0.3607919359001302
-1.104432483460995,-0.46558893939848733,0.2758161071136373,-1.5744217272524608,0.3366647011463417
-1.0666797819253808,-0.08569956627128583,-0.07972363213357855,-1.2863222173828717,0.3702742748542736
-1.1107999385028382,-0.41100157185446284,0.2145501549798824,-1.41995370330116,0.36240488192752895
-1.1399288573273247,-0.6009985917593561,0.3759334324576967,-1.4088791649611614,0.33823181040534633
-1.1140033225513883,-0.30746197308912854,0.10384965428306704,-1.2169720164322144,0.31156448241374396
-1.1297574905406136,-0.38250428922537605,0.1684260747450498,-1.1695810957735215,0.30233814283553456
-1.1444840540142764,-0.4447765094210728,0.21924859434757052,-1.1633751517410644,0.2938318410155358
-1.1602702801634164,-0.5290518756719362,0.2898767032370105,-1.1050561615472192,0.32735087657576767
-1.180542287218175,-0.6504424571404824,0.37928672392698,-0.9823715453015562,0.2356697258359004
-1.1958767898084426,-0.7275059544894306,0.4498616645109046,-0.9948486305750495,0.39297557325556076
-1.2144578966404034,-0.8132013089755494,0.5166328372660649,-0.9281512033188152,0.24689510034755738
-1.206955774245207,-0.6667251078495335,0.3907283928149605,-0.8768557709468155,0.24519689429057265
-1.2185043979687669,-0.7174878922171692,0.44213512141082983,-0.8843860123770764,0.3887775459466003
-1.198272954177918,-0.4613081032663705,0.20494952626854646,-0.7334222689308018,0.21689374342040912
-1.233937163188259,-0.7161856307396,0.4276658781534516,-0.7461618592445298,0.3402905477836181
-1.2443112172314783,-0.7373759335919486,0.4285798122149644,-0.5956814660221686,0.3027707400759267
-1.2483175379386267,-0.7131924814070199,0.39627511442709795,-0.4642984763134177,0.29414832338142
-1.2457181871736627,-0.6352621732092504,0.37901438407578364,-0.4753204176685324,0.29975895506239586
-1.2431173353306282,-0.5857951734211427,0.5578394911638095,-0.4165756177322249,0.2234554150963061
-1.2347456158878636,-0.5152439108240897,0.8522505128377587,-0.46547317100545843,0.15671242423180362
-1.218091609886549,-0.3870537150289248,1.1682841682538294,-0.43373648652316354,0.06580726514283018
-1.180320170352005,-0.09607089613157135,1.3931990408509813,-0.1254993163663513,0.09700818323031493
-1.1334359126762685,0.27060115745597507,1.4822920779952036,-0.11732949549105166,0.17425028653671099
-1.1106934879728736,0.4308853839965846,1.6422570298071624,-0.26596794097829735,0.2335038093224531
-1.066551949727156,0.767642181660819,1.6000210794916594,-0.31841772585151135,0.2718487924307555
-1.0252577753737657,1.074995551475856,1.5099980143527858,-0.34466247828166574,0.2878897718740312
-1.019701079372933,1.0666678195340933,1.657164614624616,-0.47311110612881235,0.31576161278508746
-0.9764655929199253,1.3919885572490636,1.406978416031666,-0.38256512942830295,0.30960210234477786
-0.9581033810967909,1.520197382824505,1.1734539470256051,-0.38803129161092287,0.280062764778913
-0.9344585376738554,1.6702168714500787,1.0111818917720237,-0.4066941359561545,0.2767102726722878
-0.920339279468946,1.7645763741702922,0.7216898826721448,-0.4085015604564436,0.2752306789501121
-0.9391265066607933,1.592293250753948,0.5264798349134535,-0.5896273415312413,0.2972357981933851
-0.9421596500218428,1.5308615769018747,0.3786685492122515,-0.6976432186350537,0.2789816581326955
-0.9461956728908362,1.529543075643433,-0.16569064238507875,-0.8637125794430434,0.22270344860505034
-0.9723579417445827,1.3092537272422013,-0.41256979626857837,-1.0340085858038661,0.2649939177089032
-1.0208494244507964,0.9040594047004983,-0.48070446386539006,-1.2556842934865335,0.3001289797994558
-1.0438203271782998,0.6849289640331057,-0.4910196649456475,-1.3114087216329362,0.34376907512290206
-1.0348275984652127,0.7522925473526114,-0.6973959062773064,-1.2146615474138496,0.34981505548398445
-1.0713146659471169,0.4175983550225263,-0.4553247767330233,-1.2504691646229689,0.352859843294548
-1.1149970946450851,0.02284703518116806,-0.11717601408601727,-1.325570049033438,0.39905836714893683
-1.1401226539273566,-0.19969530229607407,0.06762968827709213,-1.3247013134913614,0.4346094344570961
-1.1574263723137732,-0.3470286275844105,0.1906766934468493,-1.3541007322323872,0.35806278103024525
-1.176415966778795,-0.5051503218072334,0.31604644220192524,-1.3075692766978035,0.4133204716012415
-1.1601582355237943,-0.3518356282066788,0.15610802544359292,-1.0979779145959792,0.458044187831783
-1.1754565876876648,-0.4768959596336283,0.2661117311588761,-1.116322570926759,0.4201404772709675
-1.1902535494333848,-0.5984285765448363,0.36984971378436965,-1.1173381657860464,0.42507621470513285
-1.206743375400871,-0.7066893966005443,0.46150505155779986,-1.1285541827473413,0.2953568984061689
-1.2069482541584058,-0.7030566175439186,0.44367061091132337,-1.037412769336342,0.44994321627006295
-1.1897268711248012,-0.535839121103981,0.28308108561845924,-0.9064276181388734,0.47168790664233473
-1.1884801827817468,-0.5038826648647683,0.24305653015151765,-0.7975907078593024,0.519140275844609
-1.1982668136741659,-0.5700135756171172,0.315643648113901,-0.8980300110463916,0.5181462124236719
-1.187629948934788,-0.456822084529405,0.2248545717195698,-0.8939569859735093,0.2354350969837018
-1.172051052621598,-0.3112983185428961,0.09350552540440096,-0.847971364813883,0.18152194604897331
-1.221613927130703,-0.7280547986036853,0.46142322028649496,-0.9614709044747715,0.1279253270831652
-1.2249296758019301,-0.7410623143587918,0.4615443256571004,-0.8984515838387621,0.15733456060000556
-1.219859591083347,-0.6768039013631777,0.39399890988231506,-0.8222136450382673,0.16389304319882536
-1.2231617618050328,-0.6815866059585788,0.40320622727814165,-0.8435393063043038,0.15648986238787158
-1.2205856631815282,-0.6291813055704512,0.357198399674335,-0.8158803278539025,0.1379405586786875
-1.2226197809542256,-0.617799238968785,0.35144776870757405,-0.8186926335421736,0.135664440611077
-1.2113294253149962,-0.48943480566905645,0.23886612470341304,-0.7764905644443476,0.13146232249509981
-1.1418628905592343,0.14980356174833803,-0.35074272431250436,-0.42672481021594266,0.15200218580252203
-1.2024201648831991,-0.35539803184745866,0.10336728617188841,-0.5993507620040349,0.15826980124930637
-1.2379003640602293,-0.6376460589734309,0.36633838838666727,-0.748026188059591,0.14341763840901933
-1.2065900648214716,-0.3500266559420755,0.11066004578757081,-0.6248172135287123,0.18540247685722847
-1.1687550082248492,-0.003582911836080918,-0.17420910907137666,-0.66688201503102,0.19503430183980613
-1.2433815227365657,-0.6442505474409544,0.4358316253783313,-0.8706735363429579,0.1949557321566168
-1.1971382625019888,-0.2604280777789498,0.28797772781144043,-0.7050578772606234,0.22091172535305104
-1.1541658723711636,0.0760088981613888,0.2798338436819896,-0.5837511311233903,0.2788988891824978
-1.1860073050402005,-0.24303989171667498,0.8504643636496027,-0.8802591700993377,0.3483987948476713
-1.1585819558497352,-0.08412451324351754,1.1384240641858567,-0.7842880826574845,0.29622859759492315
-1.1210792715152107,0.13206182541115974,1.4981544035753322,-0.8339530635052164,0.35405861428949204
-1.1111873900760896,0.18260772497451885,1.4811500156637758,-1.0671366724274176,0.5642826883960738
-1.0309134121785264,0.8408435954920886,0.955570906920641,-0.8881466848076445,0.638812947177283
-0.9716278124362256,1.2823551871174548,0.7945575646440035,-0.6854084750940863,0.643137942957846
-0.9967258935645731,1.0082095685381445,1.1297246689589089,-0.8835758977567272,0.6369147594753465
-0.9989623572332552,0.9663258198758182,1.0241390642874328,-1.0052188196060978,0.6338380171899125
-1.0055083377248877,0.862985905706493,1.0552982522887222,-1.0661751769072594,0.6359806095414795
-0.9675356138184641,1.1551414322773998,0.7527258740552942,-0.9877822497156584,0.5271128835375926
-0.9339190266924426,1.4381119150624828,0.23919772547132245,-0.9549260634847275,0.52079025837973
-0.9111350669971204,1.5998711611934422,-0.008473650063245837,-0.9535979655678858,0.5001306764993328
-0.9028046881618662,1.627171804518136,-0.10861778908803635,-0.9324371344572084,0.489852270709271
-0.9298340406164374,1.3890475996903462,-0.1994495357166928,-1.0825896963233737,0.4370438860534343
-0.9795237775088155,0.955997834752501,-0.14098753316748022,-1.286388989436576,0.42250498017154475
-1.0086946409370525,0.6980929125044163,-0.1973270405264809,-1.3868927989029494,0.3772756686119055
-1.0001631500979007,0.7702919710507937,-0.4871123328344538,-1.3694204055798995,0.3776957133691721
-1.0150943348563322,0.6380381918715333,-0.5739351849359293,-1.4177023780513527,0.3956269258696289
-1.0261159542500935,0.5187138536764428,-0.5275473903032161,-1.4059245169002368,0.39233202110934473
-0.9942994418535757,0.7780486182898699,-0.7855344069491448,-1.2031653920112553,0.3356318086407225
-1.0308083980188627,0.44702671516450637,-0.4959783213821172,-1.2784021783344992,0.31196111477555655
-1.0260074998862656,0.4862330331016441,-0.5429816199721245,-1.1846879661474665,0.2872225408726483
-0.9851526624484469,0.8462536667825769,-0.8750794985119305,-0.9967927497957019,0.22559395976727506
-1.0521477423111028,0.27031250566715304,-0.37010949090737016,-1.1456175529655874,0.2056916436710881
-1.0428091081114126,0.36756728013250145,-0.4707544275510797,-1.0403089630481785,0.18786751366258977
-1.0796507294859197,0.06626564591337575,-0.21073909015550563,-1.078840253258419,0.16758162440729854
-1.061530570884711,0.25404415511310174,-0.3962181756657502,-0.9214501136164989,0.15128818015154452
-1.123418375734639,-0.2556962529694555,0.057023815761865576,-1.070964247205758,0.15049833961505144
-1.176537038273064,-0.6934260633319118,0.4266719379206165,-1.0634085943046563,0.26134458897267254
-1.1347374351988244,-0.2768492256694715,0.041863607838313034,-0.8385326642707936,0.10017044202835508
-1.0425518524266892,0.5707259118507488,-0.7146880723004959,-0.5453523878951472,0.07304747594568317
-1.058082459898814,0.4722333398546892,-0.6229699397322882,-0.5907109635134705,0.06737136108683314
-1.1142119813424256,0.013369910335124913,-0.20991232577245486,-0.7672108132899205,0.06510910534230661
-1.152761276688281,-0.280243891675424,0.04328086537008431,-0.7780766842300613,0.055287293068325034
-1.1922623725960215,-0.5808053809932767,0.2815388817429414,-0.6597640172236416,0.025325762540599005
-1.2027364814222399,-0.6328918215240261,0.30006153087746823,-0.4130211916233806,0.14923034055132575
-1.1935881570020237,-0.4996079021828459,0.16502278674609708,-0.2563754160469924,0.08626272308270795
-1.210404680263753,-0.6023237900470648,0.26794901752266864,-0.35606920071070053,0.10057408852895877
-1.2145353439165627,-0.6043384000654081,0.2568954174514689,-0.20643527600822356,0.11689451168115199
-1.2417545972936848,-0.7955959359819099,0.41439340472072667,-0.1673373250145123,0.11970827124960436
-1.2442179778361855,-0.7749912460013607,0.3837641555567267,-0.05058100688972825,0.14244756008889847
-1.2451359862456397,-0.7383006572352666,0.34832137390169643,0.010214644909059205,0.1295314333624967
-1.2514961434419865,-0.7449803122516377,0.34503557144472763,0.06876784477077796,0.10757947613070536
-1.258357441452061,-0.7562968023774389,0.343580338884416,0.1765107500708154,0.07681234359185134
-1.2422137302452165,-0.5719159045289991,0.17884670566544936,0.30016103009466144,0.05828071437983023
-1.2373601025791132,-0.5018364502760975,0.18070854877268103,0.28183937884549176,0.10176168869355558
-1.2548500581204902,-0.6595010474438637,0.6350465401048403,0.13581198814167628,0.06330470073727981
-1.2498741816543353,-0.6434692202352162,1.0410462810531327,-0.15727696189402918,0.036766930637612986
-1.210249913127987,-0.3365586588922221,1.1747404772493903,0.13053702846554033,-0.05606337341550892
-1.1841194797142196,-0.17984535261601856,1.5941956033956135,0.18316085703541093,-0.013897670141697377
-1.117624137964904,0.34726031266957574,1.4808666050633559,0.40340899634000493,0.04388921009694389
-1.0353018679940742,1.01151060594065,1.1611877685855985,0.6240319139102702,0.021170268145836068
-1.0513535328334993,0.8093825768194862,1.5937438439444558,0.30860771075093535,0.07976980902361548
-1.0322550889321447,0.915525052451239,1.690303445219299,0.12474210956025046,0.11204500005449212
-0.9909717292090998,1.2154150987386807,1.5463875473670265,0.10244721721612841,0.14315397927886983
-0.9910464406794756,1.1527501931800828,1.6606592309442496,-0.06868702917010919,0.1465242965487417
-0.9952569942639623,1.0804154326792825,1.621739772861548,-0.27931076879419797,0.14183197706652356
-0.9555057907424082,1.3627852396342628,1.3718624392328362,-0.3916624496303677,0.1132139016259271
-0.9983287720231295,0.9480283741205192,1.577064185519186,-0.7004485816517089,0.1311396894506907
-0.9330806977833617,1.488294987743365,0.8409369046415412,-0.5413784611859106,0.1279642296495468
-0.9187934851943333,1.5884729489552003,0.4332972526111385,-0.5667939167780455,0.1287310629306967
-0.9841652885154313,1.0378748243642208,0.38360879684982435,-0.9538636039515864,0.060444926038565626
-0.9816632669387888,1.0639684704368033,-0.12260346867228197,-1.0342523583461098,0.09523298537010483
-1.0537788431414976,0.45051054934453716,-0.05134611962227068,-1.3735612543253741,0.11236201616350804
-1.0796349763446083,0.19539404174368424,-0.028797299987979582,-1.4451190087076868,0.14461968219314594
-1.0559534071719008,0.37487238623306407,-0.3636845779606474,-1.260335153062942,0.16481620085277357
-1.0976800715222699,-0.013361077285771614,-0.11262090584033685,-1.119856929049483,0.15523286558441854
-1.0302220842317447,0.546006481290689,-0.6726396074713816,-0.5742003914009716,0.11879939365458751
-1.0294996178684435,0.5353029179990725,-0.7036624223397236,-0.32793893670793034,0.08809318280865948
-1.0408348949470034,0.41983925291318946,-0.6309468844981521,-0.20316163074015312,0.07507092315301499
-0.9837891454090708,0.9115514788891502,-1.1139893246531472,0.24660582064045475,0.016769463726576506
-0.976410351842678,0.979283415170139,-1.2161701361920274,0.5313889887440261,-0.030702103481480895
-1.0601574284980266,0.2528631893765279,-0.5871617089511085,0.4220044491263736,-0.03974293428890376
-1.0811753364751164,0.08494383352311785,-0.4540799790177722,0.49080009496408894,-0.05240795810934694
-1.1006469721535372,-0.06536706947599641,-0.3346441459217954,0.539152348934635,-0.07975039337725918
-1.1397975537326785,-0.383859217362647,-0.055776696432979125,0.4808999767866836,-0.07490650888104992
-1.116586867759948,-0.15261326330965655,-0.2758488812748974,0.6478451206146205,-0.07194738884499045
-1.1162254329825998,-0.12117132979200039,-0.30709201904108613,0.6800236024725657,-0.07091512364842638
-1.1495939896868235,-0.38367362769751917,-0.06852234411105833,0.5935428786791875,-0.04527531864534971
-1.1736543008095044,-0.5606092901640042,0.09077792417320898,0.5527818730965873,-0.032648419163445956
-1.1148681101667826,-0.005286300882956817,-0.4104687105012247,0.7788737924716008,-0.0356093911405524
-1.1637826214294487,-0.3997998228120046,-0.056920641495977635,0.6595997535347645,0.023339764609159448
-1.2142645528963465,-0.8126953086032641,0.3192461720237294,0.49308578247764706,0.10311375612540638
-1.1954577401449733,-0.6079624759556107,0.14426960266443092,0.5258064906172022,0.11759726591160434
-1.1980916060781477,-0.5940170337883316,0.13147396191579286,0.5466408020702016,0.11984724375521075
-1.2071521738740776,-0.6299842169658261,0.1692012450045157,0.5264771285117387,0.13927602946289033
-1.2019061347083944,-0.545369043410943,0.09202273328501234,0.5754520817409308,0.11907410766128078
-1.2059994008272612,-0.5454638462720466,0.09682504416915391,0.5612538278805613,0.15443135194918808
-1.2195051231228553,-0.6212145382989639,0.1675764477423226,0.5191075030764184,0.1498326409931165
-1.2344962414008063,-0.7120531489817944,0.2567935060915554,0.4405442183767521,0.19964858003446803
-1.2417750981487747,-0.7233712828256972,0.2732492269265741,0.3723533538482986,0.07765949566630741
-1.2528907143482773,-0.7796967489875521,0.32933679663785054,0.3438550088046567,0.12574685480665465
-1.2594446808948445,-0.8045413150954591,0.35715898110585975,0.36264734708431784,0.24057981706310627
-1.246173004015488,-0.6588980793940948,0.30644080814677077,0.4246588818511269,0.2306631608568419
-1.23866918397612,-0.6077606558276315,0.5506568118643106,0.5464830704201611,0.18537531100503116
-1.2139289631433121,-0.4123154023708254,0.6944999927276098,0.7621008277174236,0.07582649483488904
-1.1805662086884154,-0.16667487420618954,0.8417532227247073,1.013041577022227,0.035114530599148736
-1.1651085871357478,-0.12168567558537101,1.363593626169724,1.1411189962210693,0.09526643626938638
-1.1444312015105302,-0.02227719721344443,1.7367326695365144,1.1201310708110523,-0.1259746281620136
-1.076636930310578,0.5012173361951852,1.5789579247260508,1.1440218280486651,-0.1318708767449001
-1.064156800115069,0.6253502086280834,1.2370832527104096,0.8757878912308006,-0.08030600884806187
-1.0579542817596697,0.7060944292913376,0.816077304401526,0.709729183201137,-0.05750737576876548
-1.0467699255121197,0.7331895368444639,0.9718048695722669,0.7241534997546523,-0.08810415910445965
-0.996185302863328,1.0546944647667265,1.1276006134238947,0.7823512511997688,-0.06913169613735318
-0.9414111474071228,1.4630510611278627,0.8634786514501892,0.8682967566150213,-0.09884668353682137
-0.9217040590499915,1.562248146897044,0.8517332660997892,0.8601824189475074,-0.03868324852057196
-0.9482300577502477,1.3779966292513885,0.3906180845237638,0.5651191878722819,-0.08063425922083364
-0.9604686831745959,1.1770458632136238,0.7083986461080672,0.5271094121159375,-0.10395496577329533
-0.9891670918166668,0.9224620461717427,0.5893515146979721,0.16887610279558027,-0.11835394286886515
-0.9557365526695466,1.2197119091165323,-0.08494073307090726,0.20418100267454192,-0.1693711874662858
-0.9399446197480574,1.3609403138001714,-0.6055876956876965,0.16545047536146584,-0.1770129478947324
-0.9515682408888878,1.2518571235077327,-0.8201764825317267,0.09260300257066179,-0.18864727364035572
-0.9955851788789755,0.8638680340784018,-0.7603606749013726,-0.02251994927337116,-0.16434850515941177
-1.0569079212418329,0.3178320247192159,-0.47423015220404613,-0.15621604189804736,-0.13538258778997408
-1.0710294301502172,0.17210946840833763,-0.43957345498896283,-0.06864533644924979,-0.15968324591821043
-1.065375685258215,0.19874460029394214,-0.49640703949190246,0.13645688340920298,-0.18547165751851555
-1.0454003905901628,0.3632051522538716,-0.6670594795410423,0.32118999399456644,-0.22217418655579452
-1.1551822830346188,-0.5929965952178309,0.1718187140580908,0.056339415021242845,-0.18787354671155831
-1.1684343908924009,-0.7050015057938813,0.25757872892809136,0.11424366918801977,-0.18424789408567305
-1.1654075965482082,-0.6673750604257883,0.2100789410283612,0.26569441477571376,-0.16959521729927113
-1.1640784810657483,-0.6319334384435915,0.16797753502305982,0.3620695429705978,-0.1767900539411885
-1.1535757120464634,-0.5123403784224583,0.04812153668668558,0.5095805618336251,-0.1787775199563441
-1.1879528418475958,-0.7852732789422512,0.28423537767603163,0.47470629034840206,-0.12540726347344672
-1.1988440064742265,-0.8402664394935739,0.32992784053992746,0.47191108530404435,-0.2252069966876299
-1.1969290505664196,-0.7892158505855492,0.277206815646751,0.5404417135322304,-0.2000660534986079
-1.1923760068457772,-0.7135356254912921,0.21354423467913655,0.561630247370776,-0.18417080291726276
-1.1939282353136893,-0.702006451515824,0.20168982873608715,0.6122853346671527,-0.0324678118888227
-1.2136210856776106,-0.826407073577805,0.3220191982357498,0.4963755753390836,-0.12248745507081978
-1.2182190431045044,-0.8297645464503949,0.3221427207843411,0.5238256620724134,-0.10667188558226207
-1.219859029026489,-0.8136040997916645,0.30987026673148416,0.5417166987721832,0.024542149905542085
-1.2189097462064027,-0.7592829276556067,0.2691199416910872,0.5262362947969578,-0.053021954576506686
-1.2337654832622507,-0.8452399160981673,0.3559153631388464,0.4402289791319068,-0.020633622660394417
-1.2384992250692977,-0.8590902091714204,0.37044702613839026,0.45051929769005317,0.12194066556920684
-1.2426503124921653,-0.8564235822024486,0.3735055125876284,0.4294702912084104,0.14241289318646808
-1.2405229134866935,-0.7948752240706768,0.3186229787907809,0.4480798093039277,0.1425450117531364
-1.2288516335016217,-0.6487189413874193,0.18321274826002365,0.5505491794562897,0.0896686651158889
-1.224016766244831,-0.5662242729535985,0.10082391274310057,0.668122894934377,0.07119684154588395
-1.2410817198877162,-0.685635371932096,0.21599238887567188,0.6005381751710827,0.12506590727965422
-1.2641683913072674,-0.847953518576731,0.3812964363704793,0.4155803563800318,0.1853212900132405
-1.27005047227401,-0.8595650017150037,0.40054065152543217,0.3669440558454715,0.21156171618762942
-1.2476968505417154,-0.6305726867645804,0.1951794767140824,0.5087195945256733,0.19883447970481094
-1.2442728533904013,-0.5727024458335568,0.21901899287292606,0.5698016786779995,0.14792582649384922
-1.211268242747052,-0.30140708861947835,0.32388473942539425,0.7926706844836864,0.06581528879730764
-1.1970655608814134,-0.2170624302843301,0.6360333799112217,0.9860283577999285,-0.019263568262636713
-1.2010933183786732,-0.30484714818506026,1.1576271902786277,1.0172187998577766,-0.06735632687629857
-1.1695358935216715,-0.11671043217724503,1.5764292131151292,1.207999206346684,-0.09550280768767586
-1.155061857489016,-0.05980265057959551,1.979596672903267,1.246317320799335,-0.22121952635207004
-1.1189792649539785,0.2037611546293825,2.0458978580101137,1.104597686120514,-0.29725966482584015
-1.0721198308459434,0.5521637164535844,2.00371160065882,0.5399659411676967,-0.13540790147597992
-0.9149135950975182,1.8577063031449985,1.1119971120989849,0.6476419930238498,-0.1590604467282432
-0.9477188544928309,1.5538291827095336,1.189858808292881,0.31273788386597096,0.02215943938537569
-0.9145965339161852,1.7718580913972863,1.2034259575788147,0.35020173484419687,-0.09044908301302139
-0.9415614256219618,1.5307435066025679,1.1295764617786406,0.07435707140865119,-0.09539892583814585
-0.9217243610033244,1.6174563924606118,1.1795597260551345,0.09703060877316187,-0.060019678490708564
-0.9128156042850022,1.612479162263518,1.250726647258118,0.00018082173692380354,0.0034443338881557884
-0.978824397182962,1.059793892039005,1.1424767643131446,-0.4054933462870953,0.15130585672212116
-0.9546549562416963,1.2518596120853702,0.6146591222183866,-0.3949581676710939,0.11907694963661947
-0.9492364310134901,1.3644840842371333,-0.29870565787260583,-0.5741665930801223,0.10209478677633589
-0.9726808074462973,1.1157188103396618,-0.25824366233240453,-0.7006485031393369,0.1166639053046414
-0.9715383651263783,1.0843712954000921,-0.36945378939492063,-0.8455771135336096,0.046639306871481066
-0.9709377998917993,1.0919624525413612,-0.7231020960662411,-1.0993567207147474,0.028803109696559255
-0.9857035642419352,0.9537768892694303,-0.8687133076721111,-1.0568388722344233,0.0544853601594482
-0.9991693542467536,0.8006606443848416,-0.8195770656871019,-0.9884547623831357,0.02166918804270558
-0.99010929679068,0.8453676692259575,-0.8809249133919762,-0.8735876788904575,0.015188373112108066
-1.0109424373598848,0.646609862290496,-0.7252724883956404,-0.8549951212904667,0.01878925963496419
-1.0311535342994063,0.4606085254364347,-0.5787062754714466,-0.8222159229226914,0.016878880969910755
-1.0902772327089838,-0.05742250614910151,-0.12722050793625597,-0.9469909843798626,-0.000468642806480868
-1.0239307500958525,0.5313291761241821,-0.6716183499376122,-0.6491599551071278,-0.029757119426575163
-1.04740123360086,0.3416909793676826,-0.5122154153507898,-0.6587752363505743,-0.050128637947471695
-1.0869318006831403,0.01662890340053255,-0.22567358210752783,-0.7384406214207558,-0.03880105182235707
-1.1393541569117072,-0.4127885024810345,0.13366140163165965,-0.7229734311244853,-0.07697898046324401
-1.134677474733573,-0.3511168548250637,0.04861052037421272,-0.44262030015210396,0.008164224202402443
-1.164057131678919,-0.5705223757175495,0.22600241678261018,-0.39137142070223396,0.0052747160649924485
-1.1843568317474356,-0.7052296410076008,0.34104368995730644,-0.42471730119496476,-0.03617633070557693
-1.1860017055403163,-0.678153979649502,0.3013961318709109,-0.28621632969747807,-0.03214128096874012
-1.1777026128089592,-0.5660793702644519,0.17745012728179407,-0.03704914920113426,-0.025279974774487655
-1.2014291760462361,-0.7360710754634662,0.3159505115766761,0.033644928953255424,-0.008196589224213208
-1.2030827074010322,-0.707563078353972,0.2827690881911787,0.07209167613968934,-0.06074974121744694
-1.2127228515585047,-0.7421863970554705,0.30074967845556666,0.19121005084832707,-0.059831071809352085
-1.2239524837938198,-0.802321288380766,0.345537375771099,0.2715803025560646,-0.029671288843953675
-1.2326871957238517,-0.8297223411686635,0.36059403228661424,0.36247912759649425,-0.02297169686664865
-1.2194187652029889,-0.6700960704582274,0.21391158619316858,0.48271363047930377,-0.05732109830108073
-1.2112471098957702,-0.5518979015965392,0.10100332214458134,0.6061117301673146,-0.061707793778967575
-1.2097091462232894,-0.4955586527786838,0.05044339986217599,0.6410586989189355,-0.0349463878991194
-1.2424928408892424,-0.7310028112819703,0.2678567503387211,0.4945734045258505,-0.01252037203886778
-1.2358775927464294,-0.6303389569861664,0.18017960214087386,0.5675577839396706,-0.013149479188484296
-1.2472839163678422,-0.6817294733774912,0.22270589082283135,0.5683517735228483,0.02060334703662062
-1.2576493468896346,-0.7293079027898842,0.27547368001141453,0.512887854336617,0.04963360587755955
-1.2520623270195073,-0.6275639931668315,0.1997430268864854,0.4936677950938249,-0.01918841287821764
-1.2643645594344763,-0.7175572235913014,0.3764685884420089,0.44645489827609003,0.07735539442690961
-1.2487466630364954,-0.5955627714812016,0.6123153338902291,0.5598903187845937,0.0071636434198016664
-1.2177458376190244,-0.3554544282514497,0.8010373684984782,0.7166678589093275,-0.14413285208560084
-1.185176768718041,-0.11325960009838382,1.0077744169068008,0.9328135085492776,-0.2502279260514697
-1.1694602727219374,-0.05830133320719621,1.5368265730924884,0.9093686567413272,-0.23039862884328804
-1.1507764537493144,0.04292716138241353,1.872528399621133,0.7148626393419134,-0.19599173341403314
-1.111365320763384,0.3297157512531025,1.9211530877363159,0.48149609918801534,-0.14741510175227504
-1.088732602190127,0.46082793430517927,2.0758911064797845,0.22895872312674173,-0.10319679286941309
-1.0148513363724396,1.042220175545054,1.733751977282044,0.2646407887404813,-0.07806389251375546
-0.9707681246766459,1.3631106376793674,1.559156373928457,0.20500620668821434,-0.04273794409383927
-0.9784184865220451,1.2362750465057033,1.702900356569351,0.0021148137499796653,0.00042053572382620425
-0.9074754168060255,1.8192875833582496,1.1130899104442626,-0.21268981677702403,-0.004274150936509039
-0.9100165146018532,1.7225832687235771,1.1863832584237466,-0.28429175404882523,0.03950649731919525
-0.948028141564657,1.3434068278289548,1.333504190741135,-0.5257842333737012,0.028517894316304988
-0.9103730451606564,1.6342688324797414,0.7819214428388744,-0.4795461751935681,0.036234957696319486
-0.9157851878753769,1.5513881648991543,0.5384939984466496,-0.604738023830124,0.03859790830713038
-0.9389200301625817,1.3509914522370046,0.22229537887808742,-0.8034214560870303,-0.006167703298718959
-0.9454349830400388,1.2885260302316894,-0.15746567995852456,-0.9233417187113472,-0.017058082596825085
-0.9979418656462419,0.8416909111054075,-0.26857800664340553,-1.185057780103455,-0.008702308582122105
-1.0216545465797153,0.6256668289460592,-0.3872035753431047,-1.1993003541530731,-0.005541322388018008
-1.0867245539303807,0.03437757836312409,-0.057039506081972474,-1.318937015506098,0.017417900995940577
-1.0698443804778077,0.15277064644432028,-0.25746481642360924,-1.1368780172308135,-0.001477012875185414
-1.0277041420443709,0.49334028285837445,-0.6227332343790235,-0.6588139759457438,-0.010292859120216198
-0.9660941991234657,1.0171957045559223,-1.151858533649121,-0.11626003738848655,-0.061662331259772316
-1.0051753467829951,0.6668017325555476,-0.8771348845184125,0.009032374112496506,-0.08192689564759363
-1.0390483221765432,0.36659924879339845,-0.6359372036412991,0.07289092684429505,-0.11406283274025159
-1.104579742011125,-0.20281215033673722,-0.14491741994114943,-0.005167965032888218,-0.12194509586813475
-1.1253918884971905,-0.374791943156073,-0.014772267018087063,0.08856591125692188,-0.1514427708090303
-1.160300591941173,-0.6633996059900813,0.2252869407079461,0.0994600446804832,-0.1153171360529648
-1.149661781302238,-0.547917741979686,0.10734127273086558,0.2502067699816033,-0.1232824538177297
-1.1643747155981212,-0.648694153339097,0.1772104644376935,0.38933701967310036,-0.14237261528192507
-1.1881384909926613,-0.8228257927894919,0.31108504657551156,0.47678209073384387,-0.12931892400880335
-1.179325290116309,-0.7005586422502943,0.21073206831572722,0.46158532589018464,-0.24045172719700622
-1.1727531253458552,-0.6066834550270075,0.14048159377106395,0.4175775430690055,-0.2131377207684112
-1.1891781617384274,-0.7201443096573029,0.2194727908636086,0.5575781562767852,-0.12297240125198691
-1.1736049847321164,-0.5423556771381848,0.0541801064498139,0.692896557541528,-0.12037376043148248
-1.1914561727986699,-0.6636992285940753,0.16498699210059256,0.6387650743435228,-0.04547824477660669
-1.1979220611773476,-0.6829252591866873,0.1909494960596976,0.5573993338617439,0.008536369197092891
-1.1811113746048854,-0.5042073496122916,0.03653703427337315,0.6476828885547381,0.017713918631413233
-1.1940216026127144,-0.5760238246184644,0.09932646395060053,0.636135594766622,0.009181226862999145
-1.2000097555619607,-0.5932613562127222,0.11001382675687102,0.6698644342672129,0.11979795000480038
-1.222147280265686,-0.7425475906825718,0.24890099899470206,0.5842695547196214,0.0844031923125512
-1.2368491926128213,-0.8399285190532768,0.3420063200134951,0.5239138272735823,0.06855903483420228
-1.224421375246129,-0.7040220317887247,0.2252033469526326,0.5643734665811709,0.0643148294044855
-1.211207597009517,-0.5618102911302847,0.09911277046288658,0.6223141107551622,0.05886713419932903
-1.230068725482197,-0.6962624782936992,0.22218303748793516,0.5544669746503839,0.06907838930061207
-1.227082566014884,-0.6387365152322558,0.17534300694807384,0.5558037556375636,0.11134852874211187
-1.2486986298664795,-0.7863340190417474,0.3286357496852721,0.41508589478096874,0.015587413282533305
-1.2228793309463737,-0.5546235240640538,0.20795034839759624,0.5936340888317485,0.10412118043460342
-1.222144899949408,-0.5632229507664397,0.48235260825991083,0.645838522227071,0.07500075438855001
-1.1941710303867772,-0.38109948898969775,0.8298038366696409,0.8474237107230632,-0.04317819018256576
-1.158739191083608,-0.12924280603676394,1.0599567612146137,1.0364580665756853,-0.0994777348028255
-1.1302353368343134,0.03781362448380855,1.449306150848724,1.160085151346479,-0.1589847282221992
-1.110540772179915,0.13374792558564397,1.7914490450850713,1.1664300069416598,-0.2985605450715415
-1.0825737802862652,0.3227862280254812,1.8249577939329835,1.0006039711163746,-0.08738429887883223
-1.1193457062991032,0.12753047228659067,1.1344359288960124,0.5836132096645145,0.09552512979966207
-1.0847097696683146,0.3125572938638594,1.4148422420729114,0.7516328727139141,0.039509875964137825
-1.046394886425329,0.5711880993526128,1.3346561760348796,0.8594026606224544,0.062398506495999526
-1.0397392586047243,0.7336848479431141,0.27811252752966176,0.7162885012382038,-0.0836470632264533
-1.0229852467699996,0.8240919021835821,0.16475366732852337,0.7458762034536561,-0.09189348499501354
-0.9230646137358959,1.604802752738218,-0.34435714988634764,0.9329323486200859,-0.08358057206639809
-0.9244528831931007,1.4763926548361221,0.047620308120141834,1.0188237328320728,-0.1962569131006991
-0.9116089138088479,1.4369165960494656,0.5362899324428951,0.9205825139238848,-0.07445969102172269
-0.854899225331972,1.9390457569677202,-0.31813968739626025,0.8145035611351422,-0.1576932504397944
-0.9338191336584281,1.3485767498028092,-0.7701085945030811,0.07561764596770154,-0.21983250419400296
-0.8584757726974253,1.8836170873094156,-0.946207937538576,0.3792496671857124,-0.28397639572995637
-0.9297091305285852,1.3000730461638297,-1.0588576009410564,0.01044579974036568,-0.29946076486682177
-0.9385915190655302,1.1667778614902882,-0.9604853089098216,-0.14745676086718645,-0.23921363308419388
-0.9429914519399106,1.0962416794961718,-1.078479521603038,-0.23699837604915305,-0.007706153654528991
-0.9880909059888918,0.6791491472716933,-0.8715697263337103,-0.04475036153660556,-0.18293403917646323
-1.0331754533331887,0.24826493953478254,-0.539992688800236,0.0619487648676626,-0.25664170344183
-1.0325923974451774,0.22326979205011604,-0.52067600359745,0.03465165815716895,-0.358104042592618
-1.0320185580690417,0.2045060976650523,-0.5155758026624255,0.05527384293614344,-0.36343300163584136
-1.096721035073058,-0.3755169708339075,-0.04147517922299831,0.13563940912231984,-0.44599829317900724
-1.1248536596658463,-0.6270298345812488,0.1416709181772553,0.3523410172027636,-0.35432125811219617
-1.1294322698155592,-0.6564806179630306,0.15385026905700874,0.45691738673305404,-0.3517112195055696
-1.1340181273693575,-0.6718810786013542,0.14528425965039946,0.5743161546306084,-0.38946756605819693
-1.1322075525175153,-0.6345919502248911,0.11562142730524791,0.606701155502776,-0.3557884078442825
-1.1171459644996542,-0.47755507972820077,-0.02440627189402978,0.6730992346689167,-0.22873575890784653
-1.1501349624759263,-0.7337853263063661,0.19026702720242178,0.6734250271986018,-0.1559394582830696
-1.1245803657289741,-0.4791374097169884,-0.036389373337962105,0.795842120849286,-0.1417515636023313
-1.13949932790363,-0.5665665138668189,0.04757336848644914,0.7407461701229633,-0.09031617661689509
-1.1651321746776726,-0.751895709674516,0.21670801803579764,0.6646377759895774,-0.044616458252315645
-1.165629074941152,-0.7123631543797806,0.18508958227254305,0.6419202912364756,0.0010259064321342089
-1.1653977901118246,-0.6592294758116718,0.1533777416600818,0.521132436348425,-0.07769129589609552
-1.187691284127718,-0.8149222242587517,0.2736097639149417,0.637565199889824,-0.08002306661099069
-1.1851892144487848,-0.7580360654542231,0.2202997442621184,0.6738393806621483,-0.046805849866425345
-1.1881059049935434,-0.7420743809711596,0.21027389425942972,0.6611869211952424,-0.027844081236954168
-1.1841893067620004,-0.6665160154042092,0.16649406106684458,0.5099216829047991,0.008054486990162703
-1.200536183194007,-0.7756596772315838,0.2608073239692109,0.5497953050465323,-0.0036784747872901694
-1.203914410745338,-0.7769529176300781,0.268677652101162,0.5179232629210371,0.05728188814897574
-1.1936266149463943,-0.6639808570658696,0.1729088598009443,0.5800872479794219,0.1417808741483508
-1.203813355514078,-0.7263478159924872,0.2288299230240633,0.5525038819301212,0.12782054247342375
-1.219307614935765,-0.8422438084704137,0.33637796249151736,0.5145184831387449,0.10686694994470673
-1.187070655436562,-0.5497977124106136,0.06210216927899606,0.6861608016031888,0.024184243287355776
-1.1562414057131711,-0.2797197089846037,-0.1702146875388635,0.7538113513478466,-0.07253991008401885
-1.1251921634448947,-0.030124405069780483,-0.2683390077468095,0.8011000962197701,-0.08851575977268367
-1.1182951271574018,-0.028766656839081823,0.06631293850110952,0.8906556005431312,-0.16627453589385463
-1.0834413099123301,0.19482817692922427,0.3608235273100399,1.0582590302086163,-0.30048252881078097
-1.1018182648649133,-0.04262549439617206,1.0771632944523009,0.9474705796065648,-0.5235248598074661
-1.0466962091344085,0.3349938464566173,1.342252759256701,0.8851150259484502,-0.5858387258920068
-0.9713125850131052,0.9163995264022816,1.3176309392819996,0.4659372188599342,-0.4523999677151302
-0.923453760886533,1.2640181701718631,1.296490867528607,0.4473004379510847,-0.29799264656113333
-0.8503523344069928,1.8583791692491878,0.8976554617134052,0.5303732603047402,-0.1994842354023545
-0.8871492393620326,1.479598224183368,1.3553591817384498,0.23460936637168053,-0.15575864039418444
-0.7964908326891453,2.220557569713777,0.7286829339503983,0.39899506812105845,-0.1320753024126961
-0.7547456754950796,2.5016334253349055,0.6311712181554355,0.4600183028696278,-0.10198999878540044
-0.7681014321819264,2.340383099341043,0.6653254266730023,0.22025417391540794,-0.09937497111490178
-0.7698785372782369,2.2627924054785162,0.6365696426583266,0.0734375160717047,-0.05209661568152708
-0.6817334951769155,2.969214946585442,-0.11574146433000455,0.3688852650506434,-0.07736822641118658
-0.7228570403702184,2.555864886792167,0.06784766384665805,0.08562453671437364,-0.07600967726711996
-0.7735623635048752,2.0686137408860805,0.243657618557935,-0.25138313141529645,-0.056520320895682485
-0.7877576416545582,2.0125277269416793,-0.5803684338380832,-0.5629978422037122,-0.07569995515400134
-0.756776018909416,2.23857645139966,-1.0004215154853315,-0.5165413147766779,-0.10286528670012647
-0.8250501488371859,1.644205121434345,-0.9415829793113212,-0.8700735956547379,-0.07710417651692843
-0.8683545272253405,1.2733615417049475,-1.0344650677906735,-1.0598934725083338,-0.007289083608426795
-0.9274343405523227,0.7209053579387248,-0.6943790362447575,-1.2042332987397746,0.012360575969148028
-0.9308295777743825,0.6575234027171495,-0.7323166476432961,-1.065435778976931,-0.02365830430344423
-0.9720090941752272,0.2714844528225641,-0.4196437292002528,-1.071440939126571,-0.04086127132275771
-1.0165060918759696,-0.13840523002218288,-0.08541448234187862,-1.0601933080574302,-0.07850794516159403
-1.0592493416782165,-0.5345855188419195,0.24127510843953393,-1.0192860003480753,0.01048697231268955
-1.059042974879745,-0.5255098202672623,0.20514032200408536,-0.8679015981410239,-0.09242654164085141
-1.0871089978719055,-0.7618385429309521,0.39708567684812873,-0.845234465642929,-0.115768539184101
-1.0741909551441202,-0.6498891591179037,0.26223263553333803,-0.5600708811412205,-0.028584060036866258
-1.0626646455332804,-0.5323842431844242,0.14105648184872724,-0.4037806685455245,-0.05743871999215938
-1.0928771350175164,-0.7734425277526753,0.3364763401374896,-0.36564908800797946,-0.08036363610554643
-1.0589431299934982,-0.4545169638533743,0.044486798966345394,-0.19455674912559992,-0.09397648839336366
-1.0733685679971106,-0.5506942664339531,0.11331408903341622,-0.10504089065479531,-0.1126267438814005
-1.0997254319395993,-0.7541467241321409,0.2832862971710987,-0.08752193911893273,-0.12147461597183791
-1.0695978724289141,-0.4541818736625435,0.007161347158164612,0.0835673835641919,-0.19004963157109636
-1.1052096319391793,-0.7364516398506319,0.23948367780653462,0.15271484928786322,-0.12750384764354591
-1.0878957162400176,-0.5545142131561887,0.07602303043699271,0.26707565466992356,-0.1651452699972805
-1.0948616122360173,-0.5812455626778268,0.07915067660072517,0.41580972698112595,-0.1989935046362273
-1.0938836696777403,-0.5374539897704491,0.015398679794172553,0.61772556957536,-0.249697959289475
-1.117966727288832,-0.7158445682252906,0.1593840324360691,0.6778775818623134,-0.2410456924941102
-1.1214480167158414,-0.716456426124841,0.15195073109675886,0.7589422294912812,-0.1911738748262927
-1.101029966641168,-0.5071078925235593,-0.040076041057726414,0.8828466228426308,-0.14196476421886714
-1.1338656786198085,-0.761584554092133,0.18336185440079214,0.8098689870952895,-0.11198441868372415
-1.114280962412176,-0.5579070893291513,-0.0033483682901550883,0.9426779146792558,-0.10715937105901806
-1.118786492941905,-0.5651051065172613,0.001401992906421835,0.9675112440254932,-0.08001017529781339
-1.1148495890663561,-0.5015818039180867,-0.04919635645491659,0.9602582677260654,-0.06409910879379084
-1.139738422789938,-0.6893454603808477,0.12942310805749588,0.8214061609317107,-0.025850278516088298
-1.1347192986632997,-0.6155270514565251,0.06946363117431838,0.8325324291744959,0.005848419868210593
-1.1311506392246473,-0.5572877123580011,0.035968987185949805,0.8371411542966793,0.029105639781507077
-1.1277103544300284,-0.5267315485614551,0.1524570643217653,0.8671343345515229,-0.005273568512030113
-1.1227889780192502,-0.5281200658343759,0.6056513526376555,0.9399948320675452,-0.0620211843045871
-1.1095221617328932,-0.465566513948764,0.998378696935809,1.0436803732067643,-0.15729727416761383
-1.0807007462874572,-0.26506778526002667,1.2226250149673963,1.1679836609318555,-0.35618083557404584
-1.0025600452302843,0.309786651466779,1.3566535913363302,1.4038336350341392,-0.3940207238215187
-0.9603155973696206,0.6055353746430647,1.4799117679562803,1.2646820768180755,-0.3320744241724706
-0.9251309882497902,0.8689978563373163,1.429039368912078,1.1547053173224635,-0.29040173716114664
-0.873038538874561,1.259721129196314,1.303673696674924,1.1215740959040115,-0.23443372169006546
-0.8618087066915683,1.2916493555080295,1.4224820497421284,0.9272069094247398,-0.17192882280525995
-0.8338261150556486,1.468467183611789,1.368954556992742,0.8180223704831014,-0.14652425942123307
-0.8178474729275147,1.5399685198424051,1.3513788533718651,0.8297339208469414,-0.12696134485049407
-0.8282886114228194,1.4040605639550057,1.3362836671110534,0.6415750688605382,-0.12314184449086396
-0.7887036246694198,1.707772524325854,0.8514227588846538,0.6116324424926972,-0.09111035002001192
-0.7867009931478276,1.6663388855213386,0.7340548722299274,0.4761782746295677,-0.09188467924673734
-0.7288599351258381,2.1209703569393894,0.11288081217338451,0.5798806227445121,-0.14801993400713342
-0.7415091499932873,1.9521425250882554,0.08216400936959135,0.5094133456737484,-0.1451757946785234
-0.7815337300447004,1.6043851156991045,-0.12062688043633847,0.31062895647484384,-0.17844701649376352
-0.8157786958835347,1.309218090931238,-0.36215547113158003,0.12574663532798694,-0.1561444126292949
-0.7502946950500246,1.8825004962118193,-1.3792124422046692,0.5216823130795653,-0.14630559538521476
-0.8011515537594848,1.4364896012171324,-1.3834693165677947,0.5123138648056752,-0.19732702058345739
-0.8195096623355801,1.2507326930950997,-1.4356520917405653,0.6642138842241434,-0.1722019916876812
-0.8621461867571591,0.8431220619389337,-1.1853321253145248,0.6555038599123508,-0.21363082427682661
-0.8550736210972402,0.8640699087542456,-1.2234276568736964,0.7343778664930848,-0.2753830573215841
-0.8978344613986833,0.45627572443676806,-0.8775677960888861,0.6890837584375914,-0.25277271891153863
-0.8482453501964109,0.8663652393483562,-1.2642420210229048,0.9448046916930375,-0.29982686261623026
-0.8895583170441939,0.48093607531572374,-0.9371621536061722,0.9189748107060582,-0.3080362664343613
-0.911289817476441,0.279223511645289,-0.772820960402942,0.9440611850938135,-0.33360725166802724
-0.8993322389379129,0.3736537723474549,-0.8791633637572243,1.0975363105042664,-0.3434042800045946
-0.8820661417267447,0.5188682292006039,-1.0215624581475407,1.234511556968262,-0.34522282797565196
-0.8609397910248524,0.7018005357175212,-1.1950916655915713,1.3573507788174808,-0.3570161831560507
-0.8458634141005363,0.8317320869867506,-1.3321565628052017,1.5178505160907143,-0.18448347578045982
-0.8810498103563327,0.5205457629640557,-1.0607675195486224,1.442875078238443,-0.14898561462538704
-0.9007408043796006,0.34340075430491995,-0.897241996874783,1.3642407178907938,-0.14095357431373937
-0.849461843246061,0.7916557228420094,-1.3069668034179074,1.5551667579738684,-0.21293211748592725
-0.8562070657464664,0.7210662816008764,-1.251128650460361,1.5733782059733246,-0.18066606790653886
-0.8723187503561994,0.568065440983957,-1.116042790673706,1.5384399884451192,-0.16236248234021805
-0.9243760111014355,0.10268524989264075,-0.701165852968577,1.3849803429079652,-0.19154450685724655
-0.9647389061878637,-0.26755580518405775,-0.372134313766142,1.249948073684113,-0.1719725101445337
-0.9493617934915097,-0.14512149123379445,-0.4883742538332638,1.3351492156167073,-0.16271605021390223
-0.9183982596890506,0.10645072626064978,-0.7216060440222916,1.4590964477624757,-0.181864918295551
-0.8937347202146428,0.30592738142905757,-0.9076985456280735,1.5744404119891764,-0.21103696575503206
-0.907165564298218,0.1700434641984749,-0.7874988236046241,1.535151478890859,-0.21665317909851556
-0.9208135832408675,0.033512570293516675,-0.6641653082102537,1.4739960902686713,-0.20330284852660147
-0.9197133086977329,0.024914552901945327,-0.6573994131365181,1.4626522835755866,-0.19628166193078794
-0.9087789703223585,0.10408934091355139,-0.7300747457564156,1.4960904337112593,-0.20836156703295625
-0.8979680247479687,0.17730348884480956,-0.797836215390344,1.5242188238454242,-0.21187142645269275
-0.8922783064487286,0.21035987525340863,-0.8292763104854596,1.5414855143801487,-0.20739567984998739
-0.8740108644322149,0.35328373095764676,-0.9536965109184491,1.5970418728094586,-0.20275399889847173
-0.8709906320647327,0.3509917453512751,-0.902763389123851,1.5996436644360037,-0.2015214309605391
-0.9108955783583399,-0.02809680270520033,-0.47003779931664985,1.445147467571419,-0.1747370838725634
-0.9180579144959358,-0.12589209196628917,-0.30889791541702727,1.4230858972477245,-0.18277597494900719
-0.8430283444462215,0.498638406277843,-0.8124860931007392,1.7051967434788278,-0.19712689132069966
-0.8123943472394405,0.7234878180884857,-0.8642267990941178,1.8310560102373976,-0.1989810141651424
-0.8037344465451547,0.6886238250294975,-0.32765418698869975,1.9390107236799452,-0.21275620911400842
-0.7847099324391308,0.8125425426307767,-0.34279262347821704,1.9727994585694997,-0.2201118528007588
-0.7757079991995324,0.8302323103331183,-0.17104962003953125,1.9311847380277007,-0.2437554740187683
-0.7339529433990735,1.048178299908367,0.3212962740044442,1.82177853647257,-0.19366204286428723
-0.7256118844877093,1.0243327129397832,0.7043541783155051,1.6387351150631366,-0.17488009267360394
-0.7269140375832724,1.053821928447359,0.2086609388925923,1.3595128920582102,-0.20240285193726368
-0.6941063188006605,1.3362677797543876,-0.2995460633089755,1.2802028013953735,-0.09058866700316429
-0.7569275424183223,0.7665504776468267,0.09538610619432168,0.678160858027806,-0.2162199705369515
-0.6568433328841368,1.4033879720189975,0.6687395568226722,0.8160253975405464,-0.26784378625341415
-0.5926890740271099,1.8945506549224285,0.3804997483099631,0.787285659060707,-0.22987788114877986
-0.6016811913888791,1.801974522340687,0.198830981991847,0.6118861109123576,-0.11260838779304164
-0.6128064608945277,1.7388248438901241,-0.2521791927154191,0.4488110609101166,-0.21927467018433078
-0.6521479789980614,1.4344193041346163,-0.5001310794841823,0.1658560139129841,-0.24835376024324812
-0.6778690964341303,1.2744992204323424,-1.017089089942158,-0.09511535288198592,-0.181615863410159
-0.6767010342187432,1.2750600045526872,-1.1666315727901613,-0.0588135995352487,-0.18598725516244552
-0.6776851606377859,1.2820400343021972,-1.4258924724300515,-0.01638252420585243,-0.1749885707797409
-0.6989517103226798,1.094434204166142,-1.3765662599170607,0.025344525531350543,-0.2061342118062222
-0.7615196980404514,0.5368506576052242,-0.9235863097686551,0.049483310975123714,-0.24347166337909723
-0.8482837006478106,-0.224838353564625,-0.2702311717627812,-0.0337920845008262,-0.27156133390727955
-0.7568305157959901,0.5796444335443044,-1.047872611662125,0.6132449483028987,-0.3166223152003128
-0.829912232417882,-0.04862624735554963,-0.5260463109682912,0.648115319695695,-0.23853456025083694
-0.7703763885014066,0.4832450624789505,-1.0682238669300397,1.2358624492968853,-0.11263934449805232
-0.895867993176747,-0.5945936409673122,-0.1289660286566839,1.0446299706611912,-0.2611918961156846
-0.8955085745580736,-0.5833495255917511,-0.15024150198284236,1.1339665562221228,-0.2638701492359272
-0.8776139426523756,-0.41434290421261893,-0.3000630212886163,1.1971671288853898,-0.37615144839786796
-0.9026611297276466,-0.6202352704251055,-0.11462695816278938,1.1044703766237254,-0.279934413013112
-0.9093704702452992,-0.6598949225779541,-0.0803071110260821,1.1056857539337968,-0.20224974282584157
-0.9182995347793271,-0.7107494259533225,-0.03035583740616475,1.0911393690959361,-0.15532735775938947
-0.9354584999599742,-0.8226819926489194,0.0751698215311314,0.9989736986109521,-0.14134860520788886
-0.948149842388198,-0.8948871554159146,0.14422225848898487,0.9630663931105825,-0.055079715698613176
-0.9605408198974795,-0.9577615787882331,0.20956614571273505,0.9145513654444181,-0.05081042083270776
-0.9457081700065725,-0.7833506537712076,0.054641104809926615,0.9880409808855162,-0.05255337005766027
-0.9047073297855581,-0.3794011325337723,-0.3053666910968669,1.13946942609342,-0.07586331848993637
-0.9610064894477481,-0.8275855915840975,0.10902853845693032,0.9235582791259067,0.0003852921245460121
-0.964596211621381,-0.8128627399494854,0.09662380792913532,0.9391826379742929,0.03240950587335262
-0.9725641466530863,-0.8336414387097586,0.11655290224057809,0.9180746182627927,0.015507219100836784
-0.9746926373434771,-0.812222217715544,0.09825264058232766,0.9326412779804335,0.013494243937100261
-0.9913458704774348,-0.9276604736533036,0.20813946348265874,0.8791629040925016,-0.00046352341234565624
-0.9863291502185414,-0.8614060972930108,0.15046395895106862,0.9140096600044885,0.030653611456412176
-0.9286887587291515,-0.3303820520402976,-0.3272405586085804,1.1050055020596865,-0.0716817770177415
-0.8740046261813663,0.16221653675215136,-0.7575711617526933,1.2009595737369505,-0.08536468516232537
-0.8825739753532705,0.10218356575089722,-0.6861108765018092,1.0623633045416274,-0.04768950258295406
-0.7963166281385736,0.8635511659012524,-1.3545765117684467,1.3404342969566392,-0.06490062640787071
-0.8337516692905262,0.5243318797940922,-0.8977791905448455,1.157485666654064,-0.033871205732482326
-0.8317774736199468,0.4941985877904744,-0.5964305036340836,1.2155140300211227,-0.03958909213619582
-0.8555983890276329,0.29538349167276834,-0.46293058628810524,1.0966587345212842,-0.031381515974779256
-0.8436170199186748,0.3670887057233853,-0.3333645200901692,1.1969154104175224,-0.14637004155170963
-0.7858132764677291,0.7591569935708337,-0.013446953328734385,1.2598320491864567,-0.32919552149159914
-0.6913882296537598,1.4499245366443614,0.10061405874982597,1.4818061422233886,-0.2666982140400058
-0.7436563474485554,1.0254346930752156,0.1566957806653192,1.1965311845826025,-0.13355494290249534
-0.7342078257422002,1.0197932371582712,0.4641592390767642,1.430606251825918,-0.07173564703939904
-0.6817066894871665,1.5487976768042784,-0.6122569704416662,1.331008820178315,-0.030004827437210557
-0.6852380027469667,1.4734910538221992,-0.5341645807700485,1.4087806227162818,0.01671073499800094
-0.7566771452579889,0.7564960387605292,0.40570146039456073,1.2206763788533623,-0.03673547545879257
-0.7021299972717925,1.268274556369543,-0.48095433581581126,1.1334028627149249,-0.11042547966373799
-0.6883108728720807,1.3277760307241462,-0.38123468064728033,0.8190365528239105,0.020719885021056945
-0.6747370827238967,1.4509227479449107,-0.6722230700477718,0.5284039703034652,-0.03584243433526962
-0.6679029735477394,1.4559974646746843,-0.6088256944360576,0.5779559655327174,0.12241052899872082
-0.7365117080604225,0.8401532211901829,-0.2527374817616151,0.5970713794323455,0.10676425013145789
-0.700437638356175,1.0486303660970506,-0.07617126428892278,0.9833478640001351,0.030729092853865884
-0.6765595189450977,1.286805775042792,-0.6097160858036039,0.6922591117712775,-0.07777803495044608
-0.7182886809631365,0.9435431352532863,-0.47946582740889315,0.004360938892884776,-0.08300723771630393
-0.7160531031059975,0.9983656636979398,-0.8705073464151633,-0.12447399760632913,0.005237325147017769
-0.747248564299819,0.752769767351732,-0.9303399871357381,-0.23557022231200403,-0.03327080844650358
-0.7660366389041842,0.5991178074656114,-0.9209694011124336,-0.1810385056445973,-0.059929556203612476
-0.8245105617685096,0.09175751654320412,-0.49008933322195153,-0.29769774481638944,-0.0739708053286068
-0.7848661360679055,0.45397393340079845,-0.8324072200391526,-0.05555594160775066,-0.09578775371735966
-0.8444540617551832,-0.03841139042213537,-0.4093743957687989,-0.13368629969398138,-0.11580723262751112
-0.8440691480230518,-0.0038449010476575667,-0.447948761535616,-0.094148008095906,-0.1307954985984603
-0.7767079885229301,0.6266304141202745,-0.9848767288492554,-0.07461361651909673,-0.0866525611615586
-0.8370983325156574,0.14005999313747425,-0.5213292653706842,-0.40675910068957694,-0.056929338299276926
-0.9512918564652072,-0.813968579205821,0.317387967777102,-0.6093835652224636,0.1072617485170586
-0.9161458984056,-0.4411615195959497,-0.004079264686956691,-0.5617269500378272,-0.010685897752294659
-0.9396602470679919,-0.5937257853147707,0.12127698454116226,-0.5008793099679728,0.09468835576292063
-0.9774566757382984,-0.861142500644447,0.3574569167039333,-0.5243762520442752,0.11664620013503167
-0.96571060581373,-0.6837052891744907,0.20850502990729666,-0.5024183130347621,0.00855762031371317
-0.9453954018426205,-0.4444051270883565,-0.024584642334096282,-0.23325796353819836,0.09286593195374938
-0.9764223306538639,-0.6355311854046501,0.15038844151535058,-0.33784766721194615,0.02546011544524155
-0.9210548200697802,-0.08311560810894628,-0.29447028459294916,-0.46149855575907633,0.05497235300087698
-0.9256910311898671,-0.05490818983453003,-0.28368789492717456,-0.6762795195007727,0.10688702353339148
-0.9308105782397198,-0.028893396520820416,-0.3233572210664979,-0.517895880762847,0.08758395701722717
-0.9743008243974995,-0.33673956339099925,-0.05830449607010684,-0.5142629244617701,0.06381585647247967
-0.9686414639794674,-0.215977962802766,-0.16289174671359138,-0.4770360691729689,0.0628951112776743
-0.8860273854822942,0.574637339958719,-0.8162198433902135,-0.5433166923286109,0.1383677654299656
-0.9019359056471505,0.5011540659036053,-0.7500153513320845,-0.5337384232092504,0.11717292224376008
-0.9362760811643784,0.27097330170053296,-0.5650056626904438,-0.4255908166800855,0.08186831363906288
-1.0144266603716212,-0.3461437370425983,-0.00250805947313086,-0.6760989706372942,0.08306724926772917
-1.0104054719926607,-0.24650051584726138,-0.06914367660248043,-0.7401384605701308,0.13328379164004664
-0.9932899806594223,-0.028520168076245613,-0.26801005670801326,-0.6090818502403721,0.12630473246463872
-0.9959067504012009,0.01430714640973593,-0.32969817282021346,-0.40140357937613763,0.06905398515384352
-0.9846138133345251,0.17593170535568547,-0.44876818008114905,-0.3516826457784166,0.07938420853420204
-1.0037561641091126,0.04699420847948074,-0.14100593608260667,-0.47892536548440395,0.07119985023514314
-1.0076011930019682,-0.02330261775645685,0.4729564898307542,-0.44046298621432184,-0.0017527707928914073
-0.9173739863411114,0.7368353486052494,0.25981737679335465,-0.11215687603877438,-0.02133196555712925
-0.9183457440725253,0.7273220205900865,0.5774309768282637,-0.2787782034504801,-0.03495139460602163
-0.822838675639104,1.467723392155436,0.6676216825463411,0.031850647331784485,0.07524969795714657
-0.7965673932263073,1.661162590256769,0.8184585554655898,0.1126260821128173,0.1504932923167477
-0.8216352356605354,1.4032877973235487,1.248521843941167,0.0006912706545215629,0.20252780078107588
-0.8128407196855293,1.4297874983961978,1.3969691643533892,0.03497795104596039,0.20288486670128497
-0.7889323650559705,1.5717061978623568,1.4418789823192473,0.1638472639532056,0.21634814793574003
-0.7788688018135532,1.6452977368728792,1.2154670307142632,0.05794082366118217,0.23197313795245483
-0.8080741202672048,1.2768292326518023,1.865167314361926,-0.038914980930629686,0.25445765622167515
-0.7997721210710569,1.3349283655198156,1.552367519565823,-0.08204646441275143,0.23661759500434582
-0.7945980645534401,1.316593441571077,1.545812905515287,-0.16436938636877876,0.24427989825906676
-0.7434219296902828,1.7049124442232846,1.1437441380852615,-0.09806683943025808,0.28362082835915864
-0.7292491650453212,1.8086697760588066,0.7612405980271648,-0.18241562675081813,0.24469935422759304
-0.7387493264016768,1.708621608940525,0.5276351709309528,-0.23889048124520199,0.22807162002346784
-0.7595480358566092,1.5230368824028107,0.34704366581168844,-0.38590363787949666,0.21059490839183823
-0.8385991820206896,0.8863243508822756,0.32567027763177264,-0.9262998886103339,0.19245195611105728
-0.7912545108582857,1.3178694159063846,-0.4493489411569091,-0.8764391157076787,0.18827557407331552
-0.8358223958010303,0.9575604928692285,-0.506176411152182,-1.164131231149516,0.23985615254864243
-0.8664813211399968,0.7328183539992313,-0.6879581319825353,-1.3481060467548422,0.32659656215788635
-0.9259931001892133,0.21714215821785182,-0.32482526989120386,-1.5141196450455556,0.3439150579084683
-0.9496322959094862,0.012572181244185372,-0.1762806737153552,-1.4830450921797689,0.3631738478002032
-0.9550808420381596,-0.020470033718680995,-0.16078311716546875,-1.4497536199733172,0.34660980052153695
-0.989806682131057,-0.30096380047418836,0.07971824216966876,-1.4995916860624563,0.333664988516165
-1.0265271844710235,-0.5900488784384439,0.32533182834993163,-1.5101042232122337,0.30532221701085477
-1.0407360813875606,-0.6824294591944656,0.37598352987533096,-1.319035524121275,0.4396929851419241
-1.039360157625473,-0.6205177408710335,0.3266128705429196,-1.3306774004974733,0.2826299898833018
-1.0363879115324495,-0.5470164028120112,0.2522669901921344,-1.2703823507030452,0.23485292384655815
-1.0533173163317924,-0.6413233165450137,0.3169957091658272,-1.1093189111473114,0.1720089835627318
-1.0551278827384818,-0.6176182372200062,0.27362085756038357,-0.92009868366439,0.3033040370681349
-1.0551766779319889,-0.5600177822859006,0.21192042758910354,-0.8295240304812875,0.2903351388559411
-1.0606283115909945,-0.5575867759106825,0.17397507108864363,-0.5520397894526081,0.2632447395437267
-1.084794733953881,-0.7011144990406724,0.2613715197669744,-0.348576283479946,0.11701317999112615
-1.0951336595559942,-0.7447168852403413,0.2856554301484745,-0.22204692394376094,0.11728146429735269
-1.1111967257607855,-0.8519678744343315,0.3815393878923792,-0.21159339931272586,0.16169056843396684
-1.0801855993191691,-0.5417148163995584,0.10011728350657724,-0.02881613276915022,0.052507039248776706
-1.0946826158606238,-0.6227450366477479,0.16449303815750121,0.0007159809394054606,0.03646397460896037
-1.1238673964915407,-0.8324599611211821,0.3340712407221344,0.06521324143093654,0.07811779285760717
-1.1088023051925848,-0.6569308211749251,0.16317604863839266,0.22048382570850877,0.1774382025250449
-1.1230077007500094,-0.7296690635604107,0.22471969904846087,0.25772040623329334,0.13712654727619997
-1.1213835902338878,-0.6929682964254026,0.1887855997978325,0.2878166355885217,0.30619558932610197
-1.1393113950575315,-0.8215833646233627,0.3061468319703306,0.26701720462783324,0.2815747085230391
-1.145300732795149,-0.8553558271820879,0.33192469825895826,0.273692063692486,0.2739447379240474
-1.1456850595225905,-0.8351173363324,0.3089261052825667,0.3019072002641375,0.16427001309749042
-1.141340258784823,-0.8029505364134906,0.2737091912948568,0.36020651642186696,0.29325223619328
-1.1458309107826579,-0.8303190108134152,0.302464834310958,0.32465852925509975,0.1927419104170702
-1.1433278693374265,-0.8178133879741096,0.3123061606714669,0.3609567005055192,0.2580178380532846
-1.139486719788243,-0.8062454361444968,0.4166689146568398,0.3873935822336379,0.2851604973177584
-1.1224113730490903,-0.7387481075232338,0.8293407728545137,0.30888333445007,0.28337144528797376
-1.0776499835678903,-0.4329918401337775,1.127823334692272,0.2310801918499103,0.24941925327679476
-1.0381363743591465,-0.14715493984339872,1.2770941197824925,0.4872007689344544,0.2061903450261524
-1.0000170635440746,0.09726367585237727,1.557877319602985,0.6139393195595396,0.2364217905073603
-0.9585626683023376,0.3883916423423106,1.7074557974932334,0.6542923240378,0.27224486200956116
-0.9027035821348828,0.8163597992865337,1.6019027038605786,0.7549802529611453,0.2556895966707266
-0.9063047802548047,0.7070609804181415,1.9883211401128011,0.6676260276473277,0.23207140571372806
-0.9184008965718922,0.6705012763091864,1.4433534292643666,0.46079397551136136,0.07569711717673705
-0.8735055843316204,1.003138600338285,1.2055014349842648,0.5555034403126166,0.08876457906465272
-0.8652671394371566,1.0415547292301377,1.078293908853651,0.3941797210562136,0.03779018314643542
-0.8025366709763511,1.5930660937370937,0.2599170524093797,0.3188495980201841,0.03426368258472027
-0.8207694087262196,1.4253053006087792,0.09071494765501469,0.07984701636159737,0.12896720585849403
-0.8495621497573712,1.0892100977662489,0.5062676009801353,-0.12170287099930337,0.11490682423351364
-0.8377785294900589,1.0470117370004381,1.0196729410943375,-0.04959079285442385,0.0639272857549077
-0.8252574346452002,1.1640852428275745,0.5085564463912853,-0.1662225002023036,0.04892821540008107
-0.834421913175725,1.073505627172236,0.298399908595511,-0.20488750701648492,-0.02891134025730518
-0.8306806221936972,1.074490422077183,0.14706676790526232,-0.2282464399072162,-0.07625796050008352
-0.8253977221420407,1.151142720237503,-0.36612544170910016,-0.5970601885593617,-0.028008169432578008
-0.8648298500123454,0.8406698287669127,-0.5326003520717616,-0.9138200597908828,0.05703898260476503
-0.8583871669618355,0.9081739524100853,-0.8788146046871337,-0.9472963435202045,0.08375454535133932
-0.8639824180917893,0.85175838281614,-0.9422628061892208,-0.9197351294813315,0.07736758313254281
-0.8571981297882681,0.9051251408280971,-1.0356810945640338,-0.7662114443471497,0.04383702197374446
-0.9006022087816071,0.5290132635418483,-0.7206949002685998,-0.7781923494015927,0.038600895712375974
-0.9672472901136963,-0.040345553997033684,-0.22727398349345052,-0.8851141351936292,0.011302237492802644
-1.0326582814111858,-0.584973742937165,0.24236760192027912,-0.9474061121595763,0.02359110225160387
-1.0499918230237748,-0.6997439490204245,0.32087423208193333,-0.8250805743653776,-0.020752160476534297
-1.0088878170515092,-0.3118932422750379,-0.049546385308098025,-0.5150937006902502,0.06155650727455771
-1.0307954940612907,-0.45235843794802666,0.060180631526224264,-0.42785310624291406,-0.05279587425320726
-1.0576182691704321,-0.6463916669311839,0.20837004597513473,-0.32372171886545736,0.09423500784587831
-1.0527802574992984,-0.5489377065255079,0.11712979247463706,-0.2856309759574077,0.1702912442030183
-1.0536805363383592,-0.5056574190662164,0.058597826384512074,-0.12527768116898677,0.1981493642952613
-1.0490453574460366,-0.4281666730057009,-0.02880832199911314,0.061083677173078325,0.2242731791674118
-1.0166964412477246,-0.11394036822918689,-0.36050472803051137,0.5595124425577842,0.17984334520271414
-1.0530706497142612,-0.4146400308506585,-0.10845067806809741,0.5899337195967367,0.1683463243343285
-1.0556188890330063,-0.4262453587654768,-0.10627602837462038,0.6451651748438919,0.1618983398696359
-1.06030725173755,-0.4558620529108601,-0.07718968992510085,0.6302180501224123,0.09027772580239174
-1.0999212240901304,-0.7985715255499264,0.22940767487733893,0.4833076802034521,0.06885742864776756
-0.989707086970481,0.15543737604361754,-0.6255552788244346,0.8359700738188915,-0.013620989564969672
-0.9198730952699986,0.7654412723505474,-1.1545879853167034,0.92430754593184,-0.03404036562008254
-0.9683228979800528,0.34505916169301737,-0.754696133929559,0.6048226689076011,0.005319587162519997
-0.9561628622379407,0.4661184780837074,-0.8253040846852647,0.41823864393794924,-0.029828380066921605
-0.9390865327643608,0.6329358512019947,-0.9531056595389045,0.3919955619188878,-0.07180207136954161
-1.0430634028361652,-0.259342976582696,-0.15051360803796834,0.07100101497905577,-0.08185829855506868
-1.0593904351116932,-0.38487586396094436,-0.05415870006357271,0.12352802773663249,-0.105135492819679
-1.045416261511467,-0.2366435044087116,-0.19305856050270323,0.23485801616413723,-0.11311230776145684
-1.024017973439101,-0.01356714325638744,-0.40560990145676634,0.3930227901255677,-0.12477826065151704
-1.0012799067127802,0.2176254999153164,-0.5598130708490108,0.27863781462018555,-0.07069613647720598
-0.9763705253388425,0.4441396760476082,-0.5308620727127908,0.2672107790507219,-0.11361480195993524
-0.9710294683348732,0.46915040481734205,-0.17481442123382027,0.39500690368548147,-0.2167305943334363
-0.9375677115093295,0.6987313875725961,0.28858670844600043,0.3531557211242897,-0.2107602358491734
-0.8370334034562306,1.5308685243523392,0.13374492893832018,0.3269759108102463,-0.09994916810817325
-0.8754247055878696,1.1323590896998594,0.9691482099237841,0.20892152118210391,-0.027959463615967347
-0.8226976708576693,1.5362281610342494,0.9957738257048748,0.36217234189449177,-0.001997133520747335
-0.8157149296430282,1.5362200484862267,1.318353783743295,0.34454998705618917,0.0327585501088761
-0.7926093164651558,1.6704017452025415,1.4753545169183617,0.3567824295640129,0.08477803134260639
-0.7801077043218387,1.7101352162762156,1.6529651697870495,0.31868484940525577,0.14073976161971052
-0.7995378751195771,1.4745184612946025,1.9707871053079817,0.1248398021936486,0.20542945095429566
-0.8136715649136886,1.3012382586176947,2.1115369578124454,-0.029902394053303902,0.24601735241620828
-0.8160354708368497,1.2570396301552182,1.9638609315010933,-0.18068147803499146,0.25294823291311247
-0.797093752642248,1.3764155670069003,1.7343156453839432,-0.20594874105496938,0.27559648557959937
-0.8456013871410751,0.9230608626440436,1.934201714880463,-0.5455154064906376,0.27288380485464725
-0.8834756889693155,0.5753272450819296,1.9650624703171804,-0.8284899095732824,0.2546372781845661
-0.8566294091038735,0.8047401318487483,1.426628391037451,-0.866056624735938,0.2561796927688551
-0.8284639449273729,1.0566958154599153,0.8043727265984193,-0.8751064216641573,0.2653891416465339
-0.8559653831828242,0.8585498063454006,0.4576868219245998,-1.1314513415357959,0.2390707876468708
-0.816219461308151,1.2232034638080962,-0.2541893009542989,-1.0695427060094267,0.2513388987027365
-0.8635685736679395,0.8458237645683003,-0.31239142036879963,-1.3412351981003026,0.2771097915794038
-0.8903375073270331,0.6609421190747461,-0.5600630625938942,-1.5004422283317693,0.3355854425660702
-0.984636311672063,-0.14824710357860077,0.05016624915276294,-1.8004160636592712,0.3694061357262686
-0.9984223283975064,-0.26379517393390634,0.11186024097085656,-1.7463168576920791,0.49392935336388594
-1.0045280859624681,-0.2972513357078749,0.1267523588876802,-1.6863993077259463,0.4751886553794078
-1.0204794333691014,-0.39515605857279723,0.19914170453000776,-1.6746518358478906,0.3231169137933158
-1.026313641275019,-0.40785574804977276,0.1899044699785264,-1.5163769783963432,0.33101549284081133
-1.0147004842426224,-0.25544242387698607,0.03762088112558471,-1.3616082203350541,0.3224235721704036
-1.066711643097872,-0.654332348369403,0.3926814771225927,-1.4994867046332145,0.2987150819634613
-1.04918997309086,-0.4444267602626532,0.19992935273825144,-1.373458219618741,0.2697600896739719
-1.0676712169071216,-0.5575554524402082,0.2846399889008919,-1.2243827633493065,0.40495915086059414
-1.066708730314235,-0.4855929455900555,0.2167828553562656,-1.1426435736804195,0.37768324715910223
-1.0769351648615575,-0.5090853400683798,0.219662406414589,-1.046542409923891,0.3360070491724324
-1.085359657283616,-0.5140234175377568,0.2261592657438502,-1.057189290556843,0.2837890112857507
-1.1053318585779097,-0.6160328198335605,0.32453910098676414,-1.145071871560715,0.2771797666144021
-1.1255544163391742,-0.7286496033825854,0.4142158654351603,-1.036558731437791,0.19782846566379197
-1.1227394259289287,-0.6510310895176514,0.3239136779150577,-0.8167514402390139,0.32616195846384566
-1.1112358218946625,-0.485870041307025,0.18772375985141912,-0.810732509494691,0.30343031965361256
-1.1425892211365725,-0.6832803142819693,0.3676788471746509,-0.9115344938012897,0.18616302368317905
-1.166540930889315,-0.832183812567274,0.4792776731562669,-0.7639679606281392,0.1650961722752113
-1.162557033195349,-0.7273166596965829,0.3770159287220839,-0.6653138925422983,0.1760964809213924
-1.1745937220796177,-0.771311022464806,0.42179206030371263,-0.6726364463829639,0.162733436113355
-1.1835130346729472,-0.7820987195283684,0.41128463887095534,-0.4996798555414205,0.12439254471118054
-1.191230810972468,-0.7935005563158634,0.4152281315705595,-0.4232720121427628,0.12026119696312641
-1.1845993205599388,-0.6859481294142074,0.3230696702087188,-0.36296080819077386,0.25426337449930886
-1.1861614684335748,-0.6479778799305562,0.28365852923798884,-0.2874083847421695,0.22007795599751293
-1.1999342503449768,-0.7080312951068602,0.32789119582497717,-0.22379454617470362,0.22249694510562007
-1.2074690422776886,-0.7163725142565612,0.3316270463123848,-0.16774439503069236,0.20137378635484643
-1.2248337990933669,-0.8006350597636361,0.44393900066393166,-0.13329166331302889,0.187230547594433
-1.2226274247283537,-0.7659166078621793,0.6566920594175788,-0.2406097742392983,0.17846322512587448
-1.2019608246834503,-0.5972800492382716,0.9346738938216511,-0.16999169660251834,-0.028191893953239844
-1.1496973205197283,-0.1721224763580121,0.9894881659313218,0.1351518644463208,-0.025153773748116247
-1.1075353915361563,0.15570077483079953,1.124584494778175,0.34315755348723886,-0.021780503961909656
-1.085935418203312,0.273759589045432,1.563386629123452,0.1420808580461355,0.07631120010560552
-1.0521838552354998,0.5011305206455235,1.801612568645353,-0.2262382906760378,0.16838237488840882
-0.9544300218200268,1.2877293311680866,1.4528756738044284,-0.4014478049509384,0.16162959427791618
-0.9589611607558973,1.1732768863472607,1.7995906945044795,-0.47562988906411413,0.1897563282912367
-0.8824694957048653,1.7561385964555423,1.5071899936729942,-0.19286336934288736,0.18608389868744712
-0.8890562012179306,1.6225131052493535,1.7450591053228242,-0.2594492535777302,0.19285206841384356
-0.8397516602140684,1.9881715178329826,1.3991722648868306,-0.10203619964080363,0.19755462201196444
-0.8482687339528796,1.8451757679163545,1.4649724187215385,-0.17980261984151658,0.18989725026971202
-0.892359477467489,1.3842963205469827,1.8109630868183242,-0.4333191885396345,0.18537985976911348
-0.8545966415563565,1.6564869183443047,1.366356239714974,-0.39314844930531384,0.17453473054391502
-0.8334272655102523,1.79248897705376,0.9687872146952574,-0.4401417287494293,0.1690720067230694
-0.793411294416473,2.1092753539377296,0.35412781867067045,-0.39956143119213383,0.17194338957190763
-0.8401113111423884,1.6780260088606194,0.34644739456408863,-0.7061108043838134,0.1707119233581458
-0.8877828119044802,1.2777421782039096,0.15950372048418177,-1.0640365675933463,0.1394533773739335
-0.8788680369382543,1.3451480065105539,-0.2677297423729222,-1.1469818486272627,0.17478335293753025
-0.8973636012087273,1.193322435532016,-0.537372288979642,-1.331469951940909,0.19366135594413486
-0.9612251753503813,0.6535567685091163,-0.4800157706981083,-1.6495212717692689,0.25739686024084557
-0.9138160484177307,1.0534788668431594,-0.971644431500666,-1.4533063961510508,0.2660534067776776
-0.9206674965836189,0.9792649873729596,-0.9504203714851519,-1.3983887836905986,0.27387971596260585
-0.9221451175182234,0.9625357250150516,-0.9528890916445452,-1.3265134904596527,0.24174374219854378
-1.017132125274805,0.13853775213178154,-0.2209813594385846,-1.5908862280361438,0.2516356702361989
-1.0520521631088011,-0.14468506214284169,0.010192513850076676,-1.5810735327212497,0.24217964962284122
-1.0577037901132322,-0.16947841233165575,0.02218318370804133,-1.5257895149136516,0.23519910128841104
-1.0556947443766482,-0.11936802142067865,-0.03383130669849735,-1.4345710300284538,0.21684133514014153
-1.0638977483708874,-0.15142615750765728,-0.016192925881787446,-1.3722956967952291,0.20876282438858265
-1.0580613400429657,-0.05916002642899157,-0.11036820621589914,-1.2714704198480287,0.1743217442640284
-1.0392596295773269,0.15119089574126848,-0.297264349891004,-1.1682439839052041,0.19698352075949926
-1.1086015039514026,-0.4079560122133216,0.19382345742513574,-1.2831513140615807,0.19131514533866725
-1.1138055187009779,-0.4017625805487481,0.15708041793950686,-1.0441994680180913,0.166998257034451
-1.1286296158493354,-0.47572041667278053,0.20992762491225206,-0.9860237998676229,0.19871038657531587
-1.096185071636041,-0.14570687533413465,-0.05780409093219352,-1.025549504628373,0.16851871046726238
-1.0996122609131218,-0.11810620714137193,-0.18399344691244968,-0.26515498475850646,0.084456022597416
-1.1080961050182736,-0.13319222523827015,-0.16879700383161883,-0.2608048603077949,0.08056945694408794
-1.1156284326605421,-0.14753820721131305,-0.1685862204500599,-0.12366617596344116,0.04774123762426439
-1.131343657979971,-0.2239481472803359,-0.16111975770527007,0.29158490170662266,0.017666452174260813
-1.1756875521236627,-0.5619443432723852,0.13570893149708696,0.2315132902893486,0.0018480373775263646
-1.1825428002342797,-0.5779311434798681,0.14596626773520266,0.2981594622941205,0.02076642660283987
-1.1973383557573625,-0.657045941364527,0.23445713932014564,0.18325356476634652,0.039376116978423234
-1.2138109342677712,-0.7502064970101289,0.3217657728611905,0.1320265827488907,0.06247090226602329
-1.183194569027483,-0.41829585889893733,0.02445374619571063,0.29993638856558985,0.06149705667927234
-1.1725162766163644,-0.2683991007995596,-0.11264518631547762,0.37840471173476026,-0.02548159738026681
-1.1854806794925545,-0.33070283001734097,-0.06689806284520786,0.45371137999772515,-0.03414657141657101
-1.2003537281121146,-0.4075570595299744,-0.015280969336196782,0.5536326260856694,-0.020288249366344525
-1.2034286424902714,-0.3920536620584258,0.11057325024076264,-0.1291610994284684,0.025998767460588608
-1.1844543543866677,-0.21873614067285888,0.15821505008320666,0.289202487450303,-0.006139936179722515
-1.1137900193852026,0.35580972732597627,0.11338698699369183,0.8458128827842027,-0.10577550571908559
-1.1160401669176336,0.29336172540686634,0.6398219160702768,0.7813266052734208,-0.13081431913607489
-1.0030983150926718,1.2365434157122661,0.3519294344608426,0.21839837576464058,-0.1150960301354359
-0.932176830791781,1.7687074417687285,0.43014928201882113,0.2703032337926508,-0.02447238694437552
-0.9286939146948182,1.7375194616986107,0.7835122808776576,0.23070236366205013,0.03876154125662056
-0.9362866663490546,1.6218976328577959,1.0481850944152222,0.20166486043445547,0.05070068560252805
-0.9171612947526332,1.6927381744732486,1.3294376365987874,0.307237479250738,0.06745337477287218
-0.9147828701519461,1.6221552930785552,1.6077058688302097,0.32422894095240545,0.08245516937148314
-0.8842753784374027,1.811780921979237,1.4915953179174473,0.4227416735692397,0.10017647279148188
-0.8736777417181962,1.8763697420294447,1.161111667458097,0.36612867160810714,0.12025065205239108
-0.8856581636812346,1.7477443235047536,0.9144163439000843,0.188544821627217,0.12583892750710735
-0.8993655459650787,1.4815637589666597,1.45918700759772,0.1500695259212319,0.16766889066642832
-0.8729434156139968,1.64709827771949,1.156049179300335,0.1468493299482403,0.17486326428140656
-0.9163891053335754,1.2035932646801937,1.3829104338583273,-0.12447189124086835,0.22995601761824808
-0.8715085938175322,1.6090898214879727,0.4492079133266443,-0.11580163530575989,0.24778781205758682
-0.9200241194053634,1.1602847007930044,0.5134179864768625,-0.39193431762837255,0.2533781043366444
-0.9261443294980333,1.1090530718647893,0.09330650109463909,-0.5135846595714131,0.22548684176010372
-0.9101095246310184,1.2506223773275096,-0.4568832087959727,-0.47664632749959507,0.199278575775297
-0.9145668177165912,1.1782156810540372,-0.5396889422174546,-0.5576114402394017,0.16911092750832626
-0.9210480278820945,1.1485707552849336,-1.023317846811478,-0.3432237176380408,0.25033043816175526
-0.9551870691949192,0.8421660869014074,-0.9736924126920175,-0.15150120094382677,0.021938749647158435
-0.9958378600873085,0.4600848407352734,-0.6807318990151453,-0.21448861203392067,0.046339764065859046
-1.0125408702597067,0.29442898766070585,-0.5818145194446073,0.05048508421841832,-0.04740444905952152
-1.0381271735583946,0.063214398881445,-0.3956091058757555,0.06979525826431812,0.01752147067720052
-1.0379872020506071,0.06428049729711058,-0.41661469500986115,0.1852694052602755,-0.0375744812067433
-1.046132876787908,0.000174793256277245,-0.37855370147995954,0.2739694462762131,-0.0272734920062365
-0.9425857510276058,0.9157681647835826,-1.2218489351854305,0.7545870250544876,-0.07253182265696773
-0.9306374333197951,1.0280320332541746,-1.3257547168057366,0.8225151158864933,-0.16132786112196346
-0.9785068751549252,0.6199797057521482,-0.9523806503896014,0.6294282596430996,-0.22411484023427328
-1.0158678102344434,0.30909378395373405,-0.6673177212201308,0.47425027842770306,-0.2435595538918808
-1.0086642341817535,0.3800591847455097,-0.7324967034855089,0.506557771978066,-0.1830726574759105
-1.0233728935455544,0.2657429557071537,-0.6410074485158515,0.5134784545266833,-0.05285529974783397
-1.045650613108194,0.08593231478513086,-0.47270368770346793,0.4290575491843533,-0.182489398939892
-1.0641354050217129,-0.056111991069586926,-0.3497675058661571,0.42110900591207506,-0.19987237330706745
-1.070912974985959,-0.09415078923674279,-0.32443509229811557,0.46250256359866493,-0.10862878604225892
-1.131339732589189,-0.5985642912082646,0.12127631401634466,0.34254279437990937,-0.13594752793750867
-1.1326806917033172,-0.5821223210521195,0.09965915080639012,0.38634041909747446,-0.1467186507632643
-1.1462996971914579,-0.6786743832101837,0.1852951596353891,0.37921706243241776,-0.10925318884625096
-1.124359148513903,-0.46121912580528923,-0.005436441811006681,0.4481713621978589,-0.12105493623172205
-1.1000175209945455,-0.21977933428141916,-0.22117535058156254,0.5460315076018549,-0.11270370012457526
-1.0967733473408972,-0.16646659837738104,-0.2701331228050211,0.5779538555235509,-0.11964482133595844
-1.0436363369847217,0.320501253542995,-0.7091548978274992,0.8173429252294193,-0.12075844283604562
-1.016438202309858,0.589097283268882,-0.9479450105312502,0.9159446210022898,-0.09628576989782525
-1.0194010477443562,0.5901575940035979,-0.945498127519117,0.910973154429357,-0.1011794457792283
-1.0044005428525145,0.7499291098825125,-1.087733542195315,0.9451118245752392,-0.09980299794732203
-0.987003911429887,0.9340711366629778,-1.253143331515055,1.0434374389414907,-0.11096581054590918
-1.0084584400958327,0.7704852593661813,-1.0535595904987884,1.0098577734753884,-0.14019306782294896
-1.0509155743946583,0.38186673251587844,-0.4123380020952769,0.9194611803686118,-0.21883596463766006
-1.031266368624791,0.4840530099313765,0.01716738452038339,1.0584074685561724,-0.37786720689645825
-1.0720863058078003,0.06014048371372461,0.8673479757629614,0.8577669549689242,-0.44817958218960235
-1.0177404175898865,0.48381654896286613,0.8790151236820906,0.8919726756998656,-0.4735741302352644
-0.918007050940646,1.2467432281677073,0.766078769786583,1.2220200535719898,-0.41125588604284286
-0.8529470910966758,1.7508424766253219,0.5434547889105008,1.291584397905451,-0.32056278496241886
-0.8066940732140301,2.1044455368460757,0.3421156368185433,1.4274902096514417,-0.21642325038468302
-0.8621050719126245,1.5267192479548068,1.1673184497198588,1.1172952584053988,-0.20998795866552988
-0.8489425255809495,1.647996995311382,0.7384738708592699,1.0583711269110778,-0.1842028550719464
-0.8121256641989164,1.849580590746949,0.9027022427064272,1.1278671540410574,-0.15765628265679635
-0.8481361893134237,1.415542310089612,1.5938708127113677,0.8711338831648047,-0.11333470172962125
-0.8031782190034523,1.7747500842266057,1.0522723117855641,0.8591894712047276,-0.11982456965443483
-0.7661487517220843,1.9683100928708028,1.1488440137030784,0.9743248269084366,-0.03648186322824341
-0.7799774931099939,1.8910689068513877,0.4755956821881452,0.6921266763098415,-0.0327979137529626
-0.7672974454574494,1.9220553751858256,0.41548648798381127,0.5669357303814317,-0.09167295403320747
-0.7101991530539037,2.3405285176843624,-0.012981054285602367,0.6929506469073263,-0.10951297736723307
-0.7294259833522939,2.151253742829813,-0.1977731061667431,0.44953045593950375,-0.09414158024489967
-0.7800443585016514,1.6997244070371973,-0.2262538967167426,0.16171276342616053,0.055005959570753465
-0.8704912877598626,0.9684917005461425,-0.3596085998561292,-0.33015644689754564,0.20321224547431335
-0.8661201906943593,1.000448139977677,-0.7172169464072493,-0.39789241824149174,0.14856213268458637
-0.8946427264396056,0.735119619555822,-0.7163858872517428,-0.5363371400955523,0.10264349976410894
-0.890198119654558,0.7489575983339354,-0.8875535344968372,-0.48754388107514685,0.11104649928754622
-0.9250505166483898,0.4067111265314557,-0.6244697792671072,-0.5922970137984943,0.1887798867383404
-0.8358842649482172,1.155807965806017,-1.3138399273507821,-0.2481353516195786,0.28283392834959986
-0.8511268327263359,0.9914813663657165,-1.1672251027059495,-0.31781446586679163,0.3041035620047002
-0.8444625238030388,1.0296604598913048,-1.195996714282553,-0.32837603190290854,0.19575306213901975
-0.8918607808762111,0.5950707209091135,-0.7973139594186217,-0.5405584400472676,0.05985608143460904
-0.9103548567516353,0.4147423654113885,-0.6403823004334969,-0.5869181225426017,0.0336343474606755
-0.9885268644805006,-0.29012867500608774,-0.016757333093646583,-0.8210979601215946,0.05972628493147896
-1.0002403443198857,-0.3972859545794421,0.07883337575407696,-0.8562816166921476,0.03670399324764499
-0.969186599074591,-0.1277333118707557,-0.18094408440047424,-0.6808441961882242,0.023561145600233202
-1.0123183141179732,-0.5097946070089026,0.1417080649984792,-0.7187340250398094,0.2119545742211566
-0.9975109103959117,-0.3636417004691858,0.019078714518116092,-0.6972007633066956,0.01190290448052696
-0.9714022406279195,-0.12480992821669794,-0.20352897944832402,-0.5728799906105072,-0.007521388156470362
-0.9369502191511561,0.1888173993739312,-0.4981449280576029,-0.3671590582058438,-0.06311800069678274
-0.9449688203729717,0.1380340092153234,-0.45698794422723316,-0.35702228575041456,-0.05472865426297247
-0.9176531659502308,0.3971527881513434,-0.695418986582824,-0.21249004686869402,-0.060858581956444086
-0.873836850659625,0.8057063060118251,-1.0695071437892367,-0.006261221402177606,-0.08212807034895063
-0.886140237739465,0.7186787336237951,-1.0017397350073804,0.02748759908048454,-0.013865377335964426
-0.9720836247320385,-0.010052875231109312,-0.3439251766573158,-0.2868799637504051,0.14824782524649943
-0.9340823765268869,0.34030520152089705,-0.6487715809311858,-0.1821996045953934,0.19218152243099218
-0.9224575252934584,0.4530036300237406,-0.7245990713713739,-0.26114927563479634,0.18939006207891743
-0.9493123276255212,0.22469002333805396,-0.515829434713906,-0.32685516196825454,0.11117555693749286
-0.9556238796422557,0.16741141611371244,-0.4678607196614214,-0.31314615863975154,0.09042531830833349
-0.977212906887294,-0.0274634547715627,-0.2992822660285653,-0.3157412696143269,-0.015020322455877982
-1.0049890734113425,-0.28262600271206384,-0.07684957925052507,-0.3736137305871954,-0.0026969145290754704
-1.0162450885798282,-0.3852208887037909,0.003654632638719213,-0.34349120886407725,0.016050801733492145
-1.0086967540694822,-0.34088517639840066,0.02913664536927871,-0.31354030893023965,0.0482969768835915
-0.9485261988612889,0.15469137169837166,-0.21956033829920113,-0.13253311742663493,-0.019529506648482665
-0.8901712507080408,0.6159790144977564,-0.37024378473190867,0.05973868470556382,0.043921323178410875
-0.8128698370876501,1.2386590461748035,-0.6648904217986968,0.33146743655560656,0.054475964139704396
-0.795585978365214,1.3426696584535662,-0.5635703226035457,0.3788891521237831,0.06482652662674568
-0.7188432363698735,1.942676910501447,-0.790264879036904,0.5870941072244477,0.06261374634989578
-0.6610650486494142,2.350958926174159,-0.7350600104688806,0.773410454114826,0.09200603875356364
-0.6241206001816018,2.619375305057922,-0.8292454993999593,0.8273075464845615,0.061138996455718964
-0.6121819409427751,2.640242507135811,-0.5716082318926309,0.7718740137300562,0.07716463193978568
-0.5575405866886786,3.0153367549435,-0.5688909767804204,0.933243796472088,0.09804035411743242
-0.529806182223104,3.1236334283911824,-0.1955392258434142,1.0526769347800282,0.0985730106321487
-0.5388548513623221,2.985711809828021,-0.059486148894317636,0.8880826543380509,0.13517099211280562
-0.594877636337977,2.4625906879195685,0.2253889496157523,0.5057469135846315,0.14988455057403915
-0.6497320947030693,1.9837762969999102,0.2669768266789884,0.20743201981717033,0.14802208352441043
-0.6237947109543704,2.106879600633222,0.3519470025454752,0.23759723677281336,0.08615781533716596
-0.5920512158137453,2.3286173765053975,0.08216754930103755,0.17921015806414825,0.03917407885255633
-0.5501570430737946,2.6225244216754957,-0.16285910630726771,0.18717013754269005,0.012060285414709574
-0.5233042020564437,2.853513232932135,-0.7419922429553355,0.12802082854627822,-0.0035756365318274697
-0.516899595298401,2.9521924195502747,-1.4005299308715022,-0.023397341261023545,-0.06499053482133903
-0.6165014383169184,2.073280442589669,-0.9227914648247857,-0.5057926868090379,-0.010721126384334206
-0.5941705243275528,2.300596199364794,-1.602042019234569,-0.5653897171025377,0.013712976834074922
-0.7320366518941274,1.138575216055035,-1.036448884600846,-1.2073373132578922,0.07654783957003163
-0.7678873291603089,0.8156079736522794,-0.8649611666056831,-1.395489918356183,0.12464495850354158
-0.7755810764153285,0.7311543957517804,-0.8304456701075998,-1.430062385452718,0.13850668178226458
-0.7926266589738006,0.5640488833435309,-0.6913212079199341,-1.441402809760709,0.12560607857321557
-0.8121567979145101,0.3840373188688672,-0.5373766322991008,-1.4669237118353946,0.11686910781423225
-0.7961213025730932,0.526149246554107,-0.6719839250625622,-1.4068378111506263,0.12317539721521305
-0.6853431118497902,1.4995341039359895,-1.5216041871387045,-1.213489621915251,0.14421404261518142
-0.6380139148412345,1.9188316258327613,-1.8837176356384764,-1.1254773019236362,0.18961882212879028
-0.6352396560757023,1.952069658024083,-1.918049182952834,-1.077753984254347,0.258854885896699
-0.6859326279662101,1.5128336123434725,-1.541933037069665,-1.127596303637013,0.3542478015833321
-0.7488781519788373,0.9684067314942575,-1.0748174354252333,-1.1766736152626724,0.302094819485841
-0.7961546944273274,0.549149659536473,-0.7240579898724677,-1.1583665065936817,0.26170218271635975
-0.6986973387316322,1.4074487448856114,-1.5219675730491757,-0.6671698204714331,0.17667349091240228
-0.8059985163485394,0.4669551401166774,-0.6839933966689684,-0.9662922253412651,0.09205675990204985
-0.815432213771394,0.38206965537450965,-0.6234025394099775,-0.9020375155947523,0.037454830208043105
-0.7445261719146716,1.0076529656556197,-1.2106808907551418,-0.5147489787014541,-0.0040111565684926055
-0.6921792487144508,1.4697545448142186,-1.6492939315518478,-0.22876876919952563,-0.0723541761355812
-0.7383028363867106,1.073721071169675,-1.3036059138087974,-0.3062334666709728,-0.09474203707930619
-0.7802847155125746,0.7201169395926165,-1.000569262710219,-0.30339662546518253,-0.10374930132991268
-0.7712110136544881,0.8137918157034775,-1.1147932519712753,-0.06576668349090763,-0.17035348787474566
-0.8409297985196098,0.21426057257688147,-0.5860880159381942,-0.23173034881180793,-0.1766218026317187
-0.8449678961146301,0.19121357224647423,-0.5765035790770017,-0.1986642388564698,-0.1999559891473323
-0.7934405037216181,0.6570752064367759,-0.9849979839329613,-0.1120340539388179,-0.2131502962389596
-0.8238887183328644,0.40804049633162726,-0.7492957586322525,-0.30517359944294686,-0.19663118889542394
-0.7839921405919373,0.7794879938692757,-1.0840965407910326,-0.1740218049451112,-0.22183308077922564
-0.7881346497853097,0.7735481538200755,-1.0787307250507816,-0.1858356090927342,-0.2154877901345697
-0.7564764842312287,1.0774168732373557,-1.3312823353200751,-0.18485980314934178,-0.21642562509998667
-0.7395269055942331,1.2459581889989302,-1.4154915195997266,-0.15287162517264022,-0.20455227404998444
-0.7004509474487212,1.5674193419894284,-1.4317326480380665,-0.011606155319316457,-0.22772360091149957
-0.7019298819462015,1.503100186667311,-0.9031250362265552,-0.05173248372007252,-0.17267743743167405
-0.6310878777594411,2.0654121776071834,-0.9682405271652887,0.24926758190244458,-0.17902754276411237
-0.5529796384265614,2.703360008897761,-1.2482424826229432,0.6310021084832895,-0.24334373743612786
-0.6096957954405466,2.0867768043934567,-0.06933892978204366,0.4983371274000401,-0.16851847693802538
-0.5544044221881513,2.484038794661896,-0.039004132000002786,0.7262457654058816,-0.13993720113544988
-0.5656510035699345,2.308700685993407,0.41505203440998467,0.6943813483767618,-0.10125985260214976
-0.5514137801661708,2.3885103596026127,0.40410026306982644,0.6902836384282607,-0.09436335214796893
-0.5311647554970161,2.461316703560355,0.6389924695274587,0.7868931716425995,0.019070098333048287
-0.46258286181881336,3.0257559223232096,0.022918803977880445,0.90375163872002,0.014236685256481122
-0.5555620646111159,2.279609581016894,-0.02210089081665837,0.32545793676246737,0.07274738393566152
-0.4985609817910342,2.717047657128611,-0.4816593764940703,0.49567002741639576,0.12249212948826056
-0.5218558444410818,2.359853905220128,0.28177568059691893,0.5112419820554588,0.12498132331792924
-0.454423526071492,2.8482833459339147,0.0161092915247291,0.6361501677406668,0.023109052823239707
-0.4801416264957774,2.5495597994443733,0.2704029555190344,0.46491304750496193,0.0495697570784913
-0.5452814278787996,2.0306636627630033,0.02236531618510203,-0.04371745530142443,0.10899077761636237
-0.529150191347963,2.1777211940133574,-0.5573375116479148,-0.13352272431160747,0.0397044032016681
-0.5216496626224337,2.222982560916203,-0.9164337932461286,-0.22884607079100286,0.028887117048782347
-0.5221125608078965,2.149556540906938,-0.8783500185985005,-0.3046481027319132,0.09243558796260458
-0.4936901007128759,2.482438656291047,-2.0046097999608037,-0.4675691501035301,0.010997303643446426
-0.5997471504894448,1.5537442456076795,-1.4591633835746451,-0.889929879589707,0.03130500341856479
-0.5645646481735026,1.84414225105902,-1.8722709669621358,-0.7335242736062084,0.08825535740545305
-0.6550589594317384,1.03711167959451,-1.204920831170664,-1.0083208769145877,0.049177507628277564
-0.71418833951042,0.5032976872585616,-0.735081722642602,-1.1612983677930202,0.037899158303703905
-0.7196448532669045,0.4456522118091995,-0.6984919287035876,-1.1266940200070727,0.01375738269324073
-0.7156138800636032,0.4820025563823916,-0.7496402166560379,-1.0428982537856886,-0.020864743373181033
-0.7369901306305973,0.3089696479255696,-0.6173129390156848,-0.9898007298617454,-0.041284967480035226
-0.8094565872335966,-0.30283110480865766,-0.08722949852667287,-1.1166365760516124,-0.05006316394131778
-0.8396741531275013,-0.5309951224553354,0.0964874711414464,-1.0720396889233859,-0.06697839958026922
-0.8141104923126835,-0.272400774119795,-0.1347498460065499,-0.9836487899690921,-0.0820155249459323
-0.8648042287425377,-0.6745357327490142,0.2108488177403653,-1.0034382951053504,-0.10725303407450128
-0.8619757791763013,-0.6028004189195866,0.136455750884243,-0.9078816094526947,-0.10798564287933378
-0.8709875210268909,-0.6493971379036774,0.1626789851434471,-0.7615901343163524,-0.017640519470524977
-0.8860273108785536,-0.7334976092938416,0.2253547814336049,-0.6869176542139845,-0.02267099755978665
-0.8985111284968893,-0.7759106490826542,0.2428143848942947,-0.6029252088755521,-0.16780530104112124
-0.8866123151786157,-0.6235562862141053,0.10528573172659172,-0.48843121595655775,-0.16096522404787308
-0.9140726871053615,-0.8065464905823727,0.25834218538956366,-0.4759775549528368,-0.17571493844502303
-0.9098959986622072,-0.7201270544048239,0.19412029193025782,-0.49123946587043754,-0.16284891277733848
-0.9230836418284896,-0.7899065944491531,0.2469589461388214,-0.4085930257934496,-0.03954110444620077
-0.9148345644121036,-0.6644174892166445,0.12406628555051474,-0.22148939703662923,-0.09055958099844294
-0.9109943190607661,-0.5779811117282885,0.06457351670375891,-0.2870253655162999,-0.08201133177090868
-0.9269580093346298,-0.6628034031425881,0.1286687686560206,-0.20207536739715765,-0.08644626310904517
-0.9243115991088575,-0.5827730318749621,0.03996508199780427,-0.05010206243617928,-0.12675820704937024
-0.9358768117806829,-0.6318422341759152,0.08605705399419693,-0.04498190527117482,-0.12144664096737529
-0.9738226495473201,-0.9090047528218957,0.3185519234260997,-0.04635501340757358,-0.11471388602337534
-0.9789248762415375,-0.9020482820569141,0.29954210771720435,0.06579168782457491,-0.11527173565957888
-0.9609461037372936,-0.6943907654670317,0.1258897635372753,0.134198803072192,-0.11696886392010865
-0.9862861705022329,-0.8702559734717782,0.3742840891325888,-0.019156148469841885,-0.24011989021437283
-0.9523981777484375,-0.6079133509640212,0.575033075462106,0.16994998120306523,-0.2414992684542614
-0.9443830100340251,-0.6162726536350805,1.303880677481883,0.3261598318695462,-0.2901534369713242
-0.8952748632865598,-0.2626904995136522,1.5852231350373425,0.4765093628946547,-0.2962017402468974
-0.8415313685818777,0.21900453229550865,1.2215447760224618,0.5797944880627821,-0.36369893457099484
-0.8326671057727932,0.19027481844119315,1.8721884526622061,0.2865923182238554,-0.22308327346309226
-0.7835543445968519,0.5594577005225089,1.8382339992535885,0.19686613863327496,-0.15025300052747065
-0.7616972246196381,0.6779712669438851,2.0186017062595805,0.06359271370945595,-0.10146644931275095
-0.6910652170807916,1.2259601434813956,1.754926992106443,0.12082123765157902,-0.11110665897598183
-0.5963430538055925,1.9717783767873078,1.3109189298439843,0.37228173598953473,-0.11994554608019811
-0.6497232094171536,1.4312684003424287,1.8847109209379425,0.08295495962944543,-0.06886845016575058
-0.5964101880191456,1.8161635979083353,1.5925712403004215,0.20565293616583052,-0.08252851288015543
-0.5858532163160866,1.830560721528589,1.5291310384751313,0.12888750173370203,-0.06158017560945481
-0.5793167763390507,1.8001718667423656,1.4424036568079468,0.06623181512199704,-0.05492738244578564
-0.5932122102412885,1.5899400074967778,1.424910674436581,-0.10877743287452911,-0.05640215359821088
-0.5415276414234256,1.9342400270939144,0.844817224816911,-0.1459534165013841,-0.03936690988805367
-0.5256078038469888,1.9148376166572638,0.5427668842232314,-0.29520409497664785,-0.012153774964214378
-0.5198575777794952,1.7674664803213367,0.28768329636593315,-0.554887635618133,0.0107855403167345
-0.5493786304295063,1.3484525214060248,0.0872525243070251,-0.8843413799835572,-0.01588835252609265
-0.5752805145987115,0.9826022280675174,0.09062233837534767,-1.1780074223964923,0.05171358382128221
-0.571767092399088,0.981582806252408,-0.40331449962135596,-1.3788677449729376,0.08712499340482856
-0.611130734825407,0.644920782007573,-0.6323572997375968,-1.6349089510426138,0.1221967330823149
-0.5984864859143735,0.7263295581152657,-0.8622454143363656,-1.5443051195465294,0.14750255736776985
-0.6135353133654755,0.5741997291988182,-0.7853729533249764,-1.5633944045395054,0.1427748065690759
-0.6541151913521019,0.21574235906833622,-0.4820623757492735,-1.6171950338622914,0.1401619668020936
-0.6459693291376732,0.2997738555242053,-0.5839523085492091,-1.4634027764252764,0.10237291027350116
-0.6909862066830851,-0.06469058465652815,-0.2809472873941149,-1.4631655414505056,0.06757736738457792
-0.7523087735577895,-0.556794176667877,0.12843108361673192,-1.4520867798086747,0.06008019605877396
-0.7633721709422735,-0.6177262271316222,0.16864463515723077,-1.333917541197447,0.18173597863585275
-0.7653404547085263,-0.5670368777761765,0.08770402659204796,-1.0855908278209372,0.08807285280751453
-0.8046502079838025,-0.8528224656269483,0.3267056503153804,-1.0689053850830872,0.1156223831261702
-0.8157612320213806,-0.8867441584622832,0.34089375951091705,-0.9352345402545935,0.12505182207792448
-0.8198477017188286,-0.8522482032076234,0.29187080325864356,-0.785814344700629,0.06645308701896238
-0.8281757236167999,-0.8480839730770968,0.26482688742057836,-0.6188110526243175,0.00355918496560602
-0.822674426053814,-0.730044913051092,0.15228152085923605,-0.4700266372198915,-0.002128356044255803
-0.8144653926953414,-0.5849224521358398,-0.018712042957152706,-0.09991772053062947,-0.10916784476638071
-0.8553122696417671,-0.8701416141940825,0.2068414121770348,0.018211239833670314,-0.13881096040245167
-0.8614416506894771,-0.8506903841037354,0.17284902557685997,0.1786160265937243,-0.14484176342416297
-0.8819842500466145,-0.9618645933927704,0.2472396090376653,0.36034418013091374,-0.17096058203643633
-0.8823486439016366,-0.89545783507099,0.19142700437736862,0.4152809215788193,-0.15809726127142745
-0.8878849212937853,-0.8722957056500494,0.16335651439879145,0.49509797886908863,-0.1414357342474948
-0.9025970441434633,-0.9279089472836116,0.21814610673307272,0.4479700890662532,-0.1362365484306011
-0.8898364642959439,-0.7499611203415469,0.05219334921396899,0.6137353950311716,-0.1281348958224679
-0.8924561335113073,-0.7116279197269051,-0.0001600918583306397,0.8080123020122434,-0.11794346736498619
-0.8881972636045435,-0.6094955534422082,-0.09079538020500734,0.863388215070984,-0.1019890409528628
-0.9004734907589961,-0.6569380334877345,-0.05196195170176812,0.9001986764541517,-0.0819421008641005
-0.9190425269791884,-0.7572483379417102,0.03127435420856973,0.9177185070116843,-0.05603365152555711
-0.934671518393266,-0.83178916887329,0.10936154827866441,0.8857082281126323,-0.026013704402210104
-0.9513227594978564,-0.9348239207595451,0.30204234865334295,0.8089959290186368,-0.0024907441543178094
-0.9272138091432316,-0.7410699315062284,0.5617097473129509,0.8364385677116,-0.06105374800825727
-0.913748862961535,-0.6719847270640634,1.0551063990109009,0.9323528348652005,-0.13656678477060963
-0.8820403145774671,-0.4394148094032211,1.3965781333904148,0.9830471940889448,-0.2974057670624389
-0.8355702065301293,-0.062445714587915854,1.4222720185802025,1.1699464692959334,-0.4536653191500478
-0.8181964696960752,0.004036965170585572,1.9298521288879313,0.8939281589940056,-0.3337338350357176
-0.7779360723820926,0.29552820965909926,2.0039327045712128,0.8724368790368341,-0.27649374966470647
-0.736893824531124,0.5928175587015699,2.0185939777122464,0.7467178771810885,-0.2322439600420423
-0.7120076052186133,0.7400300651901774,2.0859072286861595,0.6967468140008226,-0.18095093023048867
-0.6782823817244825,0.9485828168966084,2.0791796431059586,0.5347332444553891,-0.1189344725338358
-0.5996046265483912,1.5451613703310951,1.6553029030423785,0.620918824366362,-0.08934191517634674
-0.58670917986878,1.564012267381803,1.6319167123595997,0.46184757305696134,-0.07457096285119516
-0.5540678670139205,1.733613903891737,1.4425550356465013,0.41666895096724504,-0.04881468813275929
-0.5320925713185957,1.7984185117901834,1.2872549891933442,0.35172170335609815,-0.031100899307237497
-0.5318205856138573,1.6567799185842695,1.2161681701426188,0.18421029114236648,-0.02479292542172472
-0.5106433570770703,1.6911899942973203,0.9159811351515044,0.08014171183860459,-0.026890973597959663
-0.49204755180356957,1.7156910488757093,0.5640136788591906,0.0005751199157121706,-0.029022771463873522
-0.4983018392198338,1.5414534768448227,0.33648026082917826,-0.1528184060729499,-0.030714589720658617
-0.491867941217269,1.5177906416939604,-0.1771094059620195,-0.2626483883191184,-0.07279644643866136
-0.4568821109570048,1.7323720934587175,-0.737494732202732,-0.16067333104692813,-0.058490435099315216
-0.5181001740928101,1.1628980711593548,-0.7232836972489763,-0.4119706665307309,-0.04348839963413305
-0.5703351196295434,0.6932982373057216,-0.8287520824380699,-0.6044229092113493,-0.025879091302044906
-0.6572626974850738,-0.12022265692185594,-0.2837784654319261,-0.831184983201607,0.03574892784643962
-0.6270335432305039,0.09054218562975462,-0.5518816190719622,-0.622781593964803,0.04442170100982354
-0.615395468690305,0.15629815161494293,-0.6352116913259677,-0.4739942758493673,0.04988442438777899
-0.6323895365244608,-0.01160289632570381,-0.5119273836091598,-0.41214934674176923,0.0018232731612549257
-0.5690388326702835,0.5420368859290667,-1.0224285868546608,-0.1335706096281594,-0.03165483123403847
-0.6080488317256775,0.21484861545936623,-0.7513347334845402,-0.1243205510447593,-0.00794052155912418
-0.6133628625720801,0.19127582130824172,-0.744551519752404,-0.02309562478922359,-0.05722095652155322
-0.6420936123947195,-0.033469849087554765,-0.5587944566260421,0.013239168863524347,-0.1070961873831222
-0.6277714901784089,0.12743738151315703,-0.7263109278552212,0.23814936329680284,-0.15720202680582063
-0.6414408562124554,0.04560864034382381,-0.6516286210364359,0.20212731950292476,-0.14688111445190088
-0.6266383588894446,0.22386255451635967,-0.8284406514400389,0.4025905219040185,-0.20719209877547878
-0.7442927960115553,-0.7497089164741378,0.014361305311758865,0.2671960929528224,-0.2004552857431458
-0.7468029998760121,-0.7186792865162506,-0.015284276710472819,0.3180453689563641,-0.18701641821073067
-0.7702838583773812,-0.8498321906054007,0.09110370674284914,0.34068665476900295,-0.29365066206906065
-0.7951619691359066,-1.015153673511682,0.22840334496165712,0.39558303293589353,-0.13579198552179303
-0.8037574567754957,-1.0293565112314615,0.22825255069127606,0.49075178986520085,-0.03414925884714167
-0.8115131429504019,-1.0380701139510977,0.2423271985693447,0.48370997535219556,-0.01816891159402286
-0.8158530136681129,-1.0237189845123005,0.2272518761651079,0.5229907297287866,0.021660486248348626
-0.8212497480603425,-1.0173741650762038,0.22922238331317243,0.47830224753888223,-0.053238211704678635
-0.8159977760446274,-0.9339641831061418,0.17062763369823847,0.3937644023996965,-0.018564075526643454
-0.822398959888302,-0.9609649200288335,0.19552281447339964,0.39884773594277867,-0.046848279609512405
-0.8337773206750442,-1.0397157478370864,0.2601774204522143,0.451222978895635,-0.08919331463006962
-0.8131074248271104,-0.8517645315469901,0.09507140013462827,0.5007581646860417,0.0647032488764765
-0.7729182234436771,-0.4830330570640239,-0.20435687209332118,0.4345694031888873,-0.08982911555164991
-0.8037157603110489,-0.7492139455094653,0.04720974716750928,0.2467836691529167,0.09395636558074953
-0.7573321431109291,-0.3201772831008906,-0.29717222158970824,0.14301046160970632,0.020688876442147026
-0.6764627499850087,0.3783866210718875,-0.8415953694656051,0.38897237019880665,-0.008756358833185339
-0.7197242640271996,-0.028897410653884535,-0.27272690459950094,0.24505273556090923,-0.050662557680505045
-0.712773735836394,-0.03259725385421006,0.0984174616584605,0.3225048239415046,-0.015790307041602964
-0.6674322516435236,0.3227869902509749,-0.029546727421380554,0.543365409421182,0.02003252592206013
-0.6136182880957571,0.7393763057575687,-0.16536943545742075,0.7399334443995944,0.01878997827748173
-0.5312888919460392,1.3856385357082117,-0.46249747107486966,1.107805711496375,0.02845942875294967
-0.545096861718967,1.2198556352990177,-0.24866287909853446,1.0663622705102278,0.02279274466714693
-0.5540956427253919,1.1149920259415182,-0.22281591050753305,0.867555220400116,0.0476659779541064
-0.5537139890356558,1.047641537577857,-0.041644834403976816,0.7831944139231732,0.07779983706462727
-0.5219150633619174,1.242159826175648,-0.0547437300513389,0.8342103642186153,0.04117581178329946
-0.4452159557073523,1.7389368776833523,0.1522011296585682,0.983310896663022,-0.006304629596384519
-0.43142789912523855,1.70938943088424,0.6532965054179016,0.7864801200115679,0.011216585098650962
-0.4193112601364457,1.7056637517738484,0.9035200425287235,0.5096935198218701,0.05695890854238872
-0.37623293921402456,1.9633485880246933,0.9122274239547852,0.4217003766059233,0.08998057886198889
-0.44463530573677185,1.3951779152676598,0.7599997375682317,-0.21303988168257776,0.19091202292846382
-0.4233312670723348,1.4482888265934246,0.9154006522838334,-0.26759897814698735,0.19716492055575682
-0.4024269122267549,1.564260181872908,0.6090792677560166,-0.448034468475381,0.19217067776207247
-0.411679069418157,1.4183876511427438,0.4682808686209685,-0.7509025969924213,0.21015994761476178
-0.3993535237260226,1.484480431347179,-0.021313727654783718,-1.0569770440872732,0.22806460196504094
-0.40363744516841427,1.4004053331083324,-0.3151097312422466,-1.2033215595385445,0.2758506292094391
-0.3969630092405086,1.4567980569619037,-0.8699459267343086,-1.2744337966450443,0.2696989328618218
-0.43489659898123206,1.1419438170471043,-1.0885012333702695,-1.4503834151589483,0.30273272319530065
-0.45652039157900426,0.9394990926023914,-1.10089490437771,-1.4371211588214043,0.3039451753962205
-0.4727488135868276,0.792511248079584,-1.0468317178346327,-1.4844171589894084,0.329737417952343
-0.48453607073563953,0.6939697841901967,-0.9716208013777735,-1.4711792771543235,0.3159931068968701
-0.4889219987942996,0.6797016580171643,-0.9702137496098127,-1.3962640794407943,0.29969785664917853
-0.5109028637035053,0.5263704317001932,-0.839120088296712,-1.4032395249329763,0.2805465468872121
-0.5241036818112138,0.46326022482669327,-0.7882535401524515,-1.3795515117201322,0.29110311976434233
-0.5727936335731348,0.10275527553938324,-0.47006136589417113,-1.464596461760985,0.28055839226738705
-0.6393014112505374,-0.40577653623295845,-0.02303426350978474,-1.5931668906358947,0.27027399242765143
-0.5285054454249186,0.6444690833277972,-0.9756131168587855,-1.112447562075404,0.21233141100968975
-0.5698589485942472,0.3710476756735752,-0.7438599351508611,-1.114636093270012,0.18801796986593206
-0.6926912365226477,-0.6218137711221156,0.11927507063827233,-1.270495166967135,0.2903791537824683
-0.7166563385940113,-0.7353961801293825,0.2059217209320812,-1.1932801510192377,0.2258933338973023
-0.6854134995827191,-0.36976698179524525,-0.10677071532036651,-1.1200175694452938,0.16815524306107257
-0.7328204652845306,-0.6894437907205394,0.17810600085004205,-1.2337774271870714,0.13526114017865667
-0.7243787213699702,-0.5235096186168965,0.020790079511655898,-1.0728961909966457,0.10453932515639887
-0.7678952669669399,-0.8201650176454202,0.2671994321489647,-0.9858764083764625,0.21911511552571106
-0.7753719935326143,-0.7802943422882482,0.2223633051496857,-0.9038717066817781,0.08903903054934775
-0.804488280806275,-0.9552667671499139,0.3587492173240554,-0.7695220294624683,0.18941157239058862
-0.8116074435327651,-0.9178682103916238,0.34678812252268476,-0.8701313181756251,0.08990597819551778
-0.8008430165111226,-0.7354869290792395,0.19532503093787548,-0.8357269228906204,0.06027164322153128
-0.8056361375664872,-0.6902213536625471,0.14879171333450564,-0.7383004885511314,0.03901574424795984
-0.8301490229269191,-0.8187124277657184,0.27886297488055994,-0.8589693310226771,0.08809804557268955
-0.8176911609618267,-0.6197684356122323,0.09799977170966094,-0.711809695719146,0.04458639774518321
-0.8160514814547102,-0.5279894349777788,0.006354545143310765,-0.5558510162949919,0.14480920035940045
-0.8503007489751249,-0.73475060756422,0.1770152152773627,-0.5102508305672013,0.14628124341203244
-0.8691420724176633,-0.8206374019046816,0.2598709801278643,-0.460149550126368,0.15334601344254042
-0.8776640862665298,-0.8250007015188497,0.38446017357133755,-0.6525684123737867,0.14903473401080825
-0.8687116048223066,-0.7580264479797931,0.8835043201533178,-0.5164420400793679,0.014271604455581604
-0.8378560548513835,-0.5191793631092483,1.26218571303894,-0.26998356784545696,-0.021538018563742885
-0.8257381164264989,-0.4525504299226275,1.8012834807644464,-0.45747063498864304,0.006074788525893722
-0.8055428013499013,-0.24931416615504776,1.828824530859882,-0.5596377440085015,-0.1314878852102235
-0.7448538791374114,0.20188098680001934,1.9832038725821395,-0.39128931841475706,0.04058042654269579
-0.7134026385301496,0.42224308543084443,2.1314116132078604,-0.48867825484594346,0.1427655580735338
-0.6743069160320385,0.7024047578848708,2.188919608892364,-0.6730722284720302,0.14592260789318964
-0.6036716579780433,1.236784599153719,1.9534450277933841,-0.49844023546806143,0.19676039707748383
-0.5867906762781574,1.2773236364489902,2.10206762298552,-0.4968577853047785,0.23046531441121132
-0.5702731621498329,1.3010683688926232,2.1817375045481766,-0.43838201010833977,0.2410054712867236
-0.5713724487430889,1.1686834927615015,2.227785383787913,-0.4879431627704715,0.23961971253311223
-0.5626295570497252,1.0891646555398484,2.2906060683152543,-0.5495470840557457,0.24771734771280268
-0.564265680742553,0.9206079629683436,2.347980887621768,-0.7585860699739835,0.29188109486083885
-0.5358526855836618,1.0203534072689364,2.0747363017793257,-0.859630699944238,0.31751279635360813
-0.48535269233221845,1.3256136845338555,1.532888886076774,-0.8819802212075152,0.3552976818222102
-0.5112758519450916,0.9704728904443177,1.511316311535662,-1.1499743616453653,0.3627918891254635
-0.5099644187649465,0.8766192336902944,1.2043896102441787,-1.3017009996922997,0.34469931718871716
-0.4966971132690788,0.9401887316714691,0.6209050211413167,-1.411764184086565,0.29607446161196616
-0.46780315130737893,1.1246291618794853,0.08965917508890343,-1.4039057311945315,0.3255706932167932
-0.4794445810615822,1.0126893590285984,-0.35702361954775613,-1.627714045591235,0.34857494316723747
-0.5290129929386429,0.5885289583042647,-0.5522360181040863,-1.9717418740594257,0.38851599751058746
-0.5468801209957275,0.4025483423134425,-0.5674232733585012,-2.0145283993571694,0.4331478404288954
-0.5426569695919121,0.41807598986518824,-0.6473415012034919,-1.9479401225564905,0.42993448099909126
-0.5628890722878945,0.24069555474452206,-0.510723493263275,-1.9394120482575572,0.40739683220940676
-0.609054952351351,-0.14696572767013802,-0.19114590976868673,-1.9345632794932932,0.36698829168503444
-0.6727442524773578,-0.6739899807498412,0.2602076519344272,-1.9802489732176405,0.46030118695421457
-0.7024288872506822,-0.8833784579357177,0.42889809070064533,-1.9354507150600542,0.4896899775766491
-0.6891009896772371,-0.6961019426360191,0.2292676913321735,-1.6457860511377849,0.41994301466066364
-0.671495179016006,-0.4638325341172542,-0.06255477386085144,-0.911550324444642,0.2687882606587113
-0.7043402077936943,-0.6694165805583407,0.11201032209435835,-0.9014932051880629,0.2806774886644902
-0.7198726975974606,-0.7211783738494812,0.1585143398058635,-0.9008361585071114,0.3321606747434105
-0.7377500514725878,-0.7860175870725432,0.206463192862862,-0.8436486180678312,0.29565491672283745
-0.7334910210566926,-0.6586435553227535,0.08229487998765325,-0.6819578032713965,0.25014160611753017
-0.7432025111418457,-0.6501382414329689,0.06299015936705649,-0.5593887226786447,0.22789555250421267
-0.780271784702861,-0.8667833819626909,0.2457646227493619,-0.5800377378983755,0.06115415897718698
-0.7801072062713458,-0.7832605200383812,0.16242754246188915,-0.41627876880929493,0.20336257845938482
-0.7748999533575905,-0.6451642544449689,0.03046369057508956,-0.26635292239187497,0.18247523110728608
-0.8088927400976716,-0.8399644911927112,0.21316942358666788,-0.37447820397793125,0.06256085552698173
-0.8069629225215268,-0.7488278530866314,0.13687676718057387,-0.2805802210104614,0.1847638277021407
-0.8296910302979206,-0.8545609013320294,0.21679266711634856,-0.2178524730960543,0.19718896117756168
-0.839370585022109,-0.8530190415294427,0.20310011526508084,-0.10525920408189209,0.2621279561230484
-0.8452013813178721,-0.8223232979846302,0.17116724094316163,-0.04714293952360473,0.2765348433748504
-0.8599081449654137,-0.8797182500042282,0.23676838036293513,-0.1050401257610291,0.24119618762051886
-0.8776429945636989,-0.9720302521373297,0.31225027768015867,-0.029583519942598314,0.14137070839122692
-0.8731052281205974,-0.876204081106254,0.22336887076225126,0.0638836730740209,0.08534380836505792
-0.8763658473328252,-0.8437703218726446,0.1851538844493835,0.15899450934742768,0.07789582203453976
-0.8877081793674938,-0.8708108949701197,0.2125606647340698,0.22719492758495113,-0.05644415446585897
-0.8961545367640035,-0.8962178017026778,0.35772615125223883,0.19107250452662863,-0.08361437891294059
-0.8741322922398156,-0.7418297811625777,0.7828732223270086,0.1120355907274217,-0.024202943128186646
-0.8594727296948581,-0.6515104359894678,1.2873550850688864,0.2496719802050376,-0.11449479542126414
-0.8073969040799244,-0.23763340452327877,1.45970083315747,0.4530771146376449,-0.13298644137726787
-0.7853924426178316,-0.04665577408274389,1.5269540965107549,0.38549499208810734,-0.13299029657392822
-0.749067932213274,0.1848966838725254,1.8844828460065715,0.3308804558910631,-0.009070321266179942
-0.7059814257711516,0.49263248214924893,1.962521625116729,0.29856899165738465,0.03044306369112358
-0.6668927389134272,0.7508731669209063,2.0097518859187606,0.2638793398706901,0.07508696721362107
-0.6705193138924846,0.6155324330284498,2.379440083114343,0.0009075060178100544,0.12478733314579642
-0.5871133792707732,1.223902465264016,2.0419328302727857,-0.08046491612212855,0.11512400646625044
-0.5205493797201964,1.6668991612276787,1.7615491395674285,0.06757265480178365,0.15498071380946293
-0.5464912228844391,1.3134325479487137,2.057555905068302,-0.20745231043630227,0.1774502554413605
-0.5139853191068527,1.440248642056543,1.981612427842268,-0.24770886046269083,0.23551915522622255
-0.4674135717360209,1.7022447489567702,1.634517564966801,-0.21100312339962604,0.24923800530838264
-0.45079173838860853,1.7118096623228836,1.4236935114630238,-0.32160215815842724,0.2514109756349526
-0.4489887638980486,1.598077376613478,1.260952786998673,-0.5078047809770392,0.25132972469895515
-0.4694810622195968,1.3075381210111963,1.188993332433637,-0.7078559827089062,0.25286969233405604
-0.4546645201459725,1.347523258613193,0.7719825909417056,-0.7999534452812543,0.2516550787386597
-0.49084576650117556,1.0209017767090873,0.33761048960372236,-1.1751846630902303,0.2272702063669846
-0.5007936705050028,0.9104185467353298,-0.13014992285969462,-1.4073597502654613,0.27374334433678915
-0.5034075570619512,0.813503908847362,-0.22081021922742072,-1.4908156271698365,0.283785736986513
-0.5267293031271719,0.616768636699779,-0.5864306247348924,-1.6951902579412408,0.30139590159301166
-0.5562130453055986,0.3234016063713243,-0.5179587959328512,-1.806454300458752,0.3518104826716423
-0.5917284249528681,-0.01564522772267726,-0.30673011278335677,-1.7999023403418923,0.3381305574212513
-0.6122177458658945,-0.2079409453797584,-0.16433957501384316,-1.7560375580692684,0.3070043727799439
-0.6161249114512181,-0.23429114033930643,-0.15747902641416783,-1.6861181061081425,0.27229053343572573
-0.6549963644365803,-0.5444777831139823,0.115783454390462,-1.7855890357133417,0.276141541578336
-0.6788932965004086,-0.7069451362260567,0.2413615427524183,-1.7075631853841202,0.27488047045220804
-0.7067878382314559,-0.8913485947236159,0.3615670396826359,-1.4524082117862716,0.21827785781945153
-0.7027053840394615,-0.7975296222886382,0.26247863551128636,-1.289875676135505,0.30159540849699307
-0.704499265566823,-0.740573421495519,0.19996287357390038,-1.1672394629070113,0.2141462294039409
-0.7180036732877186,-0.7817721123660802,0.20091723537358913,-0.9264700470006201,0.24126604841130372
-0.7307280571370703,-0.8161401041245547,0.19790874680456652,-0.6588277350946654,0.19871856493215576
-0.7280115297968941,-0.7129407869112033,0.0715341040947872,-0.33174979181761405,0.11423103788928189
-0.7351343103693471,-0.6936814609152812,0.040126976194183234,-0.20467155259827205,0.07998498994194274
-0.7368867977703574,-0.6238513328948181,-0.01813485216694752,-0.2186876853522821,0.08540869863527079
-0.7511318918313356,-0.6678138004821429,0.02495810040222093,-0.17272273263468,0.11278360637277626
-0.7554580988485777,-0.6240489224740366,-0.03329287530102355,0.00017240432232356248,0.05913555353946358
-0.7663615450523393,-0.6348532942057219,-0.024766269924781165,0.045497303425084124,0.07990843485888914
-0.7919781389747026,-0.7740568211463216,0.09330901322339114,0.048229598822798474,0.059349051121889304
-0.7747902763245494,-0.5458251443029307,-0.11899086216502495,0.2509618439041938,0.03119785154693991
-0.7907769005976117,-0.6060484996066104,-0.07068577227367849,0.3207955484308823,0.005579181649584327
-0.8114901669535564,-0.7114671850382541,0.0170177123716923,0.3684749581279985,-0.000702157191206858
-0.8331398406598939,-0.8248627313385917,0.10811634167538074,0.42582735336814165,0.020667155344469338
-0.8476254579930703,-0.8747199591371386,0.14781426112283724,0.4841847308880086,0.009829842013876908
-0.8497480364518436,-0.8144228237952162,0.10313193347410655,0.47174665814153804,-0.09903416234953329
-0.837707134091717,-0.6441265378288257,-0.05063283307669537,0.593786551004651,-0.018535786717644984
-0.8742609776223873,-0.8929881030091964,0.18287290632698838,0.6030948329766687,-0.026721125378442012
-0.8742578747278519,-0.8463043555174409,0.2921689537305561,0.5555321625503088,-0.04985166377583238
-0.8597187075882812,-0.741956044606369,0.6953108034132811,0.6216883908052384,-0.14216278642476354
-0.843960736185537,-0.6423269328278173,1.173027733015878,0.6380818809978854,-0.15314089602431158
-0.7784644519692218,-0.1281959753040898,1.2881759755140718,0.9883872063389624,-0.20435703332192753
-0.7658663327881305,-0.04380039662546033,1.556088994096276,0.8315516172727568,-0.2203794371156793
-0.7146018379383235,0.31846027896047663,1.7327997137410913,0.8812974095390856,-0.1046907274394414
-0.7020895052229054,0.3516256136299094,2.047969678725966,0.6788002378887599,-0.07063327782035181
-0.6290548641279456,0.8926792623284234,1.8417989232100642,0.8106963508069029,-0.02172694870585485
-0.5796980022505122,1.209885526962775,1.7898591574280331,0.7318022798145993,0.02941454197067405
-0.5495877444744898,1.3405728124924345,1.852770455433015,0.6414426286104663,0.06388933066508391
-0.539695397987826,1.2770841252090805,2.0415182243902636,0.4617314228552716,0.08042707100711888
-0.47519850017921283,1.70190667340283,1.60708961088484,0.5611538791162762,0.057383962343103195
-0.45781872117451594,1.6840848650847167,1.631746311372078,0.5344546562679949,0.08101033629305453
-0.43937139583190027,1.6861358972838325,1.5155076781820724,0.45449721288832057,0.06682278355255279
-0.43196274980053484,1.5962387362421933,1.4558623467051837,0.128221075400249,0.09439239946813664
-0.42247648227083623,1.566276010011252,1.1435325355064445,-0.128997333441237,0.1346676115636339
-0.4311776675231678,1.4113227478375714,0.7952766578139702,-0.3665176543546176,0.14024099080152444
-0.45530082828319723,1.1054355134331675,0.6794886060693492,-0.6264615243037205,0.16928115272179137
-0.43511153710323996,1.204415498454709,0.19849348261245,-0.6992542289031413,0.12875335871331284
-0.4123438131709823,1.321810095351064,-0.25410068238328043,-0.6827116165880731,0.13505190143746781
-0.45713575012171326,0.8905572925853614,-0.35597033422062907,-0.8392974365882375,0.10642293568612658
-0.45668293217279,0.8904627904675133,-1.0137492372171253,-0.5100849887100901,0.06531756647145628
-0.5651000465439332,-0.12474126605279832,-0.29966440285204815,-0.7409712392229392,0.1031530597486821
-0.5592241306252743,-0.13689602885560426,-0.41182420010284737,-0.5904531556709937,0.08826479324493784
-0.4623170977514813,0.6629056585082996,-1.1709405421437336,-0.11931040281238325,0.029967001518578056
-0.4611914507953851,0.6375621570677161,-1.1874124260562193,0.1176755603738978,-0.027977031236381972
-0.4959510109054094,0.3231763490364879,-0.9351992005441517,0.17763551050424242,-0.054225090220264914
-0.5282719782075344,0.04476134383377871,-0.711533989161479,0.22752985997806333,-0.05420453860707577
-0.4751196192803138,0.5303890897633919,-1.1613677555855384,0.4795308608584502,-0.0862011276516839
-0.4844613300796034,0.4776584202535668,-1.1211013412231978,0.5225122530925304,-0.10114691609777139
-0.46704502924207475,0.662459769547319,-1.2830901837554987,0.5866482226005038,-0.11509974267258524
-0.4713864193613925,0.6705961099457438,-1.3104576448398106,0.7306341918417167,-0.1463595386046943
-0.4877635394130328,0.5776979394339148,-1.237207981422193,0.7674570894622345,-0.1714212776258812
-0.5345409929437435,0.22023036812542537,-0.9108294377094921,0.6403459243855288,-0.17762108102671606
-0.5338348694545045,0.28909887245958693,-0.9837101485157892,0.7626290568627654,-0.20569894199749497
-0.5792488793725187,-0.03218558649818052,-0.7239004107426902,0.8359446136438212,-0.19969277912998795
-0.6399458213073648,-0.4939454440155282,-0.31912144594569986,0.7770923783975604,-0.21222238874538873
-0.6057908403188138,-0.11690107157810901,-0.6655045010052983,0.9932953398426284,-0.242555721061924
-0.670182745946848,-0.6046082701503314,-0.23192663615930595,0.9074467780459019,-0.23360390853318358
-0.690539719358937,-0.7099229470369575,-0.1479942040202605,0.9902892171906136,-0.2129902082070919
-0.6799693799041374,-0.539226620617166,-0.3119689759136997,1.1213954989856623,-0.146264280908546
-0.7263438767944875,-0.8719409966904446,-0.010994141845145225,1.0282551898949246,-0.034043363573296
-0.7373565665100646,-0.9007094622116252,0.017948258145076133,1.0446784445667645,0.03242016487579078
-0.7520095322241904,-0.9464580153304171,0.06198051979719818,1.0252279993345035,0.04692351666419103
-0.7694913709723729,-1.0268674842537362,0.13371780690536347,1.0157236643796406,0.10137426727650624
-0.7580858638934669,-0.8673402685516427,-0.00683667730373647,1.1178127187413085,0.12920173919027955
-0.7738118581798342,-0.947841395937043,0.07107559833365094,1.0626622982900635,0.13024230919008475
-0.7440750165577109,-0.6475331441092368,-0.17002226812498897,1.162727959990462,0.10286641241260944
-0.7366841833182769,-0.5743100334408298,-0.15299603328883163,1.2220889105071362,0.10198277240083492
-0.7667721555790389,-0.847700135067427,0.22402644061059251,1.118180403181335,0.11912291318478477
-0.7563826357956216,-0.8050079493226013,0.4672696885296572,1.2560034197618255,0.10151516935076513
-0.7334406206206842,-0.6547730964489387,0.5755999804302846,1.3776388012525314,0.062955358162954
-0.7065252237403163,-0.5342785371474114,0.9637768679822711,1.6214004817585916,0.024387125387719925
-0.6420923457564254,-0.2338536961511701,1.947834735345841,2.102459602437022,-0.046978621781253886
-0.6089591691051014,-0.058250249847110844,2.1923409929317588,2.1649396805924046,-0.34744412568448896
-0.5241041976839085,0.5070830358098213,2.3768075139101335,2.4173517963720013,-0.4810972596208212
-0.4875923124865008,0.7460365781039828,2.2582759430959043,1.9270935214199398,-0.3099384647815012
-0.46826444025100683,0.8096433650298893,2.3329436588318293,1.3358078272583644,-0.15692681072663495
-0.4470920695815206,0.8757221762882521,2.32698701843141,0.98520507095273,-0.06247447550165873
-0.4202624224205621,0.9998121528197251,2.133575752703807,0.6849948161884166,-0.007524489616632675
-0.34114823940666306,1.5401653940121756,1.6898406678563238,0.6946161292095551,0.05390433229525913
-0.30629284026468784,1.6979220992907147,1.4349185996198497,0.5497157873286429,0.0708981503775957
-0.34492072779630517,1.1999401861733117,1.750425348950418,-0.2688355939629051,0.1544615608168605
-0.33300122373423496,1.1596074395411131,1.5718769148731977,-0.6791379599896296,0.21784421967335194
-0.3386942714184161,0.9389634480781496,1.4540986804069187,-0.9526897199447055,0.24795741264898558
-0.33456349788709266,0.7769236744128173,1.2179427647531338,-1.2216591982901996,0.2593261627123895
-0.32314474492104606,0.7322377194406202,0.7714747590345896,-1.4396141527401487,0.2661807548843657
-0.2960905849105731,0.85035371125976,0.289671440535625,-1.482012878315073,0.32638812664381583
-0.30892552974546106,0.715187479940072,-0.1616023552463447,-1.712405926776301,0.32620257693330373
-0.35471976939383426,0.30162052771030157,-0.3050105697500726,-1.9794536777187384,0.3461669490077921
-0.41018505052148396,-0.23000784558716122,-0.1718807562570916,-1.727752386695013,0.2750836187975371
-0.3643627648591616,0.11548961832928144,-0.690223368069153,-0.8572282039473752,0.16361829681395335
-0.3329584661750871,0.32608135464721877,-0.9209026977137614,-0.5904936171632015,0.1203312559614922
-0.3899957217293119,-0.2263384332180347,-0.48724823030609327,-0.3981203178050544,0.07561792611350729
-0.4311247023018406,-0.626135451110342,-0.15094959560363475,-0.39481058558004345,0.08055232096699151
-0.4412690922532425,-0.7354926099854631,-0.0628491784747396,-0.41327648176886833,0.10902570837885123
-0.44505333570598093,-0.772812208040656,-0.05368004987362085,-0.2899753083130805,0.06712532131163362
-0.429271857402216,-0.6142244731998816,-0.25115739438198853,0.15049240478252673,-0.032463013464697675
-0.47905682401463484,-1.0237153115070106,0.11181534877501723,0.001332332801401479,0.0061357358792320914
-0.47322481205188427,-0.9393851330829279,0.022252433019605188,0.13690682337295496,-0.008205526603353837
-0.4868597255207327,-1.0146071026808003,0.06838920960263487,0.27232943752106037,-0.028319853928621273
-0.48800636046990276,-0.9808902425634137,0.03406077101105167,0.3515328154082939,-0.0319628201436734
-0.5097415594312926,-1.1150859451255628,0.14042850100947155,0.3885452596151562,-0.01900096092014661
-0.49253096046182937,-0.9070996110460647,-0.05153054998833077,0.5159014248025798,-0.05383603153172504
-0.4983991342347156,-0.9056182132850686,-0.05692461414449886,0.6118771781674871,-0.06833332407292107
-0.5089396645779186,-0.9332076485356388,-0.03688181765278156,0.6537530513570814,-0.05891031323433003
-0.5208766392094212,-0.9726728774484701,-0.012233835393304424,0.7371106909881546,-0.06754368990084274
-0.5220046555100429,-0.9102321848508017,-0.0594719543747927,0.7516822732755146,-0.18794787932166446
-0.5411945233464104,-1.0201293510216818,0.019856457608721474,0.8635323468686322,-0.07163002662552584
-0.5231520067794901,-0.787861447204592,-0.1903536279884579,1.0034690499060068,-0.07327324972777714
-0.5210092461671295,-0.696883506344152,-0.27278990534148556,1.073254379721483,-0.03315278724234524
-0.5741055932879499,-1.0787912060340814,0.07230872146158891,0.9536176655572499,-0.10839932507551578
-0.5866620021989921,-1.1241696841605786,0.10621191162399572,1.003824703990824,0.05781156605482179
-0.6010072337138683,-1.16393469066127,0.14728043263416557,0.9631078820642454,-0.053150960721425645
-0.6055192203774867,-1.1227423516895478,0.11096547133471152,1.0004457494356875,-0.024160635705503974
-0.6068594177345706,-1.0757965094819482,0.1036700085858806,1.0800048409661414,0.13445421432146415
-0.6239391733244153,-1.1818153384367553,0.42384752268449555,0.9757657938558958,0.1365139018371506
-0.6023196659106933,-1.014358907892824,0.8733832619658223,0.9434967723938347,0.08509954675397968
-0.5858503736991253,-0.9038149705252962,1.3333610789660044,0.92693532603162,0.04426493714099535
-0.5597279604607698,-0.7017978475272324,1.6819540236326036,0.7357688722553979,-0.10413610647296362
-0.5244225511189365,-0.43263518297696035,1.9508902053621802,0.7834919049367647,-0.29366534121115156
-0.47212576227799713,-0.08717766904594342,2.3847826120955546,0.8449005659112435,-0.27266412461487854
-0.44832422806914835,0.07587058772300057,2.4642262414619545,0.5973263600768274,-0.1676109333217684
-0.4086133403736031,0.35696849472349645,2.3810279406189854,0.5293366743522184,-0.08676879693848123
-0.3815393602559726,0.5024496322763683,2.411430149388372,0.43081573382469507,-0.012213696913151653
-0.3545891531789506,0.6244352765000635,2.4706359246669503,0.05062878366675548,0.11969017397656481
-0.32859056503127576,0.7259072721038442,2.4795725751061317,-0.2105137978731424,0.21060366832798277
-0.32245457353117635,0.6642627069454531,2.4882902444151074,-0.424917548059871,0.2522505686981642
-0.2932986770232737,0.7763856882459065,2.3844343250473816,-0.3636440422908311,0.2666420471338974
-0.3118997133740641,0.4848174784422036,2.519950977941245,-0.5251818969266971,0.25490981233493737
-0.30931198558335615,0.3839410483921076,2.4121476794759396,-0.6510784821952352,0.2749013455557036
-0.2712658081307376,0.5895969726347629,1.8697448893564266,-0.6425857728405743,0.27048807240063466
-0.24298654126388552,0.6742002022096847,1.3723784176805773,-0.6513007126957809,0.2520565533483328
-0.22418699655502053,0.6676879191874949,0.8490872554773556,-0.7836878209523348,0.274073122428091
-0.222880379236772,0.48523484811721185,0.6803087530121238,-1.0461010286313555,0.3231955451677613
-0.16546139778516633,0.836728027985297,-0.013778355916824886,-1.0435194414531392,0.3722923492106092
-0.13075429012997877,1.0440344420595218,-0.7034928021862262,-1.085188730336921,0.4077642615599888
-0.14031895650672696,0.8756800264480477,-0.9647070828401201,-1.2026852123553644,0.40142702116145035
-0.18317335282103306,0.4205988796945239,-0.8275912973060844,-1.3610711303639575,0.4298901243227702
-0.24678689221144207,-0.21921390220211673,-0.40484489928264544,-1.488048640447987,0.42089570101293317
-0.2979373334869073,-0.757330907146833,0.036831201754528,-1.5488504584660145,0.41104228622385575
-0.29402545507563754,-0.8021562245443972,0.06017273835338724,-1.4970199183850639,0.412253521040539
-0.24834003323415563,-0.455423308020568,-0.28106987089107216,-1.2157022719922599,0.35968161548226907
-0.2313032704576802,-0.34508368270177925,-0.4177913406693604,-0.9504554572793595,0.30211618162573195
-0.2675677122283596,-0.6764531672361855,-0.15402007269249762,-0.8685875855781697,0.2658395939954243
-0.2713417729975419,-0.7099430503599604,-0.13421865193549054,-0.8312899010244059,0.28144100484269724
-0.30635141491760454,-1.0033893808053862,0.11547079541393099,-0.836503896865857,0.2736532737717299
-0.31932694563846764,-1.0865017202622018,0.16349172582610966,-0.6792001006194142,0.2692884109565652
-0.305221136945102,-0.9208758049765569,8.482805739920405e-05,-0.5028957769556814,0.2728227773080665
-0.3192875524329705,-0.984384409424459,0.050260645097247675,-0.4621470711030337,0.0995109812353661
-0.32589185998891707,-0.996903065172253,0.03870182097171923,-0.30446313224459204,0.22043059345353647
-0.34266202343220387,-1.083685521036388,0.11474627270558548,-0.3241023486764729,0.22424688786722063
-0.3339379863932806,-0.9472967518046933,-0.007391923974968183,-0.22586554786952961,0.21190464496663708
-0.33671181365411545,-0.908251630066839,-0.04713171173287071,-0.179825616630859,0.2227927523395851
-0.33780566000697015,-0.8535641608191383,-0.0955371082705189,-0.13990376857264114,0.18037897872057118
-0.35030208880158054,-0.902543640011499,-0.05153932279866111,-0.11483877189075149,0.20450111913653263
-0.3534892364941083,-0.8625357479196879,-0.09931716120314546,0.0022996590016981363,0.19203243957302651
-0.37934761833737785,-1.0225673464547413,0.03437486632650137,0.031510994841223806,0.18709689806532656
-0.3855758596695199,-1.010021853403642,0.01683320339340865,0.15646014979281112,0.10350347926228697
-0.39463569580894564,-1.0196922742707863,0.03576792529087103,0.09996271313041008,0.1347343888918176
-0.40696106932369674,-1.0446452025610853,0.045588257933464466,0.2205781261805507,0.02800789461944754
-0.42116394486444064,-1.108195259062279,0.100300607413486,0.26623490215423573,0.15440861559789337
-0.4308334763755332,-1.1132937820957216,0.10162981761556851,0.3081012085113613,0.10253463137412687
-0.4337172562591118,-1.0572033795913574,0.08701389679990214,0.30520991103482603,-0.01980361510228456
-0.42798416139990575,-0.9786405149614044,0.18128741858012418,0.4803694116536042,0.12215910206366616
-0.4265822474218442,-0.9471754931316644,0.4636119954759016,0.42569241808631886,0.13610811548136867
-0.4223756714324023,-0.9301274820744755,0.9773322493911222,0.1965865295175673,-0.018588873188271973
-0.4069369514570665,-0.8215598044986537,1.1835770053481856,0.11138277539433229,0.11666941248903673
-0.3629729292546157,-0.47905329948103775,1.2497523816935485,0.4394330211243661,-0.003915607278750163
-0.2994209754819447,-0.013820991780348789,1.34981381580917,0.5255358478782233,0.055748290474459436
-0.25363148943536606,0.2960806219771006,1.4467920209464369,0.5152530981869163,0.13940725908200485
-0.24557923581826888,0.2899533280742139,1.6121958290784129,0.43151458578034296,0.19496611912644055
-0.19406977795639657,0.5804847551175176,1.8946955560192105,0.6111570473096601,0.1733105534905292
-0.13263626415637209,0.997118405863872,1.7614247890809511,0.7418558567112055,0.17137096479296549
-0.12408767654453465,0.9542261540242027,1.9837709008516962,0.5924222194016979,0.213560221931866
-0.14587660673212766,0.72916848291552,1.8294087699808224,0.2984073141474762,0.22799140620170624
-0.08563978410519181,1.1038489917284273,1.7456062135017465,0.43972419555553716,0.24686315891456434
-0.09567616807713207,0.8839387360649534,2.0431436909568292,0.2560166297267169,0.24907430313047904
-0.14158358198985405,0.3808291261638756,2.3481675481585076,-0.12147233092740788,0.3753731314370219
-0.11911863471934946,0.49095173646692036,1.9441014087978383,-0.27537275550051277,0.4527810003375037
-0.1361686700311795,0.31582699776618073,1.3496241507093778,-0.7196581963552293,0.4899838587065666
-0.06530822831513068,0.7532634306404499,1.0973367676714274,-0.7068738276572504,0.4626553001183094
-0.06209738573104712,0.7868818145245579,0.19090943505210797,-1.0034199312472463,0.4513460808221983
-0.08811105727569327,0.43558267675892376,0.48845680769400973,-1.1516190134141495,0.43352662371038186
-0.1027876656304099,0.3420040256138959,-0.23168920247589156,-1.31545439000338,0.39293984692243455
-0.10648427825969764,0.2710646720606358,-0.5062766793315066,-1.3579734765932898,0.3789958560047467
-0.12479264493326815,0.07925560876741454,-0.607724253233784,-1.4664795138868858,0.4073169528937398
-0.20908916906182964,-0.7017861777370344,-0.028392234541177848,-1.691114136086298,0.3868972598033102
-0.20818650692161877,-0.739837957970052,-0.02937923646189354,-1.5822420548810603,0.324358614438002
-0.22473602856620983,-0.937040920758528,0.13680115932356887,-1.6066996709240147,0.46426268308249674
-0.1648574298460606,-0.43441293963708333,-0.31896339459298756,-1.392293192829118,0.36968478659102577
-0.20449648576050386,-0.7959769002905905,-0.02212122655166336,-1.3734511518512096,0.31473047662921105
-0.21238025144760092,-0.8730513858381427,0.029760363488926155,-1.272563760452938,0.41549598044880265
-0.21923771701938066,-0.9155471949307218,0.04287174843878927,-1.158216698094784,0.40041659214428477
-0.2248642142663442,-0.9352139474230319,0.04049787639878009,-0.9976518448024406,0.39549441181398715
-0.24359323017709195,-1.046067439090916,0.11572296853095139,-0.8800233678372014,0.41251587604635553
-0.2567179789294759,-1.0966216126661203,0.15097247497681615,-0.8337517022115011,0.3906952867075081
-0.24761658006007642,-0.9442732811755923,0.0022037712370746973,-0.6617576353391087,0.4116231758501246
-0.25663221559902827,-0.9468391926076435,0.0029108201724145325,-0.6179811796526797,0.42095598022149994
-0.25406090272100795,-0.8377679208456112,-0.11307932232448593,-0.4274951959731698,0.2843137964137164
-0.24770445837983884,-0.6972093319108555,-0.27997006740652053,-0.05686604007618988,0.1791796512264655
-0.2615579217367966,-0.7273487302277398,-0.2734127656322586,0.13645694894441307,0.11435545333214404
-0.2975474545627595,-0.9492489582188034,-0.08630614885625698,0.18265034206456332,0.09649811118987306
-0.30355089853467365,-0.9001314924732852,-0.11844686291570973,0.17383787601855993,0.10212520781585017
-0.3066730025218288,-0.8219213738450014,-0.18253925845802146,0.2130233075337948,0.084867085673251
-0.3257447044994187,-0.8814753108943041,-0.13685866359883528,0.2730415476660963,0.0880320155015899
-0.3612122999864218,-1.079004511889106,0.03994824731020239,0.26311293684629444,0.07830107200630175
-0.355264638527047,-0.9121469969500895,-0.12330197276399245,0.49514862194290604,0.028047046469679916
-0.3840103502020265,-1.0506445560733098,-0.01227574236018522,0.5912839424651108,0.001180081029804431
-0.37814478150861247,-0.8769450759682084,-0.16144432028806563,0.6430218414475412,0.0096362306251757
-0.4001035764011974,-0.9559095503693839,-0.0922052604589458,0.7130072554252359,-0.012148238926770083
-0.40795165205444167,-0.9155402485926455,-0.11520712323116566,0.9250594048128794,0.02956004976053407
-0.42866349400600606,-1.0173753311446618,0.1317573891762299,1.048203674803938,0.12135256302894408
-0.41888268154550895,-0.917544158880647,0.5833414755820936,1.1173930942989347,-0.07308253660115649
-0.4038628574773824,-0.7537133305394318,0.7026084949373366,1.2226343363428958,-0.18267350813731542
-0.3629355169307551,-0.46967508707793876,1.169164460201613,1.2590345987733402,-0.09594392999862802
-0.3057323063463612,0.0076710168703376345,1.0887241504637193,1.3104103534979392,-0.1262843192458493
-0.30523359802067096,0.021536449445680367,1.0534535844406763,0.9047963108321683,0.004144421544347721
-0.2644615416144315,0.26549871805535546,1.3504320001965204,0.8484767409242875,0.056899639162448265
-0.20407292691013332,0.6414078257601012,1.6209824665109585,0.959522076432731,0.11841236975915365
-0.19884534370261248,0.6605613406343416,1.385931015985823,0.7398232123082749,0.21326971669819295
-0.12244528872510847,1.1502561399807665,1.4769470093746802,0.9451307693278914,0.26500249570319817
-0.1405920957757856,0.9361011204806697,1.3890619616964737,0.7663228662500771,0.40765930526887684
-0.1224449376651322,1.128204215547202,0.28711324646825637,1.182378683684417,0.33579311082994473
-0.14635187754957701,0.8089699772694198,0.5238356845206626,0.9078155809061622,0.3216440765919987
-0.0993791331158638,0.9282145167276418,1.3392065472487114,1.0523566454802038,0.4016795876247476
-0.09899352801319651,0.7802663967830294,1.584798856720645,0.9972530689904788,0.46871903651633184
-0.07980030769811645,0.916406767187142,0.8595997708586359,0.7569205318805832,0.4992828474100843
-0.09273358449093022,0.8569911416095016,-0.1191427385556939,0.11730399249722026,0.5416210674069364
-0.09155575466039638,0.7187501889115617,0.2029587312174403,-0.12786372771112112,0.4555502963240297
-0.02970419489479928,1.2480640335168072,-0.7611729213191789,-0.22722035581450775,0.28054869696656565
-0.026813441849576555,1.0939876008447784,-0.11205382543403536,-0.29669720114884335,0.3446238427585033
-0.0927823943997534,0.5230097332270561,-0.07127163431863658,-0.866405892207403,0.3676397512930752
-0.11477100534079004,0.3640744017929402,-0.5664343727749928,-1.0131801193204242,0.3597984525627532
-0.11020650628099395,0.39893891899911665,-0.9749307764345844,-0.5908436494925771,0.3022006491195079
-0.12659510056563697,0.224763819888901,-0.9306861609501789,-0.6621902334468828,0.3343378608374346
-0.14142364932717977,0.06985221462871435,-0.8218864645330943,-0.6502882602936634,0.32799143154760024
-0.17558641650313853,-0.2453872384318769,-0.5365332665396578,-0.7973535454415476,0.3709983591452601
-0.17390830090242593,-0.22243550273239676,-0.5586038803272839,-0.7824764645508833,0.3812843852060091
-0.20300931065315983,-0.43963768131326525,-0.3637050585934846,-0.8674133931377849,0.38421205435247896
-0.20353628777651656,-0.3756132250387177,-0.4369775375029984,-0.7405804317372585,0.34309568749710617
-0.1904754972791393,-0.17354683548595268,-0.6337011922109199,-0.5578541942853137,0.2990891179494248
-0.20885767510567743,-0.2300595205063504,-0.5937429543853223,-0.4532220053440438,0.26049559527670674
-0.2636780970936849,-0.5922960386987293,-0.3031062225819613,-0.3232988996476234,0.21108125537741346
-0.31074852771294065,-0.8829388905815841,-0.04796438502060994,-0.3445848350299676,0.22155877046558534
-0.32917618343641647,-0.9157546095991667,-0.0170115778841467,-0.3075726728857762,0.20570706856946833
-0.34915290038838454,-0.9582305205014556,0.024101119239189166,-0.27896206910289356,0.24045555355777046
-0.37027874419672424,-0.9936209005257821,0.060308954291269895,-0.27809847972919804,0.10936265058274135
-0.3844033938444592,-0.972811670598294,0.03375762550408182,-0.16584716179871137,0.11965376983722693
-0.41543768221816946,-1.110026918083222,0.14938739759211533,-0.07908368358706214,0.2111030394348571
-0.42279243601540595,-1.0325608712806411,0.0782049066554044,0.03503874869350485,0.1917689835205615
-0.42694872815400353,-0.9218224511485031,-0.01420508810675044,0.10740378980566516,0.1851828346701141
-0.4520156848466363,-0.9853360625975104,0.04119462985917631,0.14642396715830475,0.0448071126458392
-0.4705718999303305,-1.0034750472739316,0.05321653913218885,0.23503257900191457,0.04170850963866425
-0.47458065128735016,-0.8931166909157298,-0.026480551189189076,0.19798095680334957,0.06097086791410757
-0.5064880376395,-1.031387983793008,0.08728992223599367,0.3085006302637077,0.018399993838603232
-0.5174649004425439,-0.9954816529725838,0.05522544643239293,0.41849110684541946,0.15578646963239548
-0.529767372127755,-0.9632113063053238,0.026060164516787342,0.5002063732957167,0.1483638278472101
-0.5643285194948715,-1.122831209531016,0.16496930854089345,0.5212280769269577,0.15776180547727944
-0.5750828205654327,-1.0867589060161373,0.18340364047909155,0.5380399187742048,0.14617174756783446
-0.5705159812717809,-0.9591249032127224,0.3833308996408777,0.4872864507255695,0.11950899540105125
-0.5563200185045223,-0.8144244084156876,0.8855709854584604,0.4994927214572229,-0.026116957644797514
-0.5174406779312213,-0.4638215362208663,1.1419371800089557,0.8458293157775443,-0.17512678498878573
-0.4907851716891059,-0.24738062522390267,1.550882944284525,0.9921345370947595,-0.14922610376838158
-0.4660760537856613,-0.03875287137832265,1.8015410138078907,0.8341379092205184,-0.15205802275108557
-0.4151471543210001,0.3483579215877375,1.9083281990871857,0.7195538488024882,-0.0037224367586879796
-0.373417644012476,0.6419824750844524,1.9724542080100746,0.466694194752008,0.10769693202184889
-0.32093349887459016,1.0050400030917837,1.9627533003071782,-0.006319641489719865,0.22713347929532127
-0.3118069766752848,0.9609891079844046,2.205038522775227,-0.18995569677224428,0.3048323140654369
-0.3063423021633502,0.8507935800337614,2.4660446022337803,-0.2749072426300752,0.33538056272083455
-0.2686865374763521,0.9968901027157816,2.4439541230342354,-0.2755606457421869,0.37820264807968446
-0.20992637940622935,1.3346044532303627,2.0574237414756076,-0.21484134252526596,0.35720435738443096
-0.218404659437775,1.029317603796706,2.388925588638027,-0.44965621835146763,0.4643688716187374
-0.21776935087306715,0.8279676017407085,2.456807791016391,-0.6350597665624599,0.47469130817646404
-0.19100075518591608,0.8589772731657108,2.249250436113419,-0.7292104693494983,0.506601760623186
-0.18313306805982627,0.7288122700389402,2.1910348870077865,-0.7948980044219928,0.5239281453815812
-0.1511081987419119,0.8580395742078215,1.6884338148715157,-0.8419782395373737,0.5256878502072607
-0.13286071430745203,0.8963564703335213,1.2120115812872092,-0.9718647369984804,0.5094966346413654
-0.1506976016010689,0.6362351297366726,1.0115124455762285,-1.2167921250828126,0.5550926118197249
-0.18011315533561745,0.33275738113441733,0.6806438600976182,-1.500910504084618,0.5163970373825931
-0.1593034102038231,0.5443537145203421,-0.4399076630825813,-1.6107516719243264,0.5633793133752141
-0.17135091702083244,0.37133824562452816,-0.5486629959541073,-1.573599409003123,0.5935759514440774
-0.15096384671034999,0.5048307200182434,-0.9356794171073262,-1.3559839492898234,0.5029649278729368
-0.15607453102889313,0.4105009515333691,-1.015559365519742,-0.8967761467425575,0.39715739140880113
-0.11269739861475912,0.7554628453244343,-1.4067691338112105,-0.37318528242339594,0.3177286776994476
-0.1572378950115902,0.35629550539054733,-1.0777534922233654,-0.35019614720745873,0.2955296488010741
-0.20530061062267685,-0.048614291511093505,-0.746869208196601,-0.30071090760222996,0.36271378565057516
-0.26616553057731845,-0.535604021966153,-0.3214440785542781,-0.3992958948021558,0.40918111373158683
-0.2562914881357304,-0.391041567296366,-0.5005958410117441,-0.014978374199093269,0.4226083177178395
-0.21511654067285885,0.03595557914741225,-0.9130730493638971,0.3659213200153096,0.3314159670585231
-0.2357530075261547,-0.08533810366333133,-0.8407175807531717,0.58436262548504,0.28818904314433713
-0.24417410902381168,-0.10269652825167223,-0.8422146792094729,0.6993122521579375,0.1912875665696205
-0.329846064998871,-0.8012576642383331,-0.24519867976326634,0.6768437446661248,0.17326616254693242
-0.28474042548885975,-0.35942002595535183,-0.656151790146911,0.9357389057063619,0.1361149397710276
-0.2740072668609168,-0.21811901344007978,-0.7810728011758773,0.9716940380429799,0.089571948374084
-0.33558913282199143,-0.7102434361797793,-0.32989359791924217,0.7465433990188791,0.07497068312493828
-0.34467197023658996,-0.7465859038662972,-0.30454194793984746,0.8004457307351875,0.05705506777819143
-0.33820694870554274,-0.6486586750581858,-0.3946719244867163,0.8564431490549775,0.13592966343180746
-0.2754937922454821,-0.05605745456147658,-0.9213266916625381,1.0484697892669244,0.0843937581368926
-0.28484151392280327,-0.09472684143002592,-0.8681935277740963,0.9395543447861431,-0.0035290745645515007
-0.25098461076196377,0.23567581602631857,-1.1518771899159967,0.9946375895719497,-0.07707280617739608
-0.2762408727709893,0.05462798954436294,-0.9827282653691377,0.913427516704945,-0.13320801646801372
-0.30940009056098006,-0.19535223269649782,-0.7629503306789809,0.8576946407081844,-0.001467440287082192
-0.24401705132695137,0.4277497499795856,-1.3163235016771586,1.0739692670811904,0.055190096086293855
-0.1989678808291139,0.8729804737787449,-1.714190644654193,1.2613000892546535,-0.04135735675007795
-0.20650611569176205,0.8551384543434823,-1.7107585417231592,1.3683766071904178,-0.16491406080591425
-0.2452098383337071,0.55862204054526,-1.4459048945694388,1.272242730470693,-0.005490631208338816
-0.2682842696839809,0.3988539750611917,-1.2547059589421254,1.1555530432050536,-0.040196114598314715
-0.2692201310220786,0.40851222026730544,-1.083854028559912,1.1152387812403624,-0.21596318077153934
-0.32023873503904154,-0.0414830362713933,-0.43695910751447575,0.9045542593887975,-0.2654258764451914
-0.28335422941844135,0.22577335018222813,-0.21039926364604603,0.8939364252000018,-0.12019369398455058
-0.22540181660267908,0.674211748476057,-0.10095831149456884,1.0032837761725593,-0.06757079727364537
-0.19834477784657756,0.819545914842997,0.40334485033903794,1.0616709616134026,-0.16977149123568755
-0.13200478557887582,1.2640176134580214,0.7449728188570238,1.094462982142852,-0.036560377392167664
-0.1672815482789261,0.8608829929451878,1.4259898359400343,0.7813410907449154,0.06225436430441712
-0.1359811477861025,1.0823468912421315,1.2095201746792534,0.5645632734203877,0.12409893273051115
-0.11328997758517693,1.0874770456544824,1.8650088707898584,0.5958558734972019,0.19978151007432557
-0.08559329444152561,1.2395372965307956,1.6829371430705276,0.4626183079648726,0.24558169643148134
-0.06339059467392646,1.247188971493987,2.0047059339366164,0.4928107534493439,0.2784840490924399
0.008350749111251731,1.732055449785019,1.5441598592119241,0.5842279019353596,0.29320318213633667
0.0491513553918211,1.9353999404838034,1.2980941160539707,0.5662441663188659,0.3344904865758311
0.015061279435584796,1.4934061081305168,1.54968875569719,0.26247169686162736,0.34275313394695417
0.030778882106240076,1.4990280920831927,1.3469006284987506,0.017957506796676556,0.3897325927099017
0.05488152444276462,1.5967522014587967,1.0007676215331571,-0.06026420882146505,0.3973851826341642
0.08860889387996515,1.815119037062817,0.4217238307590205,-0.06906758433824033,0.3842182187245482
0.10320604618676071,1.870846370913435,0.057374874249878964,-0.2852326343109695,0.4125369575711058
0.037902534305638225,1.2553782246604406,0.20314757162956892,-0.684324506451977,0.4219404232103406
0.030711739000206132,1.1630217005102144,-0.14732001078226492,-0.8036154897511515,0.4231104822612644
-0.013688384813005548,0.7881394431025691,-0.3828382477024319,-1.0834050362816572,0.41043303339306914
-0.051800043060578116,0.4865249351268166,-0.7356571603669912,-1.3580416588972133,0.4578684123430135
-0.04239411143639823,0.5472990879306923,-1.0153562620026717,-1.3440800914597617,0.507508767638196
-0.048158624360339373,0.4690775630704672,-1.073395894708562,-1.3077293607436393,0.5365397923776299
-0.06789500101510176,0.2549343551032569,-0.9040597436520955,-1.3558099422904046,0.6104653636147955
-0.10913595489687593,-0.13690849631982902,-0.5596129553705519,-1.4649366235593835,0.5421165868415423
-0.08328113639719141,0.07037497373305705,-0.7814447318394423,-1.219409551125383,0.5501583729852999
-0.07529165640989866,0.13709352088529705,-0.8638768106660774,-1.089844064420803,0.5710772506433928
-0.08276819408639255,0.08717123235067124,-0.8149352669177078,-1.1095980361651374,0.5391917375376939
-0.11906263859857741,-0.19052094998884386,-0.5517703338825563,-1.259375884003347,0.47364939624399255
-0.11249616945254509,-0.07772317890905847,-0.6553428766800278,-1.2180552937046294,0.46179609588609777
-0.15445983386014903,-0.3756257425508402,-0.3894745645407324,-1.3185719633148811,0.5105901318201879
-0.17860807670986473,-0.5015782130090707,-0.2796322782855868,-1.2877350971625854,0.5296211005196731
-0.10229536403304011,0.2567096595761304,-0.9596807113807022,-1.004087345771506,0.5181281030593226
-0.1293033298963065,0.11380377153518428,-0.8331915424522327,-0.9782785023265754,0.5666797957477989
-0.18035271523291346,-0.2370879098183423,-0.5111196117133701,-1.0788837143372958,0.5722439236746293
-0.20482834964842583,-0.36143590773909645,-0.3947848744651535,-1.1014040687700046,0.44760955881323916
-0.19698896217441947,-0.20397272569519792,-0.537092757396856,-0.9796429940203926,0.3390219174497271
-0.19411833952865762,-0.08360730896822391,-0.6680911128942736,-0.7824771613333431,0.303187676800926
-0.24823663633697352,-0.45643256615076655,-0.34988737211537935,-0.7955063032476067,0.2561132747663882
-0.3159647433867996,-0.939196646155145,0.056589234085793735,-0.7284384642378468,0.2409600571762766
-0.3235043265749207,-0.9002857430026892,0.013913182477122466,-0.6250453521220921,0.33429840070866235
-0.3250526881992672,-0.7845522753908216,-0.08793432436071641,-0.5694027277741281,0.17315632872183523
-0.26789720643096177,-0.16388509835910325,-0.6359014003458799,-0.36198256094521586,0.14544616533344026
-0.2877805657918064,-0.21147344941679602,-0.61097933210923,-0.2019906634696281,0.09481129241284317
-0.33321885295846454,-0.4814872760749574,-0.37393219244047604,-0.20406908625830736,0.06433926428282874
-0.351695624068875,-0.5154387254699446,-0.3367884697643976,-0.21582162233837945,0.06620520963251185
-0.33198779979447635,-0.22443200752136822,-0.5291810552583509,-0.11513704367200997,0.02321841177333619
-0.3664240102648149,-0.4537458174863271,0.01257888189752733,-0.10457991667709227,-0.05156024112167415
-0.36715092788585196,-0.4350452203250087,0.5296885918267527,-0.067867510980582,0.012085360846554186
-0.2729831838325547,0.39878985296274794,0.3673470667008031,0.2318280562201995,-0.05758289203266036
-0.1783234496666452,1.2242761572677774,0.09661106874681943,0.5825441703520602,0.029711701890679103
-0.20508991014272218,0.9838984449461372,0.6576703634566812,0.4316421846534364,0.02777390400923737
-0.16646203416782146,1.2350946194574581,0.9489324097644287,0.578612644833663,0.09745374834228808
-0.10426988211615289,1.6804724991664641,0.9189646778901535,0.7694793466375192,0.13965326923787919
-0.12190495404450291,1.4023058688674563,1.5027796896216554,0.5756824596896707,0.19070095476840523
-0.08831778551120814,1.556940787754367,1.6100991440850738,0.556215711158228,0.23232067204016768
-0.0929190625433415,1.352877542897279,1.9881474832106396,0.46367963791771105,0.2719550307486389
-0.0132454167563006,1.8756507692441367,1.6207930082279092,0.621310915510114,0.3008279559332937
0.021735294066884476,2.0493409461167773,1.218975177888847,0.6150594920722644,0.2930847482036764
0.06121400951897676,2.149563874757593,1.4211201110595826,0.7200103952230815,0.34795594602563334
0.08609409486638968,2.1921796289563673,1.2644539876914083,0.6122981378383046,0.40638653495404814
0.11476481016591461,2.353470427446072,0.5344327760776755,0.4139444974500847,0.4656135880206595
0.04440644184883821,1.7498933578067195,-0.018078087712671047,-0.17143774861807262,0.5362657577202122
0.11486152400860182,2.141811814527876,-0.02520226409102154,0.08455487263998851,0.5726263537421289
0.10116588061720362,1.9968841772049502,-0.5755417315617734,-0.177887874512945,0.6140675425357603
0.06065224662656574,1.6504955671666068,-1.0103662732330945,-0.5064923518795552,0.5856188317782839
0.08878614379749927,1.7681339107984246,-0.9962245538284366,-0.44237752446865053,0.6109484483343038
0.019665330767220192,1.1575197679049694,-0.8938838205190537,-0.7166764893078451,0.5280513123550381
0.02461740181329764,1.172005954803743,-1.1872693968074368,-0.6436469858139163,0.5193871245461313
0.02690015848772933,1.1947394646323444,-1.5504423760806145,-0.7562535452090462,0.5142765945254552
-0.013473349305829852,0.8264919777977938,-1.4361670778204687,-0.7709091529567506,0.4473934750540307
-0.04393710802330788,0.5277022478944909,-1.2200935665978045,-0.7305487345291496,0.36284371825443956
-0.06297399019149229,0.34247960700966645,-1.0533926964135822,-0.8258799219652369,0.3396760611936443
-0.08025479528440922,0.19459107344758805,-0.9253297126266762,-0.8730352209566915,0.35478827242039995
-0.08677257970207572,0.16670202246651222,-0.9011097136094278,-0.8945971104271754,0.3518188427132767
-0.10970398222829665,0.02708186574476463,-0.7967665825448006,-0.8070804289297641,0.3160537155865831
-0.10388671626649656,0.1668016787033658,-0.9264636710592117,-0.7102854371201615,0.3040278341484146
-0.1100257862407195,0.2210341476706625,-0.9902739587776177,-0.5760528660497826,0.2525997332016255
-0.12081540669080384,0.24563888129025435,-1.0157071874796084,-0.5039977463912589,0.21598789782547761
-0.1568969022204564,0.05727258949212457,-0.8482912878452773,-0.5043041053358776,0.20077270784008214
-0.16639452328106163,0.10853393597237185,-0.912106348755738,-0.34094619834168155,0.22874681699330726
-0.19729021455749812,-0.02927590972658814,-0.7932790034991177,-0.3021153940730976,0.22352527168060168
-0.24717211522640078,-0.33697300074799924,-0.513012732144031,-0.38676069085687625,0.2554537057220502
-0.19937587283008823,0.20882973496473783,-0.9814651565307462,-0.2895559210390546,0.22183913241055642
-0.16320241418140435,0.6528808151394269,-1.3643524468622048,-0.15563094294118815,0.09432236941870231
-0.18920027082054736,0.5428373681361881,-1.2646024529352191,-0.12269462561225242,0.06257690900726207
-0.258357522045625,0.054371901613465674,-0.8340493478228316,-0.18732489254204474,0.07599838589652332
-0.3099345060486015,-0.2823643154701691,-0.5536516238508266,-0.12114528055720614,0.01819059152913629
-0.32691251689433865,-0.3195882280565449,-0.5489432681444029,0.14367323632140463,-0.042038540909074516
-0.36990469021190353,-0.5825031146410583,-0.3042890688097791,0.011983282688278326,-0.03032572801337821
-0.285507422894252,0.26655028547577514,-1.0551320613934019,0.24570020548251997,0.027690219112275833
-0.2890809790253618,0.3441967125395134,-1.1213961667816774,0.2970845480393459,-0.0012019429317876975
-0.3228996836086004,0.15056813895985785,-0.9557075283408392,0.3277521191738247,0.10592233416748698
-0.28743796425718937,0.5534882691300695,-1.3214726762364994,0.580254310362695,0.0653932586481804
-0.3356877795872363,0.20902248719200292,-0.9370280560008123,0.49050402245891894,-0.12816721204488574
-0.36793089075974095,-0.05554683202841615,-0.32383034338896177,0.4867648853524719,-0.18272681813981853
-0.26269842274998345,0.8538434418248229,-0.661689999572413,0.8863521611244366,-0.2892042819296121
-0.22663429138366054,1.1373418204683248,-0.3852794842347586,0.9820375574939951,-0.2005869963431479
-0.20126369553003812,1.3524245459905295,-0.32700516027376075,1.0236511807577555,-0.13023221856324363
-0.20521028891831308,1.3037487764422797,-0.11309821711168005,0.8747909890089279,-0.05336128624742596
-0.15103051970779943,1.6223822333151843,0.3069849456223953,1.0997601892704334,0.0810770955611344
-0.1564386867666151,1.594084833579372,-0.14178038338669058,0.9431965138510766,0.15228685384978935
-0.10875461953086696,1.6821055502900708,1.1182732717717883,1.25291980538971,0.27503082614691887
-0.07831716070969279,2.0361612945796037,-0.3198381099813361,0.8105665610422463,0.3884619159601267
-0.04511154959633193,1.9539713835260983,1.0526392967072844,1.0358217640131935,0.48470953400659106
-0.0767697898807917,1.7514018865995666,-0.0366188040739341,0.4640095735658931,0.5463329775651721
-0.038359384136894686,2.0145841089951193,-0.7811564017012412,0.38317136331394164,0.5537789030363488
-0.07230814162539258,1.5253356720238613,-0.1261358818501787,0.21979664149126393,0.5379264774206352
-0.052876321805778725,1.5323490652394076,-0.0340705924633827,0.21704680800298268,0.5445254978122744
-0.06440213040082518,1.326515458237251,-0.030803201176749215,-0.03645233849674599,0.5369652670969016
-0.01940537221845073,1.5484382409489452,0.005277965360041461,-0.0038417913554852448,0.5327059455225164
0.0162959251781178,1.7381400070347937,-0.19255570468023017,-0.019197208900609764,0.567465788842913
-0.03583874390283528,1.297946754337769,-0.5673304826553508,-0.4503263690278968,0.547095818966793
0.0038183970483464612,1.4752000777899692,-0.4063785795675211,-0.3697140128530066,0.5200081169502877
0.02348654893850415,1.6184098259829587,-0.9323407449235024,-0.3568652503812382,0.4155834361529962
-0.06638635661055127,0.8006435936544377,-0.483298222175205,-0.7664759536624095,0.36689553803832275
-0.04422171935925048,0.9786656876128655,-0.9901116703883475,-0.7275528121413134,0.5771102117664022
-0.07068810407866608,0.7594162794242951,-1.1747079457841911,-1.0214049833841696,0.5346973350624874
-0.08820666398141148,0.5916691063835209,-1.1412079716161352,-1.1695186340412047,0.4823731310619966
-0.13421041090951766,0.1788857071699934,-0.8080011064380909,-1.3010569879781393,0.4248959570097021
-0.11974555283357206,0.3222962781228396,-0.9417514609662059,-1.2269711707424518,0.41600932412033537
-0.1604048288973292,0.009923194485465062,-0.6665444416971419,-1.3009514098797061,0.41253308042121495
-0.22849283523178274,-0.5215828785091986,-0.20850725404828663,-1.376014133921729,0.3773459191070755
-0.2197799400223163,-0.3618124296887756,-0.37898447081103487,-1.1540882231305543,0.3288687300620348
-0.21867478299790447,-0.2556273576957055,-0.48407234615879663,-1.035948258190519,0.30262478290011474
-0.2761227054385185,-0.6550610619800069,-0.1297510673442255,-1.1186751876066825,0.276834347980901
-0.30606739288986595,-0.8026202142970101,-0.009652097272600756,-1.0714847609931728,0.2576985555155562
-0.315370313940977,-0.7654611007555026,-0.05360733251886361,-0.9413693553113395,0.22539816806004243
-0.3434202118611695,-0.9006222060764842,0.05208158911364171,-0.8085000455007927,0.3240135576082233
-0.3481494312694864,-0.8073558291997136,-0.03380179122241693,-0.7306835446205246,0.15370676742248196
-0.35316835219114384,-0.7404791946630627,-0.09149700030030684,-0.6641257354662894,0.27576506641484716
-0.3682184212410151,-0.7470821882660107,-0.09790603517865314,-0.534842801291522,0.2394787474782002
-0.3583605163130622,-0.5250155813066707,-0.29099118486482595,-0.45308369064721654,0.08736359557115453
-0.4131910463126489,-0.8913726278262138,0.03267735723214452,-0.48493785544489226,0.23779154528237606
-0.4110689576955494,-0.749317283020796,-0.0851553182755855,-0.43933339359071755,0.2514096779035488
-0.41574426851401647,-0.658558645665423,-0.15557603852169757,-0.43460569096243623,0.07895639716925508
-0.4416646518622494,-0.773212594615294,-0.06214403043559888,-0.3380707132371192,0.22728098915252382
-0.4594902675382833,-0.8014903015539935,-0.01450086850614732,-0.4629919385194952,0.099860750218839
-0.48880381626384956,-0.9568728910964912,0.12983220007865273,-0.47140409402287176,0.232515354471017
-0.4965861179043657,-0.8955737697010943,0.0738296477213283,-0.3690877682903698,0.08014068521113911
-0.49306267490310035,-0.7567345717503238,-0.04784658512121323,-0.29088660455753446,0.20429665041161144
-0.5176440853614267,-0.8571560279266228,0.032870823878023286,-0.14252356235782254,0.15915289391632148
-0.5034368200220781,-0.6291042602411945,-0.09453113979789111,-0.07053512173841009,0.13985863876686785
-0.5268554157047571,-0.8031805160791654,0.5577815188613455,-0.1620124974916352,0.07070513337524362
-0.50410625816975,-0.5939088533541291,0.9382676137478468,-0.19150042384172966,-0.12967498468812977
-0.4616770086264315,-0.2621736417633048,1.2953122899810878,-0.01354844686312977,-0.11128850896795434
-0.40377479104004604,0.1768548819104379,1.5491960687254007,0.21065947248348568,-0.05927719786732575
-0.4134084269038064,0.05767337069859821,1.9533155129806858,-0.060947023019206174,0.09029862437242551
-0.30324013932298527,0.9371613455065924,1.499136750003388,0.18387290445009707,0.06788527161276862
-0.26185505130561987,1.166981546968278,1.5679817421626518,0.24704898507672698,0.1431512952521528
-0.2195073069372721,1.366435933427187,1.6886774726359832,0.31691962461025214,0.1971672114788472
-0.19980667493200807,1.3424660766275731,1.936869584745929,0.3175393935937623,0.22629264229675725
-0.16416393801452503,1.4298424276739414,2.0505164966305913,0.2404912938326398,0.28221986866635573
-0.13655108598429092,1.4331223440928202,2.147539127990849,0.2028323886336267,0.3011559890570079
-0.09862848586971748,1.537511994682577,1.9603907295769345,0.19430633046523046,0.2994955573431167
-0.09622098512737741,1.2937573411876866,2.23098889279371,0.01779734060824071,0.3815188891589716
-0.05981371927277114,1.3885396967967687,1.9996413695315696,-0.048478219318701776,0.38021184884586623
-0.06594236298645513,1.1306118010101036,2.025254171322203,-0.25984672233976897,0.3895245374490295
-0.03941443982794658,1.1920583956432556,1.6858741128298294,-0.3867727923710217,0.4189856451805717
-0.054889168465141656,0.9123374246811812,1.6146862420223032,-0.67364222497701,0.42561180753620903
-0.03189959126037205,1.0029071496676665,1.150032495121385,-0.8286242436005602,0.4333072894297014
-0.0433332288895332,0.8173876584254712,0.8794127466584222,-1.0024646376240118,0.43739350466508986
-0.036908567389675545,0.815577565759954,0.41000676229932653,-1.1243956014230787,0.43600496458140997
-0.04746991438097003,0.7090538844980141,-0.08976291875078775,-1.317886048737524,0.39757335532244914
-0.046685321862147494,0.7031492775431284,-0.6075947458138903,-1.4593052848237915,0.43295903519883044
-0.09291577919293519,0.29498316409726544,-0.7247827626605462,-1.7069355202280931,0.5051644463630157
-0.08905435510097605,0.27907811733176674,-0.8332588624257246,-1.6725694099213697,0.5249263997715065
-0.0661331600946343,0.4335931992458866,-1.01003209262732,-1.5505817586048705,0.5051793891060993
-0.11680088478796369,-0.042015272155936034,-0.6037091293950122,-1.6505226250746505,0.48731898050983313
-0.1976946420265543,-0.7664498016922322,0.023048228160247573,-1.810284769383848,0.47730220798528805
-0.20864794138883905,-0.8484043159592405,0.05687739646717312,-1.6010460429614497,0.47533117653098406
-0.2115836531916264,-0.84057258745673,0.03322677887173983,-1.4445005299394036,0.5759362962154453
-0.2240865556569647,-0.8744394000214704,0.057924837528250867,-1.4134878198376013,0.5639968454044452
-0.2374191000380408,-0.8855769146303676,0.07713387334396742,-1.486387234152627,0.4253176839148964
-0.20838658558621692,-0.5195724818644729,-0.2501515754749046,-1.339120910332546,0.3910283138143939
-0.26451111694436846,-0.897749545419724,0.0633402824440789,-1.2250255926221238,0.48061421237974633
-0.26728061663071523,-0.7949808561354995,-0.05217996487019656,-1.0119206279534607,0.45871263103051835
-0.2931662176484067,-0.9018601105084842,0.05020065897834207,-1.03113568325329,0.4663770487534479
-0.2994445501156308,-0.8289888502987753,-0.0019079630106330575,-1.0602192855691217,0.3534740338967972
-0.318226618853449,-0.8823726198700413,0.04850603044145867,-1.0320776706458026,0.3309808288312303
-0.32647316758690376,-0.8458743488285835,-0.00444689399557117,-0.8245220827682394,0.30087925998132503
-0.34654903504521123,-0.9141306629956789,0.05119694633099969,-0.7481030329787082,0.22294222352221346
-0.342500147252986,-0.7854137631927446,-0.06278971144275823,-0.6761764505265837,0.31916839837829786
-0.3598091054863316,-0.8316351231087262,-0.015574180132833656,-0.6895565837910198,0.31380808670353044
-0.3798124002149476,-0.8896642400930286,0.04321325508245343,-0.7188994758909965,0.17234653440364944
-0.4055594488067651,-1.0128334715711553,0.1421705415981813,-0.6067655971743207,0.2778909871770827
-0.4036101402669427,-0.884017143492391,0.008561411550380564,-0.38861398150198245,0.26505569044026744
-0.407442757654084,-0.8069004979881255,-0.048081750326833705,-0.3959885567030849,0.2769528148372289
-0.43041085573875737,-0.8933609285906318,0.038055808868354433,-0.44248287706303496,0.2283612126939117
-0.46292179357590985,-1.0595067822927309,0.1937090573089733,-0.43064703080460254,0.07245247147667669
-0.4537276794192608,-0.8883519460072128,0.16846249420174317,-0.5496417402076924,0.08667168510897966
-0.4465316933302144,-0.807858828834139,0.628089580638062,-0.6359206700342114,0.014353803088050435
-0.44712243673065055,-0.8088148917888451,1.13494736922244,-0.7265152142154856,0.058747904565198884
-0.41251834395692266,-0.531051605183525,1.4747799588940997,-0.335944353167727,-0.022385766416244502
-0.39541862081525503,-0.4064150375380653,1.8247538778251435,-0.5253063349237471,0.0718500518136286
-0.3550934789549009,-0.10348962196766123,1.957009466586003,-0.5670408281332018,0.15482820997522362
-0.3177973968727132,0.12333206612190882,2.1512907512068975,-0.6604881111614689,0.24687141067405188
-0.21825892287792809,0.8420352259388857,1.9062721013190325,-0.4521779742342003,0.390073446016785
-0.15881290632093123,1.2022049775826102,1.850627254902856,-0.20718046768250248,0.48585321793024633
-0.215550119651277,0.7167476215735605,1.441755780823058,-0.6894464837013766,0.5212182861660566
-0.22451603705966985,0.4539279695808438,1.7883939431253004,-0.8050091151933423,0.5850346679985267
-0.18373182807767183,0.6576852459360437,1.4920141536379714,-0.8121499544128857,0.6276029518971815
-0.13653750528891706,0.9774768222722054,0.7009613660353742,-0.8220776686061386,0.6183046583403233
-0.13949710598239584,0.8637766734541791,0.3192699387778479,-1.0894482215179389,0.6335160522195723
-0.04951727006511294,1.3116741478788059,0.9271030788285893,-0.6498725773188553,0.5008229345772145
-0.07257137272292874,1.022208611323687,0.7886956385052625,-0.8765510053023148,0.6004084296689607
-0.003828824372114457,1.3734431949814012,1.053057681112848,-0.5057027912606922,0.5589476613623094
-0.029803553233008345,1.1772185609405084,0.2395833887006288,-0.9826043959159061,0.6247419900733786
-0.10216254457488888,0.40918137497323626,0.9203299872311397,-1.2667704973269878,0.6361192057096782
-0.03223113414372762,0.8874757400074668,0.542041240818965,-1.0998625839620682,0.5061310221455901
0.08034034454546747,1.7872010340449909,-0.4378212244723225,-0.7662301360100161,0.47898407871937865
-0.04217028627137281,0.7780293129515962,-0.44545486500504355,-1.4938428538260597,0.45300185493132267
-0.0724834898846343,0.48232731981448973,-0.513237973231249,-1.6577730438543141,0.44185845401017715
-0.08850288720708963,0.32853907818264605,-0.7039856811004794,-1.8004232163022122,0.5008007895710134
-0.10476062511036427,0.16595489526099197,-0.7072604691867014,-1.8100918229614686,0.5149152816897137
-0.11453419282381846,0.06315455108136711,-0.6683775769417195,-1.7811513074645742,0.4763900850786142
-0.15381407175699835,-0.27699526089074555,-0.36275919850234284,-1.9535767839120908,0.48721488974222793
-0.2156510471213531,-0.7801633558871094,0.07166357624238745,-2.0076152136065892,0.5215615456879512
-0.23248268678163087,-0.8619242559567812,0.14628863418725022,-2.023368593054217,0.5229980660599126
-0.22837476332056453,-0.7571361979912368,0.022208800809543988,-1.7655476016720482,0.5638080565642781
-0.24793784560343846,-0.8253517668864917,0.08213906957902603,-1.782385675586354,0.43049060695117414
-0.27046698855638324,-0.9356115421645862,0.17994194854188952,-1.7814841715706302,0.5359374673920402
-0.26952066481306575,-0.8124945437011236,0.06681203336266413,-1.704022918592346,0.3895233618633565
-0.2927458858789207,-0.9208126025695679,0.16334801461679835,-1.6741725931562672,0.5099963341879076
-0.2899418332854857,-0.7739646182940713,0.02312514202280593,-1.5438287423755368,0.35429198105347365
-0.3057807696863357,-0.8015038685038484,0.04255803661220255,-1.4781299788423514,0.31690679712086617
-0.3209854452958437,-0.8355780584333672,0.06827525419688567,-1.3778045850246858,0.41277066647531996
-0.3395148080886739,-0.8699645493632866,0.0878609484336854,-1.2969245587816107,0.2531834665729964
-0.3586789557292828,-0.9339653184810377,0.14124623539822162,-1.2199876179275873,0.3812006786869079
-0.3743317945055445,-0.9561368037077282,0.15269799172454257,-1.1226968573477312,0.34277047285481904
-0.3879325221295614,-0.9657304250370532,0.1575709599985298,-1.0368697530042141,0.3574444442044838
-0.4023929878930389,-0.9795960699439293,0.16345996196787135,-0.9531622440320279,0.3387314026834952
-0.42262418237106053,-1.0442721340071361,0.2146863890650545,-0.8846865461370034,0.29749132343298507
-0.42478636335257136,-0.9506154278318062,0.13523038896107611,-0.8378956758946907,0.2948649443673911
-0.4255054003837747,-0.8446284017308268,0.044194411929904524,-0.7863838093041188,0.27314868226393707
-0.44809547133754946,-0.9331320060786139,0.12568699481858545,-0.7759633562342703,0.27948736727650736
-0.45166480051251884,-0.8517517694754003,0.04848158554540817,-0.6894870950927888,0.24559461631703827
-0.4813878878243,-0.9948196961068864,0.18873534584255017,-0.7087582111553831,0.10919586435852023
-0.46540785118795824,-0.765564437638335,0.08891266192849057,-0.7255277658444865,0.10545135440176696
-0.46360948055023193,-0.753680750904381,0.6214159242895314,-0.5963383160402719,0.10194972361273939
-0.4547283372466606,-0.6644207194680389,1.042312955680962,-0.6333431065731546,0.04458308844374628
-0.44416934339593794,-0.6084679551920149,1.6539769055443163,-0.7556175432305564,-0.009739777311155797
-0.4106996398091177,-0.3531709383100693,1.8603005972184348,-0.656407367608045,0.07833954957581303
-0.36934727605862666,-0.05634397952413354,2.0249984067209943,-0.5981374697021995,0.15082950866484965
-0.31825856656472284,0.2912569005376138,2.057035869042706,-0.6529996938473451,0.2823649212942785
-0.22587908995752512,0.9566568852280913,1.7644361900284997,-0.36528710368943407,0.3621422622666422
-0.2238557922518082,0.7732724503871241,2.3542686361103367,-0.3356253043952055,0.4878213234073291
-0.28723007828299235,0.39877000075589214,0.8440605250078018,-1.112461361281541,0.6170841388560261
-0.20007618062568103,0.8066507724819957,1.4874286947290134,-0.661432834361055,0.6715444962997911
-0.1613581908623696,0.8340991161767706,2.160333447689882,-0.44320479514211975,0.7189944491674973
-0.12853622093485448,0.9693188876384925,1.8109408963482487,-0.503862761964008,0.7039866093507715
-0.19195076016435164,0.5031797806781523,0.6284447170099676,-1.2772768722057777,0.6583710408277551
-0.10433768993379326,1.0580588261048687,0.2295356075818809,-0.9663151378126688,0.6517476562195067
-0.09850583042451727,0.8675036915267255,0.8228206728812977,-0.8658697896055281,0.5462094328380745
-0.1516023309488552,0.2998518950489153,1.0515495850702206,-1.245218611107925,0.6993441698520335
-0.163883652956322,0.14436124328093336,0.6821825263529927,-1.5272802092223672,0.6353569780849182
-0.09962696920366963,0.4677542638707827,0.9719246889418598,-1.145787302230672,0.7332467979376645
-0.11167661577474607,0.4284375368393866,0.004876551885055071,-1.4233011801632462,0.6449111862399397
-0.1718439109379917,-0.17954812017591562,0.40310367202171954,-1.764464102774072,0.7104071763061222
-0.13744951332190058,0.049203684903112575,0.10553754306179948,-1.6183146822836125,0.6982490591586801
-0.13792400052611,0.015692178214105682,-0.10699290768189064,-1.7499556021059939,0.6359161268388248
-0.11917807291576583,0.1639402247051766,-0.5519119105179744,-1.4782132318135488,0.7232639050084326
-0.2075662623734937,-0.6253494945329887,-0.03201862747123657,-1.782744197584485,0.6742265269203432
-0.20780637957149997,-0.6284109085755909,-0.0744120098511398,-1.777429917969839,0.5594375327747446
-0.23320050053464975,-0.8464471005953695,0.08425159714944527,-1.6409234500922492,0.6299884085854863
-0.2348272207568665,-0.8376169807180254,0.07939157860831454,-1.6710466806626745,0.6127499448751591
-0.24200487189768669,-0.8498951733392541,0.08208863815027512,-1.6324121892377086,0.4632751703648327
-0.24476028297419725,-0.8279302431673693,0.051122756614283595,-1.5379283439106761,0.5287371946428264
-0.25071121504192434,-0.8194392961130053,0.021729423838496548,-1.3722982424558126,0.58479254291291
-0.26691499961324994,-0.8974027434695294,0.08854717787762127,-1.3994573429602557,0.7068726183745251
-0.2756958653232506,-0.9002535706026625,0.1011698148906721,-1.4341522678187084,0.6262213436278826
-0.26125533178874805,-0.7166798997504893,-0.05948268020788729,-1.3543214488438287,0.5821977775369327
-0.2566527805873887,-0.623878880082113,-0.1424404381108931,-1.2942655719166298,0.41939760546149274
-0.26962123664095194,-0.6895071350235984,-0.08229661128710387,-1.2787747838946864,0.27436295737887223
-0.28680004914099283,-0.7941716186023267,-0.004648610412421347,-1.198674100553535,0.37237881169512504
-0.29253576117610847,-0.7660135700483652,-0.034621176355224874,-1.128744984183122,0.24694776298545726
-0.32742833506615016,-0.9919157185325117,0.1525732828322379,-1.1041962221678983,0.20682058925895716
-0.33456415141201573,-0.9695712302720141,0.1289802611992716,-1.0335540578271165,0.21989362236292825
-0.33626709336431915,-0.9084448917536627,0.07126716353707661,-0.9442115818614252,0.34671097303597675
-0.3408537668193954,-0.8534768085583962,0.014872115570342785,-0.8681066343005762,0.23420569385045947
-0.3435119964563309,-0.7814094948650352,-0.04570549694552203,-0.829650070634216,0.15924899631619738
-0.33444756337185083,-0.6156626989074183,-0.19522318902979918,-0.7535130460309306,0.2527737914179996
-0.37308377129854053,-0.868225566284155,0.041296229955506886,-0.8536328496098674,0.19380464022951663
-0.39120230842774295,-0.9457392293310601,0.10438077363843935,-0.7887821932901337,0.1320176071759021
-0.3969129165972226,-0.9351144413162069,0.09999347440878742,-0.7594917956052126,0.2797731232883688
-0.4013995108696617,-0.9000053866709941,0.06810767867363346,-0.647245045602659,0.25994466527581295
-0.392527193748684,-0.7536926429607166,0.06747902181069641,-0.6574415387025889,0.08048555612771628
-0.4039538677075924,-0.8500952092645636,0.539584713910546,-0.6991515930257655,0.13800689833746604
-0.3980525213143455,-0.7963640407461089,0.9111449793613124,-0.8339418156866188,0.12857962999294786
-0.36864148084549053,-0.5848343496588342,1.3329227605891854,-0.6938669529959913,0.036084735051718886
-0.3320076285073838,-0.3207491889024576,1.628394699010037,-0.6929160553717407,0.11898558534738138
-0.28639195300477494,-0.008783627448209406,1.829004528906261,-0.6283451985862115,0.2537099992594248
-0.22231103449947975,0.48821468042650706,1.5639265605960821,-0.4372150738767945,0.21391455333971574
-0.24569698254435485,0.4600543992110547,0.06160108129976744,-0.9426155100946549,0.41151756750376145
-0.12871703150066385,1.0707726660341748,1.2000348624957042,0.06229728279960632,0.6083025822073814
-0.251685088235314,0.025870344604421495,1.3978488881123154,-0.4241501511682511,0.4189340167829756
-0.15341589927146976,0.6044213394610671,1.6018124440365133,-0.14047080255649427,0.6568484011723352
-0.2510539270985688,-0.06087582461991999,0.38610943951557963,-1.1085958789609514,0.579982921698507
-0.06652210578515624,1.0046705760538786,1.6806226493875895,-0.1754507758127695,0.776877665479608
-0.12439932619597761,0.6227231634091617,0.4980654645219772,-0.6056427442352956,0.7250132759112666
-0.06082832055579996,0.7603991233756131,1.9080854821548974,-0.034632121054322514,0.6855336581167795
-0.20070343071946625,-0.2226068558516127,0.6037602169317937,-0.9224667061758444,0.5438900089799971
-0.00819632729547438,0.9323608903270286,1.7290190745585536,0.2209180639140004,0.6888104981400501
-0.14426272269170243,0.0013323318897069131,0.46337648287980965,-1.138474426726184,0.5989396134055022
-0.06518751377510766,0.5214478391007127,0.2404910817360706,-0.58195255303449,0.5438542416651839
-0.047324014632989214,0.6260890261458377,-0.17362140230086012,-0.8700784073241513,0.6393292005270823
-0.13706944497597254,-0.13373619588700467,-0.03308867119959646,-1.626103777392028,0.6227710903620735
-0.06260015774259763,0.4598486317879588,-0.601317538512728,-1.5311121961372938,0.47097041873744755
-0.06506357765696799,0.38727246535694393,-0.546663525911823,-1.5300210566561876,0.43563026487718237
-0.16917740276400503,-0.504408148979876,-0.055698331089946033,-1.7981666541948547,0.45894911067416105
-0.2029822645652472,-0.7883000431118812,0.09994379603162684,-1.8692101647271038,0.4026148947714181
-0.14096523682307305,-0.21206022575382666,-0.46190945787483073,-1.6533496692125047,0.3964822815826585
-0.20395427783131997,-0.7136307384639324,-0.03477996997705173,-1.6892663751314405,0.36940525545546526
-0.22986534604179018,-0.884135797593772,0.07933717550249568,-1.464809567516665,0.4307035639201676
-0.23981106230250654,-0.8915864553818003,0.07406776834897555,-1.4001744779585938,0.4783997446727729
-0.2648159177845438,-1.0239583151969531,0.19266419157221357,-1.389376451447706,0.45691644112476404
-0.2559008839364296,-0.8583023286868465,0.0380238495276784,-1.281740387657474,0.4428173697264107
-0.27894759726706975,-0.9707982149448826,0.1457626273244776,-1.3517137687349527,0.4198995345803607
-0.2859898024163701,-0.932379725704657,0.10884443691684195,-1.2864219641316335,0.40710584842915015
-0.2954659802248397,-0.916116399135826,0.07844920507294421,-1.1357747756169454,0.3430952031189025
-0.3121947588650758,-0.9518744643028454,0.12813540891427655,-1.2428905247500928,0.25760356869361406
-0.332321622303733,-1.0396216612202882,0.19189925967591145,-1.1053873167817823,0.3997130960165716
-0.33199501672567433,-0.9427787017049521,0.08440114491922782,-0.926314940537892,0.5936135387223309
-0.3302783589096365,-0.8446276290449408,0.010373953766357576,-0.9453764854142853,0.5979574635821635
-0.3520470528987952,-0.964378013131807,0.134445913073842,-1.084803222853402,0.6309288178204602
-0.36295953518598567,-1.0033922227512941,0.17104980010469092,-1.0884630873333245,0.6076084073077229
-0.35969328070060447,-0.9260764576742103,0.1085151332939279,-1.0678233736175358,0.5811061969445513
-0.36911234328871695,-0.9595185024981405,0.1381670959295432,-1.0549677239554582,0.5848787757201803
-0.3691737789712117,-0.9170735338197414,0.08766740635744404,-0.9261338560351875,0.5671428188461601
-0.3771045649791802,-0.9374987177252302,0.10779983134627086,-0.9120158797078307,0.49310129111767853
-0.38627258987360447,-0.976072140995522,0.13749146761378253,-0.8675598869439355,0.4546895845733088
-0.3981060660826944,-1.0238889990874336,0.16081785914236607,-0.7486088734750254,0.4422951925705009
-0.40794205817763013,-1.0599173939747732,0.18691103952907037,-0.6921895449629918,0.4487800092873547
-0.390165394577508,-0.8439248151017391,0.008643110114527107,-0.5720390341688527,0.35130608939366165
-0.38266043918511666,-0.7447222411297713,0.05532204445468543,-0.39780962461925984,0.32476944940873026
-0.4047088594461832,-0.9257450103315474,0.4920886074255156,-0.31499998542080404,0.21087140279250693
-0.40459213670536315,-0.9128010331608406,0.5728998227228856,-0.2253519312087657,0.3446639853521763
-0.3983078107489251,-0.8608261496746017,0.6372401025995916,-0.14371629366994562,0.2670425472178742
-0.3265758227025968,-0.3841364760347505,1.0720364895360113,0.27988648261343346,0.2552267100402204
-0.33216429318339213,-0.380915250102611,0.6240810504156297,0.11701696317846016,0.2565681545283118
-0.28695900360965204,-0.14582664629170536,1.0527310086246042,0.11202979972824625,0.25093985143896425
-0.25494519570914437,0.007679416145885603,1.2350968997930072,0.017273269370835544,0.39005233350044033
-0.20130824547272194,0.32716865635607667,1.3144733081298046,-0.14098256859222977,0.24848806744810087
-0.0778821563327131,1.1528850688140297,1.3434068010515052,0.11434539892887488,0.48351796768621236
-0.14965443045533366,0.5388383384764565,1.0135201510850864,-0.3808919951575975,0.6809545052988546
-0.15466367133692022,0.4612664651700244,0.47805813601069985,-0.8864734472956465,0.720641681870389
-0.11134196306897136,0.39532920623074624,2.241899730438557,-0.3349002278026673,0.6796277070286213
-0.08605378775898832,0.7411853429335024,0.48536203769229735,-0.8475863415782816,0.714254463632329
-0.12210691226679192,0.14412108164190063,1.8095736015070527,-0.9143457407690151,0.7025559018617299
-0.14339358289892182,0.028043930580253246,0.7468291648680285,-1.4243473114204104,0.7608998937171423
-0.03849280517922121,0.6854388869096567,0.9018548371647362,-0.8801347908424418,0.7461184725155686
-0.07386108190006116,0.43760927923114107,0.14261049689534033,-1.264632939236414,0.7557030618130887
-0.0861681675059601,0.25768457990053395,0.1093080562738386,-1.358774952103048,0.7584949844438406
-0.06787764843247074,0.32521796824449656,0.07597428833863334,-1.3253826355254583,0.7625233961699838
-0.05618718303955518,0.37350839154023985,-0.08736025070111081,-1.3338499532350887,0.724080539875432
-0.11071159884538877,-0.12969534964857968,0.1375121576489163,-1.630814914146397,0.7182198584798795
-0.13906549703958812,-0.40253221639375175,0.20178710596659732,-1.8155173504902542,0.7025877522504708
-0.13731403008166843,-0.3796436769495113,-0.11159105674847034,-1.8452911201652131,0.7246093174619714
-0.11735498542349357,-0.20788148777514717,-0.4294597560473653,-1.709303710839135,0.6979671947746967
-0.09785408371229264,-0.042626648106972115,-0.6629137189869272,-1.3859592773232798,0.605735605451608
-0.13408975103667897,-0.351063051848298,-0.4136898211993386,-1.3424204198894911,0.42087465674930724
-0.1386569698854541,-0.363579911732016,-0.4267267513385339,-1.1609987737746432,0.3084068355301628
-0.15254126737108142,-0.4456517254479164,-0.37587894451629067,-0.9737376603091651,0.24572107819448097
-0.19256621152372086,-0.7488905843738001,-0.11980772499182664,-0.9444434780492508,0.23639406328496437
-0.14107431816180863,-0.23255778156341894,-0.603635519143067,-0.6635239768818154,0.16019973208457686
-0.11949634994549274,0.026007035018493798,-0.8471873078822454,-0.5012743550001508,0.10440437622589492
-0.13081962462166175,0.006291046287090684,-0.8351708844966027,-0.4590888719256342,0.07929488018473661
-0.17789592201799626,-0.31680550348973746,-0.5601798065972001,-0.46535652378881776,0.051299578053760765
-0.23419783533262173,-0.7217836607957706,-0.21437466253950974,-0.4513302265715415,0.055812476353047626
-0.20098755366612495,-0.33783651387893837,-0.5536399820411632,-0.3110223469038638,0.02413039305475668
-0.23249729137129696,-0.5178915503636781,-0.4054384948590464,-0.25293463885705403,0.004149192276381708
-0.2555806122320548,-0.6215576817856725,-0.3278306657191645,-0.1570117899185379,-0.030095566614583083
-0.2794878630801438,-0.7332121749314267,-0.23258057430864854,-0.1151712964714667,-0.03687451506706587
-0.3116033500128037,-0.9157550132885232,-0.07558489631873541,-0.08898162693997462,-0.022121115875041984
-0.32906189509148365,-0.9784911200348593,-0.023665107098457535,0.0006809421541190116,-0.007375224038121147
-0.33786227350265496,-0.949512269467623,-0.04743277006905576,0.035066469923217936,-0.14282751795370496
-0.3116411288040234,-0.6259001533139334,-0.332082311263444,0.12003849707297723,-0.05965571671402921
-0.35067425764796334,-0.8774533154839719,-0.11730309325118812,0.21045591090896368,-0.0519013625876248
-0.3632497086716123,-0.889074053023274,-0.10685960050080041,0.24715314827282736,-0.030155275274861677
-0.3790504420042913,-0.9335811058077318,-0.0597876192847986,0.21985964982873493,0.00978451069247649
-0.39184678002931944,-0.9532107316385131,-0.041611547089077786,0.2694603285938622,0.014117866301726541
-0.3983002354732454,-0.931260571806265,-0.048604716739233465,0.3904700415066112,0.039132997780616345
-0.3998977597561126,-0.8947265278332225,0.09830898373467656,0.4513369555918262,-0.04012979063520306
-0.3979012154293712,-0.8803174236245611,0.4836861793199335,0.4277605497916987,-0.0017679208385226921
-0.38206435584256127,-0.749548433821616,0.7126780157823949,0.5123649696512719,-0.07654348065117472
-0.325704322492262,-0.2832132956009885,0.5159048045437503,0.8417027552989488,-0.010404221938401039
-0.28674455294060963,0.000785673830582684,0.5109803795506888,0.8837022313105758,0.0952405345738827
-0.26467050367711215,0.12347304277516317,0.54316969436163,0.7443607098002221,0.0864982207528876
-0.22409141464946106,0.37638945705875726,0.5055128171972713,0.7315302740922378,0.019169460280405462
-0.16319765400120814,0.6734997080739142,1.078886448596961,0.9018495288215995,0.11637230114065157
-0.14868319184380466,0.6451915059234979,1.3774761613905064,0.7723644406816326,0.19626908602658766
-0.15943275646220212,0.48091788194817153,1.1781588050415563,0.41787224524944866,0.28814198027410776
-0.16852393523093614,0.291412686545564,1.119245208283084,0.13911344315229496,0.3897370978822596
-0.11751054664633695,0.5897430396122743,0.8593543043837568,0.05462370145731515,0.3208264137073273
-0.0949311925405707,0.5552613359513427,1.36247509597576,0.046151545554833216,0.3912825434695625
-0.05207459439896771,0.7640685693843672,1.2808172352795804,-0.01726688498657641,0.41245188729413707
-0.011584851560852838,0.9368156766476803,1.2998474800785098,-0.015613422485610129,0.529651484416804
-0.06208829264925416,0.5910147023089781,0.23655282643649583,-0.5729706141837961,0.6540021978941034
-0.08359963784463056,0.40530413755672295,-0.3947958675733949,-0.5197347845521889,0.5608874997357501
-0.09899523111666686,0.17622628320823328,-0.41056185085438013,0.16021332524369117,0.43011220810744943
-0.1433949314719813,-0.2876021167986184,-0.18170364336901376,0.2913794817207225,0.4165066276968564
-0.08316364041806679,0.12451581534366381,-0.40078051913048734,0.9529509965786084,0.2852941537334887
-0.13581242271969088,-0.402362760468779,0.08769188968773377,0.5631654319371553,0.27762662317724723
-0.14363621313831387,-0.4873030581842856,-0.006055294873943086,0.3866140801195394,0.10427543954024891
-0.11424822610716164,-0.25874446612823576,-0.366554428384131,0.5717803047870655,0.09379365840776474
-0.1325896567557731,-0.42764087031242165,-0.45047146832571516,0.7241976657059773,0.0021079403459864482
-0.16417176492186958,-0.7106607527603502,-0.3852740256858409,0.8277081202312828,-0.10712610557370121
-0.17461379334726523,-0.8088897495547313,-0.355866136271024,0.8453394872277175,-0.18443820304581346
-0.20238943601927725,-1.0462739610319989,-0.151888023546259,0.7921351498531244,-0.20651886411217124
-0.19418287498818068,-0.9638794376752158,-0.2491393299987819,0.9566984513499485,-0.12890512346672917
-0.2098424325262574,-1.0754490306478173,-0.14549153848078938,0.8826018153487643,-0.11118522023446398
-0.21375543422221793,-1.092838706323795,-0.13456067313049178,0.9393909266192499,-0.020923488339959696
-0.17345656777156607,-0.7108980986375599,-0.4646478431635353,0.9794148937783524,-0.033898625949874646
-0.08019104321123371,0.13556165350208982,-1.227457873678309,1.3082464077445488,-0.02266336074381689
-0.16205255181574316,-0.5535584962777472,-0.6136977338118237,1.1081642025039211,0.05292057036751101
-0.20027391330934535,-0.8712571183977031,-0.339507258884411,1.0932288072358933,0.08504255574969957
-0.13272157432776005,-0.25932746019187836,-0.9120670442035423,1.4656483020643927,0.06602284326549147
-0.145511595203522,-0.3569540898778227,-0.8333487868051425,1.4980139779789714,0.054086000458374243
-0.04393904147683132,0.5428892873847738,-1.6659552272703224,1.962137293784657,0.005112997402531975
-0.13343368692006874,-0.23444907552372232,-0.9667162702594055,1.685133132993821,0.0013113120156267105
-0.1788833880810628,-0.6193471672949282,-0.6156584022642951,1.5241457898849067,-0.18029806167502405
-0.15026758000744295,-0.35651514638245374,-0.8312328112914146,1.4885853502613187,-0.2095406149753625
-0.1287244698257065,-0.17363632271600146,-0.9319990501579913,1.1334664486436323,-0.10236353767989334
-0.15291712404739824,-0.3732009937056824,-0.6880539459512802,0.6230653398987567,-0.05683990573198772
-0.1130067197963972,-0.007655015796326907,-0.9688712500862059,0.4348288495024038,0.054246954245351385
-0.10792527124142079,0.05533038033790681,-1.0008223473646127,0.2900987511925358,0.2176530054462799
-0.13238763380570112,-0.12307804216705981,-0.8452588169258356,0.24905551113260438,0.1487452929995629
-0.11917508635654062,0.02207067761389435,-0.95679960562075,0.21980627438047406,0.049632587003551575
-0.08605770924601898,0.33783250447638663,-1.2445365584607535,0.38958851685026524,0.00583650321275333
-0.10597126481685018,0.18712075010378773,-1.0914652084256995,0.26010305410418055,0.0057748666145532234
-0.09067772690628886,0.3348142694868093,-1.1338898767867864,0.24690558601403068,-0.013402823491545288
-0.10914470212280017,0.1749570277271867,-0.8315320174770133,0.17885438757635833,-0.07000968429284436
-0.057099481631819965,0.6162429988259228,-0.9885541193102145,0.36098185694960644,-0.0757329675701359
-0.0619503019261542,0.5396077464025747,-0.5742768609717469,0.34638991601510577,-0.0682171470117889
0.00952800251057723,1.1134705854071287,-0.6874238844423506,0.630841238023346,-0.08916370104721116
0.02390898205932927,1.1117289124366636,0.06360102220442311,0.7870723449854689,-0.047935902358411275
0.05584602287322464,1.2464313626152548,0.7263136238600655,0.9679435040747603,0.03200433753962641
0.08375700614377632,1.3971801473234113,1.0263623634100887,1.162514266799003,-0.012622981716371481
0.11716414730372557,1.5527105378111843,1.4676040968297435,1.2992682369116808,0.0007234235812651692
0.07813828821216767,1.303450647476873,0.7219592701449359,0.6943966020071028,0.17645920760623876
0.1451321857693025,1.5872670305290053,1.4631391581997926,1.0268660684491135,0.38236956386312987
0.13077564453640803,1.604926453766215,-0.07427497317337878,0.389415297560803,0.5785883285021195
0.1314804027818688,1.365775002712185,0.8439529121915177,0.4725218613343548,0.4575366269275112
0.1692714657059376,1.5478736718779469,0.6550085376475119,0.43323740792632714,0.6330137091564074
0.20912011477125098,1.8474390148736997,0.026860150301005106,0.42469475646925253,0.4767213792818138
0.22909612515365238,1.6418529863889848,1.4113557636075362,0.4643787778303394,0.5063376281814038
0.2585784123314284,1.805820953015271,0.29543724924364695,0.16675955719665725,0.45742496485867895
0.2936741728993201,2.004985677762446,0.8392575667944324,0.43902732280701207,0.5229625081917154
0.19430511378739104,1.3274318312735505,0.5119383357706003,-0.26290773972394427,0.5665079650376933
0.21160492184314858,1.5498302301381295,-0.2198874315139534,-0.39338084357338265,0.5483996290335814
0.17025929709862372,1.1740333242835128,-0.029591599395021147,-0.6371574243837005,0.6771374311097871
0.1039029720374346,0.7075922598858408,-0.36978641023715647,-1.1411582541628564,0.5433827659485935
0.14426215993617794,1.0660415629615836,-0.8753725523756343,-1.094833213352826,0.5132934029145689
0.11571187613182836,0.8753088545722129,-1.2007886764080795,-1.29778069823643,0.5536105237505564
0.08060013621432634,0.5805714932910382,-1.1557732599051094,-1.4908163340003215,0.5525718210559949
0.07401631098495204,0.5109317985373191,-1.1568147082551035,-1.4888736906922864,0.5412582531083341
0.0968674529038175,0.6912210790029542,-1.3351353807677813,-1.3594079634187903,0.5388550766574562
0.0710931442118393,0.4460939640526729,-1.1252288424896455,-1.4109941748884627,0.53305807110052
0.01682343923715895,-0.04996565320865839,-0.7079499432861793,-1.486651237370105,0.48900127446427
0.022265036340221783,-0.017696259349425376,-0.7596159872239278,-1.3713943411165284,0.4461818254944956
-0.04888179667055522,-0.650510582716172,-0.21011955100743618,-1.5177810682948254,0.4369783724394418
-0.07548434048185489,-0.8967890758203173,-0.004430122223232214,-1.5160922060222415,0.4496369283545017
-0.08655023858440895,-1.0124935608341685,0.08275857662192514,-1.423758279415699,0.5637104901877847
-0.08017521759900594,-0.95908352668883,0.02636425108676713,-1.3791346176143129,0.5494412955830174
-0.07823974458005882,-0.9331170745564641,-0.01600637623979608,-1.2345234239185818,0.492402765935306
-0.08770484039001351,-1.0007691239113028,0.03337890748396785,-1.1999707882402821,0.5121630407041624
-0.09230140546066945,-1.020044408531156,0.06107728523342382,-1.2760359102549181,0.5267021825465066
-0.06355653549026401,-0.7287285799837012,-0.1956666153107024,-1.1577554994448187,0.5132248873995007
-0.07997704247351256,-0.8037520497715616,-0.1133679734349549,-1.3096661687602842,0.4166668208973453
-0.06272926796663099,-0.5733277528293947,-0.3241953060125211,-1.1766064685936715,0.3844461320343988
-0.12183755705386319,-0.9875499402655509,0.0690052157936748,-1.4254110581263313,0.40710748397023616
-0.14897383855575272,-1.1126968267186506,0.17533032835433932,-1.3668323146197916,0.5442675874168054
-0.14474566300232308,-0.9270432100167239,0.006341186032692883,-1.2466190726778517,0.3945886896790866
-0.16422060741472957,-0.9483722132191698,0.017557147856372555,-1.1447102785853591,0.34317543296764536
-0.18507744918036037,-0.9834060715323099,0.06548693562370335,-1.1980602691413849,0.3458836562541591
-0.20029319694930064,-0.974413053632732,0.057749834792376456,-1.109994499487114,0.46735898109133783
-0.221976081571393,-1.0151398124251543,0.10409496585590952,-1.1183599631524408,0.46601985139387575
-0.2347264099643895,-0.9873455173152568,0.11700002254592227,-1.0859605406874302,0.46145855709991135
-0.24408405517576753,-0.9492516438841325,0.3120158154080021,-1.1687667021616328,0.26985680329235884
-0.22281581776965334,-0.7288796712043449,0.712401810751914,-0.9866174603603828,0.17998848882280216
-0.20692752053849187,-0.549599780278844,1.0338265296706126,-0.8627943810445388,0.1322790573140913
-0.1914798934368591,-0.43508477243782295,1.5717533827441164,-0.6542907058320463,0.187085256006762
-0.173053791424412,-0.2767229579398111,1.8668269377123659,-0.6273140224188163,0.2345207516010916
-0.06830288948017475,0.6136714443793527,1.5297039820548777,-0.6090719539607714,0.3449784879090208
0.01422577701117068,1.2710208388129014,1.3422206044078548,-0.4331241600592986,0.3935374748832592
0.0463342975831062,1.4458525523355705,1.5525623957959958,-0.32774532496656916,0.4484624900913902
0.10061803321498829,1.7957019849845548,1.5399154524444616,-0.11508103444391159,0.4553608470280019
0.09083387520579862,1.5739357522446003,1.9714693123288018,-0.15650473635617523,0.47453706526036527
0.11516620670778323,1.6324105727957896,2.0981042425808734,-0.17286586895331357,0.553853645689608
0.07349820237552368,1.1944343206014738,2.146896411807538,-0.4801664732651043,0.6198444594504884
0.07138120281258391,0.9953681341514125,2.5561916346705456,-0.49482148349959343,0.5445218361793882
0.1514543321882102,1.5301584322784283,2.2087391542191646,-0.1910364682412804,0.5967395413592227
0.1197551960059751,1.1598305140897998,2.306748915638275,-0.5174267174974184,0.6278736588220003
0.12073280978710325,1.0924496387046796,2.095320575431511,-0.6859235372327405,0.6332704646403816
0.17789682933564563,1.4704354519813554,1.7942859038055143,-0.5518932979273213,0.6966997214818795
0.18796110029109347,1.5871529868163023,0.9418283980124179,-0.7637295101520453,0.7315021268687109
0.08860329287716993,0.7447831654446729,1.0356584575791252,-1.3354398614324214,0.7445736265805256
0.0973054962497595,0.8626403121146348,0.2761604407001741,-1.4972994843490712,0.692501136217362
0.11647731662165882,0.9279881420917981,0.3860346168990556,-1.4466026208378466,0.6445787670004898
0.09636205387777917,0.7777793797896052,0.06464474483909921,-1.6543642978770392,0.5439197883013293
0.05738809564530541,0.4772444482643901,-0.19735579242980633,-1.9048139324305944,0.5498250408114699
0.021877204310785752,0.22345965570260687,-0.5627538436210523,-2.15144099536728,0.60761075130008
-0.008498807868384048,-0.05279576417630444,-0.5047329244725073,-2.2273899647952775,0.6401203987312344
-0.05531961116324059,-0.48641803125695543,-0.19818280271556743,-2.2906309995989194,0.6186532243495133
-0.03812732927720965,-0.36124855760247143,-0.32784663959095645,-2.1828915247586087,0.607280033136093
-0.05757467778547756,-0.5537348529034685,-0.16723357499279862,-2.218259508135125,0.6028093911069922
-0.08967832252410493,-0.84757198199844,0.06288636348735208,-2.1306278692498366,0.5772945709573943
-0.08293974161792111,-0.8053180696847245,0.004620358452695306,-1.9883472521473102,0.6820258049131427
-0.0879197718855818,-0.8365337805107173,0.02045177846689858,-1.9342574889941153,0.6583718444073818
-0.10470448442071922,-0.9534171025822619,0.0989113370567191,-1.8075405617940097,0.6068592042565285
-0.11630135496163865,-0.9966213918707909,0.1366206813834847,-1.840535706552521,0.48338704161588925
-0.12863834333615673,-1.0450023544500289,0.19086792870057898,-1.890805746495096,0.5099909058971885
-0.13908626490954762,-1.069125461468598,0.19236052169220552,-1.7438719750208063,0.5910470410724012
-0.12627623032775082,-0.8701826086283726,0.005038377994099604,-1.616202267015314,0.5376260335940339
-0.14515827970184553,-0.9485184034382697,0.08052486119903536,-1.6176179746706616,0.5449488012958461
-0.15853293242868335,-0.9637403291069874,0.08608552859655107,-1.5409021724090404,0.5113851310557356
-0.17666907160063744,-1.0254878164591057,0.1390982044795662,-1.502748242265121,0.5059721606572757
-0.16791947014299455,-0.8414345606294058,-0.02904568645716859,-1.3519074625404144,0.4962271291868042
-0.19691296628337737,-0.9790806278650145,0.09347914254011995,-1.366627058569019,0.3487565741568736
-0.2297066037227191,-1.168085900267644,0.2508988904603565,-1.288430279021723,0.48489708261346004
-0.2048905509520569,-0.8439837207841535,-0.024020285851875996,-1.206643274155866,0.4901357856730262
-0.237870200982999,-1.013897088866422,0.1205278307123004,-1.2190859851902636,0.3341365305586736
-0.25589474302648,-1.075257548707927,0.17204117515651407,-1.1197099521710046,0.4415714521572113
-0.2582536274877323,-0.9855640910203599,0.0932096597679641,-1.0794139917781445,0.4196535401049517
-0.26166199308045696,-0.9066152285991467,0.018850809898977777,-0.9780806195240419,0.38744390905426385
-0.2938190932190122,-1.0787434318384188,0.21285992264818387,-1.008206228887124,0.2516327396922771
-0.3059036065325494,-1.124186618762635,0.5421180394318108,-1.1838733888884938,0.20622600699350116
-0.29277372356668896,-1.0174698346408682,1.0483752966644657,-1.1944628056278843,0.10988971337584802
-0.26815723581765716,-0.8120821248199372,1.3397049949351723,-1.2561666005342889,0.19736731279055655
-0.2235943900089913,-0.45807510390472056,1.578302072188425,-0.7077872773208157,0.16805097114786233
-0.19179314767325956,-0.22125973508300495,1.8081368583765978,-0.5541296995702114,0.23435334285096818
-0.15221589162899743,0.05522898584443001,2.004099505965761,-0.5862242108783874,0.3043301991774302
-0.09901518534776757,0.4178965794267313,2.0820763116473864,-0.5663834463112862,0.354021504486579
-0.03639321434354688,0.822718152744287,2.0804970841426695,-0.5058654944380586,0.4006686822427112
-0.04154038421057602,0.6230427155275068,2.5486964340948517,-0.67208676219013,0.4273825404125882
0.03773719950905588,1.1558076139011573,2.320534541700517,-0.6059105102766495,0.3847202438969051
0.10629318595163954,1.5852292074081908,2.0633550918566317,-0.43994356690071457,0.41743216388467447
0.05533613637965971,0.9630962547258279,2.707358938504967,-0.6833597693985943,0.44634460697123834
0.08286178882158714,1.0490324381139904,2.555671966944593,-0.7318326790195117,0.4504023354949907
0.1059193664133237,1.0799518819672673,2.5602473085118813,-0.7370894476960116,0.4674092005917493
0.13486464797389372,1.2029569295395217,2.3241299949765697,-0.7343003346253248,0.45531829021078135
0.13481166878838177,1.1009055802858396,2.2174158537446234,-0.8613178502874917,0.4671123554532642
0.1374398611220822,1.0509618193467392,1.9910381068579113,-0.9794966093217848,0.4439050816040938
0.09179006035635275,0.6078050869163907,2.0301140302690706,-1.3048411422485695,0.4697050641658803
0.10389262669325383,0.6897583018252326,1.5730543004772084,-1.3831969857245272,0.4631482653421909
0.07559026655170943,0.4470370207342242,1.2895133803513519,-1.6292193991056398,0.4618327322733486
0.05756707345513556,0.29426739951802583,0.9974424688747573,-1.8194822818226024,0.4682808048235834
0.05254227387672706,0.2973967689825456,0.36536200018528936,-2.0023450477930624,0.4522598102473525
0.05717351394767122,0.35837950341849817,-0.10869222300244806,-2.0841975227386613,0.4491443297410102
0.009297480801696024,-0.020799378262734803,-0.289136698755295,-2.384572657748126,0.5208643721080759
0.014977791596627956,0.025002900712386075,-0.5528088432968672,-2.333647031768498,0.5314895844638418
0.019797929708178216,0.043839568892268754,-0.668584031875626,-2.2302628019289727,0.49867732990322655
-0.00029051181220117353,-0.1614290156179235,-0.5102702903706282,-2.220081737929798,0.4875915288878869
-0.011899275710264678,-0.29444676690077753,-0.4161023707412292,-2.162500934462111,0.4621954200755089
-0.06017976526587448,-0.743035082286049,-0.055305162294676885,-2.049914324247683,0.4814965807133982
-0.08136466982698742,-0.94181883396652,0.09433797970658366,-1.9619483743718162,0.42121695384174285
-0.06197971393700758,-0.798340050054924,-0.04985369779498609,-1.8135246170363,0.5645777994165532
-0.0762190987302929,-0.9212233620900497,0.042791651249901065,-1.7843794369449693,0.39403496385188586
-0.07950014472249337,-0.9545786914850394,0.06490613045267943,-1.7492929878480807,0.3931097179978644
-0.0758116114276936,-0.9233043296336259,0.020241938623107247,-1.6201394414464874,0.5005969756506914
-0.09047955222382344,-1.0338801335513816,0.10741338948315206,-1.5666239492466971,0.5062693340807346
-0.11433987087211198,-1.20623923062324,0.2399873604966439,-1.5061536714058474,0.4774497134095785
-0.08373901951853073,-0.8974443828896234,-0.03145395715101315,-1.3909936257356275,0.4727545880803277
-0.11895605286950886,-1.135078111879965,0.1742351683150989,-1.4215784010881543,0.32269663770758344
-0.11693106884011677,-1.0640733734928938,0.09883934208369795,-1.298826659920926,0.42680984366701497
-0.13887953844812384,-1.1840654870569547,0.20647029942247633,-1.2835501326448244,0.4185722524521209
-0.1365443176044996,-1.0855288855554772,0.0929889247281696,-1.0573311253557112,0.3497088813615831
-0.14686345992915317,-1.084932626597739,0.08542916320058547,-0.984123840483687,0.18341637937405528
-0.15491208408222187,-1.0846900165217273,0.07737497056000163,-0.8709858294543038,0.2935192652610201
-0.16724489599176928,-1.0964108085677122,0.09643778692949916,-0.9296571758978522,0.1944006946242144
-0.18190071906834274,-1.1372750085860366,0.1517021987589788,-1.023783241494063,0.208700950948579
-0.17570857024548658,-1.0071092579884147,0.01715082555099356,-0.7861426009792194,0.3051396734554225
-0.19384631253314324,-1.0757364290734357,0.0807972945614512,-0.7924984710363278,0.2925672296103214
-0.19947533387773317,-1.043293118775472,0.08063293304699373,-0.7051503542112235,0.2544842265106116
-0.20774092952368578,-1.0617310770088437,0.36098545952672273,-0.7650914956966726,0.08454182169582114
-0.1901167678435953,-0.9532098610472153,0.9671769591151134,-0.8376893452815144,0.12800051874427207
-0.17027904474447747,-0.7966924538489343,1.3565308590863225,-0.8625315580785291,0.06422955129188056
-0.13843460655134404,-0.5608925550923258,1.7214416617909982,-0.7920620075308958,0.03481043926865028
-0.09885839726505158,-0.26146287601306667,1.8490564200336024,-0.5197262310067162,0.14727590434608176
-0.06490441249797277,-0.03331816828527809,2.06789643189202,-0.5593809285670285,0.20145774675041264
-0.03888307784260403,0.10299998384908551,2.322930906503231,-0.6073461848226326,0.2527180061392122
0.00865631075728275,0.3940041345266218,2.427565327170397,-0.5681656184912026,0.26296656328260876
0.08547690696468505,0.9342325994791514,2.2637740146680647,-0.54374601130354,0.30651967045897416
0.12857562328663255,1.178062346778415,2.2802546844917115,-0.4854541542518261,0.31015248178358223
0.14223970885615875,1.165431991144581,2.4248775760532526,-0.478974521132918,0.33331475288479745
0.1932932384728389,1.4769328125193337,2.2487560857264866,-0.3996594174769826,0.3397572416421269
0.17851561079612602,1.2475470531168897,2.3550739178546665,-0.6023278686471454,0.3026006431669224
0.24199616466192778,1.6770903957766916,2.0308699032610984,-0.40374873656454907,0.31017778825722475
0.23179471043871766,1.515521888232613,2.002762109555039,-0.5455177350440304,0.27359809135779606
0.25023349511042076,1.635015410326403,1.5967873999314677,-0.5614787567318177,0.24826850105005893
0.3010016835059198,2.0221032487290143,0.9524110433362687,-0.5236495736924419,-0.3799968769470717
0.27526095691060176,1.760224334354803,0.8858897351301577,-0.6925165311716889,-0.7480244541971506
0.22349630446459892,1.3294710680772877,0.79899276086524,-0.9824187336199404,-0.8042377420891812
0.1774127191657665,0.9583470499973992,0.6520092601730539,-1.2819431102857077,-0.7920895126204825
0.13791952407365396,0.747902962077,-0.2044284643739481,-1.6363728095523413,-0.5948735570268964
0.20917481454924935,1.3728668083875442,-1.0088956085363412,-1.3543561630757712,-0.5607068234111747
0.2173393372927945,1.39022188604506,-0.9262798952236069,-1.23192752770458,-0.6336770442559942
0.12789994643675026,0.700290557608681,-1.0313076820253224,-1.6427287247881814,-0.565543804300059
0.09913976485990116,0.45351145963456624,-1.0158989089302017,-1.6981430500005117,-0.45023799655594243
0.08215860232191505,0.2977957092955306,-0.9603669822330948,-1.716149492893492,-0.4572445999146809
0.04477459621623463,-0.04602086294003932,-0.6829239922328036,-1.7571044760809722,-0.5319995655060632
0.028874985184173897,-0.2038873158525118,-0.580573151833491,-1.6194675879756197,-0.6185180215487652
0.014836833812146158,-0.3457477343699788,-0.4689370118928723,-1.5774842703558087,-0.6320736200354345
-0.022235840247023755,-0.6861908259398087,-0.16307063063309224,-1.714883818463436,-0.5771582376343736
0.001194613573122018,-0.49291292230180206,-0.31518771250479544,-1.8499717024716131,-0.5437222450300337
0.0409859480050661,-0.15781101824149243,-0.5927581177138597,-1.9227197044611806,-0.513412737098647
0.14643291968575162,0.75500657977069,-1.3846901106546698,-1.7612701904362031,-0.4665040250144909
0.23934979500727727,1.5511284682600837,-2.025220786101057,-1.7667167989019024,-0.3024397803615543
0.23868771300896355,1.5365856924491215,-2.0382563264331512,-1.5631576757085701,-0.2896406261232474
0.25073990706835114,1.6365688150333748,-2.1578997017551256,-1.348999924949019,-0.28926155634765777
0.17774320167815988,0.9899219452592041,-1.5908094484252377,-1.4996151069398564,-0.27869293966307074
0.11264384061220718,0.4224215194027665,-1.1015109324146348,-1.5834313771263628,-0.2544909908592968
0.1666148907682176,0.8975230174430165,-1.5445978400363842,-1.3232004126590684,-0.24888291828261563
0.1319142822236878,0.5995550116878976,-1.2641862906270396,-1.516807740603371,-0.2041530470906118
0.14153798576707538,0.697071583344077,-1.366763274087193,-1.372339138220905,-0.17834304136140355
0.13393783129130163,0.6467129105827445,-1.3387071141444553,-1.2747945050178313,-0.18613097199622958
0.11015109190141069,0.4631137865219035,-1.1900262817647775,-1.237947314037341,-0.18262760954199464
0.09088728595771872,0.3188356210576515,-1.0790651678274181,-1.1757996744804775,-0.20738486351223245
0.13006402239129006,0.692877276346071,-1.4323394558189648,-0.9292916865755596,-0.2398030247743006
0.12639000008207107,0.6980233158268998,-1.4531299524892636,-0.8478547922177335,-0.2643264771165694
0.09469055310457795,0.4629915062533367,-1.2610213932253171,-0.8135787300035039,-0.30699365867678524
0.05886690818954216,0.18543494049415254,-0.9769040900380828,-0.8447368201564525,-0.3095003266899863
-0.022011728431280818,-0.5138559130657951,-0.09556788438701208,-1.0550328501209554,-0.35642715041113077
-5.044037150904582e-05,-0.3451064826011479,0.16407832360678834,-0.8995218677964528,-0.3866229814376294
0.08479953337934786,0.37218339928462846,-0.06309515416370473,-0.6278921097766603,-0.39654347870321793
0.1569474518784105,0.9206616781014941,0.11452976495986919,-0.22134449359612,-0.3435324772535956
0.17393954097971118,1.0044364518990578,0.5679929792909902,-0.10747742685614647,-0.3206219863910049
0.18452372675822887,1.042113739083667,0.9439472895618798,-0.18828880320909616,-0.2835110963430612
0.2485339003187108,1.5190081885835525,1.0199377428429557,-0.1392958659094482,-0.21248704739395488
0.23997448324492826,1.368671186893721,1.5472131572667247,-0.32450218431255046,-0.15112493681290004
0.28955713120071686,1.724886275938019,1.5368153265495463,-0.20595870796855859,-0.1165528977802293
0.29655261784802833,1.711958929337946,1.7832909243273005,-0.2128815598372556,-0.0956149959667668
0.30231770995865836,1.6957246639555046,1.9535536029081626,-0.1832206567153871,-0.10562967668460013
0.28065221155358505,1.4552161787021771,2.185916340626599,-0.332759223152007,-0.10523058083191923
0.2808678462846446,1.4021814455571997,2.274742462545785,-0.3888524199337035,-0.13963653531122694
0.349545756774693,1.9674203882523613,1.6987904830682141,-0.21292280659195226,-0.20182455142196692
0.2706409099189967,1.2397935991762616,2.301263722638622,-0.5728211972187046,-0.26527521567637286
0.24753138295275173,1.0373854686850548,2.2437884764538882,-0.7680944158792916,-0.33862908097648897
0.25523686394388445,1.1107823121823488,1.9212867799474027,-0.8726907823702768,-0.438307634503674
0.2505985571022671,1.0965011294409637,1.6035709510339793,-1.002359240970205,-0.45709994976032237
0.22177968659754957,0.8816058691252356,1.4304712384405038,-1.228036521677591,-0.48909551575339416
0.20390333596593838,0.772061509285961,1.1068681434886827,-1.41264605327483,-0.49195902721855644
0.21033713584941757,0.8850100289734752,0.5499911746826204,-1.4994507513427553,-0.4681893628673086
0.16898877723517355,0.6018249900955339,0.2584982615921021,-1.7804989805370806,-0.49597494972746275
0.1552685927170058,0.56571891961844,-0.2698751066729921,-1.9358702359827131,-0.4825807382947439
0.07590960628055811,-0.044877714088403964,-0.28375441245372673,-2.3170889830531056,-0.40150865194677426
0.007127663984431808,-0.6170542182936831,-0.02981194271814784,-2.512784900744946,-0.36582369928551534
-0.009998140057963434,-0.7657776519965721,0.028967807320292367,-2.5394645965977607,-0.3247372464327933
-0.02821533260876402,-0.9394820468435839,0.15079468261240717,-2.432153712285479,-0.23430985408082858
-0.010820755117397298,-0.7916499767977154,-0.02371963794951172,-2.1791078435299007,-0.3162621013453437
-0.020561589351919554,-0.8799015051168491,0.034331242561080035,-2.112678834390832,-0.41917678125794466
-0.010728065962371577,-0.8097337407918341,-0.029329013577341256,-2.0791795636341237,-0.27667178687664673
7.657766210108409e-05,-0.7262337761650974,-0.12097322355848361,-1.9780313710854476,-0.30361521762593574
-0.01730102861687465,-0.8832174545823223,0.015639439146128743,-2.025321427624382,-0.30988520918912227
-0.011689703771910582,-0.8482963111106379,-0.019503003602861942,-1.9765979429916576,-0.31152770704755695
-0.01834754956302675,-0.9085732876754414,0.009555710338325401,-1.8545467365407973,-0.3439555002534702
-0.01713867773567843,-0.9016745737694173,0.0007813375373363064,-1.8447450781886503,-0.3814619699664805
-0.009626931083644256,-0.8311653180956023,-0.07047638232622991,-1.7607461005240663,-0.5125625399273466
-0.018868183310924422,-0.9262864227375406,-0.0037520663726329897,-1.705479930217049,-0.39330198307701847
-0.023013392298314405,-0.9634627394571162,0.0045153899409301895,-1.5734441910790737,-0.4707229187809329
-0.02729292651702292,-1.0003602575395776,0.022713253872343946,-1.4576984618230433,-0.4146067553319093
-0.020579197199482945,-0.9453774477259523,-0.032209808536136246,-1.4100001671560993,-0.4084865111808707
-0.01764968158258024,-0.9149532813900231,-0.07288387580863451,-1.3189286008484449,-0.3802909410058499
-0.021468396929305175,-0.9420359819914709,-0.0640416890193829,-1.2194714859252238,-0.37461365358250337
-0.023722471603602097,-0.9402433115632788,-0.06548406612152669,-1.219489669239156,-0.40594623847823785
-0.027054035581693586,-0.9544517941121815,-0.05694819862479826,-1.1901848429038133,-0.4011844619024271
-0.02570402865593768,-0.9130672307418771,-0.09364780568802704,-1.1636198765571049,-0.4331342172861812
-0.012393423630842004,-0.7692395060773399,-0.21674761376042967,-1.1349861539494477,-0.39389101185602216
-0.013724819911499939,-0.7446496738103071,-0.22117257679240712,-1.2400809654403524,-0.4056499124618075
-0.04069696758184009,-0.9522895796742528,0.025355190714775537,-1.3471416297280179,-0.4343934283474706
-0.0270421597935782,-0.8140476668386423,0.04931581098580381,-1.2775624650578161,-0.5061841135305459
0.014737635652810055,-0.48347860937713866,0.22678335220885965,-1.001224034656777,-0.6236904016242285
0.0653794272277669,-0.10176848988878617,0.48846669672113224,-0.7901965730867396,-0.6322182105897203
0.11671673935811504,0.34951119578215384,0.275935390722394,-0.6463884610925472,-0.5248826110062791
0.13457140421058184,0.39757866939288866,0.98064657250529,-0.5239807348728536,-0.5356306175115626
0.209586604010054,0.9572829089326901,1.1281482444562585,-0.4379428911554104,-0.5009029107300659
0.20899672692638838,0.8979658049534228,1.5241594116863475,-0.4805019292817631,-0.44592692154089225
0.23965190816467916,1.1140354748414576,1.5705942880550263,-0.3569626588125523,-0.42229646400208354
0.2452196735274171,1.1825911557699407,1.2998236771943499,-0.4432096422426947,-0.39764375572866006
0.2415374976105525,1.1118089128445208,1.4672147615841924,-0.5120937306181925,-0.41119674399820944
0.29110899068043367,1.4103986311287293,1.8089292920571274,-0.3170786722737056,-0.4062774001016468
0.2773747623397256,1.1968547821383135,2.350962390126787,-0.401677471058241,-0.4064388246407556
0.30812571338099765,1.45890897037548,1.9646659014096841,-0.3926866056461075,-0.4542571664367842
0.30081099639698095,1.4103900030148004,1.720446795318502,-0.5546197568772123,-0.4227841283204603
0.3468077326695358,1.8419472847505092,0.9742174937422498,-0.5012115316122354,-0.41712653700115754
0.3306933211809494,1.6477532390874183,1.291332114864281,-0.5803725114884951,-0.4315552785898343
0.3278748327267079,1.661140263102726,0.923278577868679,-0.75221992414251,-0.47901420262955374
0.28371626661620003,1.3299452299550019,0.7836131777096782,-1.0371185180758193,-0.4926527119452125
0.3054015711348374,1.5392893844221578,0.36341735152575855,-0.9658463097745518,-0.5013638506492853
0.3352251079847704,1.8545366833820949,-0.36312211400857924,-0.9159615869654509,-0.45298258565455285
0.25724646117218986,1.2804989842819121,-0.5652220925292762,-1.3206523786860103,-0.4422886157177132
0.2858224860415195,1.5106644045780089,-0.7671192695558906,-1.1435793762848243,-0.5451251512215495
0.22814882456293414,1.096118387849637,-0.9720163534527251,-1.4481252446186321,-0.49599429882879764
0.1534653415965603,0.4889471819949852,-0.786128499282331,-1.7093978824043015,-0.45661300233671553
0.13801141785156165,0.3838307920982538,-0.9400691987762646,-1.7187248778061726,-0.4489489081290126
0.04494255276294212,-0.4182275544101699,-0.34077479180607745,-1.9574632460055617,-0.4526062930075414
-0.005211565789255425,-0.8628310917994514,0.015904946363221234,-2.0110546318467297,-0.4430390108153942
0.0063927130948790885,-0.7627478048402151,-0.10193166328517117,-1.858716162514619,-0.4984639744323582
-0.0033930442951877657,-0.8578434019431526,-0.04142747368817527,-1.7662456973627119,-0.47706149429165945
-0.0015472375897045982,-0.8455259243888259,-0.06699803343865346,-1.678271062404316,-0.4838121428859707
0.004818540696467189,-0.8002234460043043,-0.12574114921062607,-1.5538095167845642,-0.4682034866532703
-0.008951025917569175,-0.920818812152451,-0.03661985821525946,-1.5205577773051668,-0.5197014842655568
-0.013621262362712489,-0.9657700845096219,-0.007435448459857846,-1.4856902019347462,-0.5008625046142956
0.0013179791792229598,-0.8402255560722498,-0.12387718502157699,-1.4320223114808968,-0.5120413574598582
-0.015701619213369385,-0.9980635295601576,0.0032424162062489204,-1.3817823476365463,-0.4901313446260166
0.0023384246289434242,-0.8363578360039026,-0.1540481094553563,-1.2722532897436811,-0.5537554111568543
-0.008354192145373663,-0.9370519294428732,-0.05999065519188637,-1.3233404667259991,-0.5404571587469827
-0.0030394553406984234,-0.8988260690511838,-0.09760390185062276,-1.323193138498094,-0.44095553634399587
0.019322523869722143,-0.7118378830321195,-0.2622858612311858,-1.2739131048284456,-0.43374798484022203
-0.0019719120535378145,-0.9021483632907108,-0.07071776779752151,-1.4790941967212212,-0.4171585302505321
-0.0070377255058483405,-0.9485117011736656,-0.024840120240045022,-1.5376269973633825,-0.45578173487348894
0.0017271983120610995,-0.8749507818332554,-0.08695034146008453,-1.5587091459398963,-0.4970366333432262
0.03004579895899975,-0.6263504555718821,-0.31133595866747416,-1.472894733130997,-0.5366371999359966
0.0575286592489907,-0.3854091317143854,-0.5429706312180718,-1.270259664665473,-0.5735041665034668
0.060592426066564,-0.3593435678338043,-0.5823105685310535,-1.1492547033971008,-0.5716638081293548
-0.001314338588253673,-0.8946363082915086,-0.11780473237764702,-1.2133925314211378,-0.6068242737690758
-0.01627152194781709,-1.0285824453125776,-0.00033732733272550666,-1.2348507589049873,-0.4745230847628127
0.010384316564128507,-0.7983334075094533,-0.16762799853087942,-1.0685526983268685,-0.4871455823862339
0.026113930925559248,-0.7207864956460611,0.16074593294689618,-1.021435461678981,-0.5470107128044981
0.03369439679767231,-0.7289935175518344,0.7343219860161245,-1.116525754529583,-0.7152761684706312
0.09256643607098476,-0.2587870807635259,0.6483742506228791,-0.9056061429051462,-0.6928147843228072
0.1792488120560905,0.4074746304310823,0.565466893327611,-0.47678836583877904,-0.49320208438010066
0.16663545901914995,0.3024446091378053,0.6474455691758988,-0.6003940366233826,-0.21058820359058608
0.2167505716332944,0.7040737763227176,0.5892604381604439,-0.4250859857060413,-0.40086059843426375
0.2674411671938331,0.9866377582011598,1.200201656694326,-0.09297888139284993,-0.31281533103447723
0.2989925232411039,1.2907824922308746,0.8438450595985967,0.05319391922951871,-0.4152516885937532
0.3196631251493711,1.332753111626916,1.5967222203335276,0.3114627339256839,-0.5342205710436444
0.30370181947896985,1.1212539700211932,2.0977577700644177,0.3717167963583125,-0.38650844333015594
0.3088014427521739,1.2064262580346785,1.8258778722756566,0.20903360356048958,-0.5169026718266265
0.313387567941872,1.16373730976737,2.268324633841561,0.2524163704492175,-0.5017871348265334
0.24834616155299727,0.6053697915323479,2.6713787082359537,-0.11506474966816875,-0.5194852669761413
0.28147288101834056,0.8981513684567878,2.2754288585324445,-0.047501700440911274,-0.3764863394263114
0.27642052154223345,0.8424417001915253,2.315349996358266,-0.08946987722994008,-0.37226391037843687
0.2803538561295311,1.0588675107823025,1.0968679293887438,-0.36140122247257445,-0.4965594833795088
0.25894346088725434,0.8021688635937056,1.5882330468806765,-0.3786768515572965,-0.33510992441061843
0.33689075380736805,1.5688023882307192,0.4508823837921658,-0.19318445163034584,-0.5571420241329481
0.38621156157187675,2.0328671439891908,-0.20170104666990457,0.09612821853218065,-0.5521341766560626
0.4482305080150384,2.5972949505328433,-0.8786069142913151,0.5321916382739249,-0.5995682010652362
0.4510047790940856,2.6994860599524078,-1.4391937569682884,0.7172721762372704,-0.6373065156813962
0.3545585153817899,1.9382155685653804,-1.2772510557354362,0.4320766217571454,-0.44277559587732673
0.27050536524337776,1.366726061561516,-1.7180412889718997,0.01773898206935637,-0.30155685120974707
0.2599704073200009,1.3168091274542824,-1.9247199255358485,-0.029591178834106804,-0.30373128512505704
0.2992782266222316,1.6810477538245463,-2.3534665538408914,0.03889683913752762,-0.30373376888480236
0.24858731421308117,1.2490005352266171,-2.023905713559253,-0.31586206000046174,-0.16533451362059304
0.23600434185006697,1.1302698256620438,-1.9196244447730277,-0.36842441688511635,-0.0763328437913861
0.13438983500512122,0.2343514099124897,-1.1241077312072383,-0.6342368130891121,-0.038598040941270687
0.13883402584066099,0.2723176910515844,-1.1618557929342685,-0.5889632525622492,-0.15131433221356436
0.1410187191311845,0.29337145598831893,-1.1895488955925628,-0.5637587219253852,-0.12864768277092725
0.11774647482925799,0.07870742379373218,-0.9969448997499484,-0.6136064989192628,-0.05716390110085961
0.17616148903913337,0.5993169631088353,-1.4800235375048956,-0.3146658012629112,-0.25997115978056756
0.18492738794370867,0.6750184722164149,-1.6321256400961905,0.2785000927207955,-0.3787756352828426
0.20279693098381132,0.8309114386794397,-1.8291393134550893,0.7001889931989107,-0.5067857773617381
0.1840446859714636,0.6631415432204119,-1.7315168785798927,0.9658476547161748,-0.5718324003731827
0.19512172178690057,0.7611646999461886,-1.8364206046853757,1.0986044938488693,-0.6079001894732152
0.13325046575100302,0.21600666682064487,-1.3496916834887371,0.9073705800398093,-0.5837874868568071
0.1328453676062,0.20818445865006963,-1.3390005335272233,0.8835905109018588,-0.5790540023853643
0.11124643886511203,0.019600068139474854,-1.1661269307791495,0.7972845502921698,-0.6543596258457905
0.09788331829104487,-0.09511290984482428,-1.0541814863877506,0.7077883466281766,-0.7301169585096473
0.1174901550988288,0.07220115860647637,-1.2038025222941706,0.7479285734711505,-0.6911803019377779
0.08919141655608512,-0.17957661910488895,-0.9839507535301822,0.6721885795937651,-0.483928229020684
0.09760601780519025,-0.12250660553577412,-1.0306642606170708,0.6690856377433458,-0.24960424836011155
0.12201445996876092,0.08779042533701331,-1.2097001593028398,0.6743306367690984,-0.22560212410959624
0.1196867359734391,0.06724485934930828,-1.18158045745575,0.6007543064279636,-0.18720079388437277
0.09793882213719506,-0.12509152735456763,-1.0029196302852226,0.4892694111178518,-0.15478120328003164
0.11305021212241005,0.005616341509485928,-1.1115407322738076,0.4897457614759279,-0.13652506006755977
0.1075253639573288,-0.05103144141255942,-1.0257409716777577,0.5500548561059139,-0.18842394639373775
0.14106975645282785,0.22720935292154842,-1.1914624843971817,0.5541410911026443,-0.1181189970338031
0.2003644149338053,0.7323636366322158,-1.558898579453158,0.7721045263779813,-0.16222993932983912
0.19464710458980344,0.6444856954503396,-1.3217323858049268,0.9720319000920056,-0.18740722343183605
0.2091402059838214,0.7323810309139781,-1.189286800062025,1.068634555540738,-0.20833117080473176
0.28262395958757547,1.276419566186575,-1.1408233642813117,1.4905576837415118,-0.2296961465183239
0.31157414213231877,1.4309139940046842,-0.6948090002719113,1.5497932917215325,-0.19358235913170033
0.23934721127754965,0.9397964369348374,-1.0533234471652178,1.017452720653494,-0.11921815059479497
0.24134483975457313,0.863200579282321,-0.5082339159869346,1.3969531519380092,-0.20376145854425695
0.26760742247856256,1.074238295819487,-0.6010548426053144,1.4287966990710639,-0.19054818473618582
0.27355263816244885,1.0299162779910673,-0.009911666709498118,1.4322297664064152,-0.19455098527242476
0.2573376871846691,0.9113221840981677,-0.041698294192965175,1.2907528580321936,-0.19587855038060395
0.2405992398221844,0.8172052554579468,-0.259012735527958,1.1010642018445158,-0.1449135425140593
0.25272084689899094,1.0970236648293663,-1.4934651051506205,0.9974798803055334,-0.14653954924828733
0.2544615017267506,1.029614256019199,-0.9721472252440809,1.0478286683259999,-0.14846165215155938
0.2867472314649071,1.2564648683244393,-0.8601435047221296,1.2062246939111367,-0.1759174554423548
0.2867696735808292,1.3119021536515416,-1.2392316932381215,1.0277795073117655,-0.13080303001128948
0.24429607335318107,0.9404347380203021,-0.8914362200897238,0.7856960833158174,-0.09596618723071249
0.2756148642719958,1.2247492741492894,-1.2132248567297534,0.870994024608374,-0.09092733628733249
0.27133988872620013,1.1763488987911483,-1.1249852948170234,0.8716679313497299,-0.09703468188419605
0.2622955113573484,1.159031993500268,-1.4444950319267185,0.8000866565629072,-0.12743625940048134
0.20688643368121531,0.7556126833186064,-1.557246119570613,0.6299693175290026,-0.13708700515447206
0.2214695998655056,0.8976091281948971,-1.908421190402498,1.4983225352490515,-0.35166348819401083
0.17305138243566065,0.47166675785123857,-1.5069332479343422,1.3297260596660727,-0.3869509585301387
0.17985992814441978,0.5439004058924892,-1.6157752712617375,1.2156217020482722,-0.34977814091720544
0.18535637650344605,0.5952146099187207,-1.7160978550292525,1.32361054659948,-0.3350268321040809
0.19463793509551525,0.6800102568309596,-1.8259820695840676,1.4028825278324986,-0.34719998740369445
0.18301001269203926,0.5801380303527252,-1.7355983409141629,1.332446614510791,-0.3494410473390927
0.11283298490033242,-0.03724201121504255,-1.1851452816249977,1.1429915041752263,-0.32904204634928297
0.07972260581933999,-0.330712046207455,-0.9465766658655734,1.193978140368697,-0.3738167211182852
0.07022980473840251,-0.413418297641264,-0.8907790790208637,1.271177564122172,-0.41292777009249554
0.0911329520707756,-0.23282227154701707,-1.0548326233273038,1.3439931006510297,-0.4211244484186797
0.10386682993599683,-0.11832970151884961,-1.1524199227494136,1.3507630291387054,-0.41181271707100314
0.0942861041665342,-0.20162238508800354,-1.0761214019562946,1.317724034534901,-0.41672143042272797
0.0811542829272677,-0.3162384354414411,-0.9713541641879218,1.2636320908554086,-0.4258419779281898
0.046386573853200795,-0.6229579143083318,-0.6864034355278318,1.0999215267536713,-0.4218291288081674
0.010463766111561353,-0.9380406531982375,-0.39897586313758066,0.958573651805393,-0.4461739160396473
0.0041764543254359295,-0.9808704941129844,-0.3535976653184685,0.887661289391188,-0.5440735938842647
0.034483158930230226,-0.722247240040693,-0.5842675354533392,0.9887992738989261,-0.5074232420123361
0.039864513598331805,-0.6724983246070794,-0.630672894748877,0.9964850483909895,-0.5102913190227413
0.07350619514764688,-0.37788529064996873,-0.8932670272968527,1.0987876462205954,-0.49575193235618326
0.022021580149474494,-0.8281633230819345,-0.4821651370373427,0.8981567034842106,-0.49364338238495026
0.03547317040320665,-0.7118697190921761,-0.5764676628070007,0.8682395957054515,-0.46855349579522626
0.059187962559368694,-0.506546405605366,-0.7648733817617991,0.9868958595641076,-0.4604434731630636
0.067685916567893,-0.4302707575048227,-0.8305095068724683,0.987044803692049,-0.46667737185372304
0.10087817340455038,-0.13835544564534527,-1.0878420724902036,1.0719530822526095,-0.44874786401996974
0.09878715292168187,-0.15327612040080507,-1.050948860920053,0.9103954125994277,-0.41383694445347025
0.12258675936457014,0.05988511418027125,-1.2060359494870636,0.7986041420749702,-0.5560226615247656
0.1175822276668324,0.011011040703784936,-1.1096168416604288,0.7212090420183368,-0.5607433458959802
0.0748325412530167,-0.3792779842481499,-0.6306681168110863,0.5913086709541843,-0.6890444779373234
0.08371287044575833,-0.3492522921055859,-0.4436156145810186,0.7656362140729958,-0.4593469025888502
0.07304826939479063,-0.4526067241228702,-0.2758161173484028,0.6600780940723935,-0.35965876942982417
0.15688876909914137,0.2635449327020783,-0.7576764008955608,0.6940749830826715,-0.3516200281620684
0.21395476403040373,0.7082085073838386,-0.7669033686817622,0.7169220524787265,-0.5882160459383369
0.22480712205436987,0.6656266201551918,0.12708458324485983,0.7816905965000178,-0.669140121689157
0.24867549467697525,0.7116708598228593,1.1038599169335954,0.7395708770125979,-0.7328042879520054
0.2831526217099585,0.9615151245767778,1.2215655816245556,0.49529586955126825,-0.6545880301309567
0.3611527867069604,1.5088487448892844,1.5122403869822854,0.444052436526553,-0.39859924809938924
0.32459102938542506,1.0934301213267754,2.369386335202614,0.3675490307824094,-0.3182049873130012
0.31905437986789476,1.0158180428403765,2.6030426253344165,0.2551510152664877,-0.28990914463835565
0.39069872832838093,1.6239215605675128,2.149549007750707,0.39186777380690385,-0.27243078379540825
0.3663868105583448,1.431889729163843,2.232165116313595,0.11564294690788458,-0.26412690661373733
0.3824596202877441,1.5641210927036038,2.1646964131666704,0.0704092268773275,-0.2421299811757021
0.3459719778692341,1.2585671418211763,2.3421285936751497,-0.2213306697332634,-0.22196648137884173
0.357687481265948,1.414490472808251,1.878490332869445,-0.301384714036926,-0.1402809938077451
0.3257819605865335,1.2825952720782823,1.14319149893923,-0.7101906890746471,-0.02723159130013271
0.2988064849643785,1.1669424638746762,0.5856481238688677,-1.104954024140863,0.007243436531780999
0.3273644929671434,1.4004491420362963,0.44927455243758435,-0.9759997354794838,-0.011216062099537105
0.2611588087153178,0.930926862984424,0.1964822500198792,-1.2214094880004511,-0.05598866526969413
0.3143833948050095,1.3632907409569843,0.00543738627387478,-0.9602468537136737,-0.23159379291033214
0.27074042386598784,1.039555317224849,-0.016783513858915473,-1.303933906271571,-0.2246442415772487
0.2122009797938808,0.6313547208537968,-0.21636978562505982,-1.715113456745062,-0.24152292444355708
0.14902523290562975,0.18761700730342645,-0.45545070465951354,-2.0850489694452543,-0.16880898857545443
0.13884107587377473,0.15364164628797225,-0.756775683079347,-2.0115955667152727,-0.1456343201630054
0.09325558257144997,-0.2292448386173964,-0.530220805127874,-1.9718319667207085,-0.172411910856933
0.08275270536243415,-0.31847316465364356,-0.46833463260009034,-1.98947085220559,-0.16905716696415188
0.10239427454309562,-0.14567161088291977,-0.6644293825978174,-1.6789397190445738,-0.2083371874644102
0.03593917231158166,-0.7251997961394794,-0.16858517178559465,-1.7694679115120828,-0.2256725306413296
0.013966312697022594,-0.930512311408241,-0.012323575335569123,-1.6412561496574885,-0.056280232396243614
0.0074812145505686635,-0.9859573838195544,0.023667205371236868,-1.6025816332625789,-0.11916919623601117
0.012391530492611165,-0.9411570742967643,-0.03346540530687526,-1.513021198235302,-0.15698239866289024
0.05013965779009303,-0.605963620424473,-0.3440607398837789,-1.3606446548896391,-0.2367608853049051
0.04696009514380367,-0.6360609363947434,-0.32661692458559005,-1.3275718157287753,-0.234010385437259
0.05580470395361461,-0.5622712937223949,-0.4209538385187258,-1.129624199724073,-0.15960492499901907
0.07920522723229144,-0.3517090588257404,-0.6250744701798141,-0.9446119779611075,-0.29037440080107385
0.017666201851863773,-0.8957844062394003,-0.14467445255691846,-1.0895077712145644,-0.19279277466909778
0.07210923384187168,-0.4222921694894353,-0.5819003028948107,-0.8281913185255135,-0.19333696979607207
0.0880106230666502,-0.2859247920178678,-0.7215774446908267,-0.6618491587832057,-0.28131001079937595
0.06595155096191356,-0.4788591499007686,-0.5593510167300212,-0.6886116538100727,-0.3065688983885648
0.04242259007318812,-0.6934894991002154,-0.3747217324379267,-0.7211019749473812,-0.15534778399756155
0.10005271841998023,-0.1876856761367845,-0.8439699733528125,-0.4339362898066641,-0.14284825445754457
0.13957699516460678,0.15403865106316805,-1.1539049746916812,-0.2657892519437015,-0.10969962930235116
0.115870737988681,-0.05406398401564408,-0.9661946933862791,-0.3244000724319679,-0.10285355839564152
0.14168503304728633,0.17042598065592376,-1.1736950529225672,-0.18457577378266274,-0.08347560140369331
0.07860357427710575,-0.3813901834403613,-0.7754917811059999,0.3210510823946168,-0.2068369653280336
0.041956102979354204,-0.6987322418636869,-0.5975119907418034,0.9456227586453028,-0.3990720933518036
0.10168095643638438,-0.18321546968867986,-1.0734462390541004,1.414252019257352,-0.504359213959784
0.12339114825178707,0.002401735288637441,-1.2235924851395723,1.6875627622032008,-0.5571409162948489
0.10827626339887925,-0.1391215126909618,-1.051884728619783,1.7303331644874556,-0.5922410599413047
0.1590071686003043,0.2936751132844042,-1.3782791282683107,1.9799539387599734,-0.6224849951309636
0.16649850611547048,0.3470996371948288,-1.3493854235435112,2.0514846514084386,-0.6420170991879134
0.15550471672508756,0.25452241351904326,-1.2532756412488995,2.0215025976142527,-0.6644115647406579
0.14445774015119356,0.15588428874905755,-1.1541567668597856,1.9839681330041141,-0.6541513798844664
0.13293475106792454,0.04963384233848258,-1.0125016147285613,1.9514137777748044,-0.674466728676345
0.1511779956565988,0.2147356326218277,-1.1752646835144391,2.017086833594486,-0.6860185603246683
0.12554266052937083,-0.0004968217471221912,-1.043876137117857,1.9094015744238662,-0.6793103460752914
0.1222936806477366,-0.02409484586486863,-1.0496660916089735,1.8917169145939392,-0.6882271419334219
0.12250601433971592,-0.011563359891294145,-1.1037128838004933,1.8807577066028431,-0.7017280686609575
0.11081545069441696,-0.12068969735371249,-0.9338489961247717,1.838213619577834,-0.7352188641293026
0.11323749937579247,-0.1898102486051896,-0.3316968703038888,1.796171340643054,-0.9217625996461484
0.16991939939953019,0.2398743994519231,-0.23748800969152242,1.5991768083490023,-0.7436922905079624
0.19980221254445005,0.3943041611283519,0.23045954707776278,1.6306881711386296,-0.7013813292733246
0.2995080486403171,1.1357842624347556,0.3456114119505145,1.6374478747098367,-0.5584576764056134
0.2037538290596791,0.48943117174670303,0.0904975354711276,-0.12411487277016088,-0.42753244411148017
0.25553014155285614,0.8471358823830665,0.476500777220814,-0.44556031426777026,-0.16533126349712285
0.2557069763779944,0.8460049277649153,0.5170147633228324,-0.5527839397468134,-0.18559706805350631
0.2939379159230904,1.3045531139826103,-0.5198811162689511,-0.8960706417527661,-0.2617338877413917
0.31195372905813035,1.3817590565519324,-0.0888372868076152,-0.8871498005308529,-0.19493549482572703
0.27306572387225164,1.108142529089719,-0.24846367650569123,-0.9771218136739299,-0.1046939507706303
0.2854929793249499,1.293949065051999,-0.8636156288732033,-0.8873077426425817,-0.18437237730616154
0.20418136711911755,0.7330106110692464,-1.207344263352565,-1.1814789138676351,-0.22868348833012314
0.24913811126058816,1.1462333822448438,-1.734989563496589,-0.7654297893241465,-0.17062636397155706
0.20527698294103372,0.781250066025971,-1.6040807540537585,-0.4609813900737497,-0.17989717407124897
0.08703121302913522,-0.2474926153218121,-0.7758895432169329,-0.2973375472351958,-0.5381120103985928
0.05531714660972678,-0.524458405313405,-0.48414001442434895,-0.7551627113149575,-0.5270120373603312
0.10321650357711777,-0.10672937975207103,-0.8242259487855905,-0.8921443749971734,-0.42517275649689307
0.12290575536609363,0.0683415344494907,-0.9749292740282562,-0.8718366162885922,-0.48878712114679923
0.0570933403944674,-0.508639077450877,-0.45858152624921034,-1.092403415461064,-0.49980350951526303
0.032265021046536065,-0.7204859306843536,-0.27088916048304335,-1.1311705425181344,-0.443158455202707
0.0038955686496343167,-0.9751944517088739,-0.08383495144318405,-0.9192948844130795,-0.34501603322640306
0.023786562803429695,-0.7852267276031561,-0.28231471149061244,-0.7121099722371231,-0.5071460043337102
0.01803179367733449,-0.8320061586516921,-0.22701181719074365,-0.8403579244935898,-0.4922446709273824
0.0036239580666794164,-0.9498669022688816,-0.14517302120389225,-0.7013611035530141,-0.5588108390430155
-0.00223852996614792,-1.0024969509148964,-0.11729570158018526,-0.5668683083385612,-0.43557308452449084
0.0016282787621330753,-0.9521154727620278,-0.17123704302235054,-0.5381489610938778,-0.5331606106807738
-0.018875863235704435,-1.1193217362909353,-0.0304596726293875,-0.5185666636615497,-0.5411738851580935
-0.005114269835295011,-0.9852310821013258,-0.11387724699696421,-0.7387807740218796,-0.4853451605509685
0.05234869322372266,-0.4700803606511993,-0.5013357969719104,-1.090835932365016,-0.3893548043515145
0.051156821042750183,-0.46393144644851014,-0.4811287968669287,-1.2584819397897595,-0.36559623354017623
0.08048896414778663,-0.1883202027356769,-0.7215914657355033,-1.1933486883225572,-0.3112964387538659
0.10826585752482011,0.07138316578591383,-0.9867112442954941,-0.9088733575742268,-0.07825827459836333
0.12314442652851225,0.22792592349344978,-1.1437850345835034,-0.6687722195586002,-0.36206277237410234
0.08155844094288484,-0.11056543649146494,-0.8662497084628341,-0.5752105261031478,-0.4275640752033726
0.07121764827445777,-0.17469383137972228,-0.8233161357649396,-0.4162519010697077,-0.5030677081879263
0.07615796478977101,-0.12122812974316963,-0.7793550761401088,-0.24017925921102085,-0.4701004573278491
0.10312700299274895,0.06583822021945439,-0.489493216494683,-0.15695229093979518,-0.570875553024957
0.1406906830588197,0.3811974873184476,-0.5281415786519105,-0.05692324256304932,-0.49062872520194606
0.21817830784037,1.1140632722914376,-1.3172684789365585,0.16427804951006003,-0.4053406422240685
0.2156587249252258,1.055489387752957,-0.8994038488780196,0.11837898026836592,-0.3778640813991575
0.31630498153408537,1.7103472711713241,-0.024099576557556526,0.5775098911706373,-0.3611500656286711
0.29809024305394366,1.5247950092134903,0.46685912761201354,0.11395626430652368,-0.2553175055660717
0.350476543290379,1.8740575589761723,0.9187161585343363,0.03925392120019218,-0.17193169263885597
0.38883661546088655,2.1345978005487947,1.1808878269458762,-0.11247170172031794,-0.10138729665669001
0.41250604788355266,2.2854527485138805,1.3580762166300817,-0.10698034496733369,-0.08651257929423377
0.3977665559106323,2.105976896184227,1.7342897140935292,-0.0987343024058715,-0.04800305710611888
0.3831019035165712,1.9350258852582491,2.045034662490678,-0.11336174193974176,-0.023299068639307387
0.3950291542034539,2.00191756290919,2.0580319192524152,-0.03240290649049598,-0.035327428280903905
0.42342818134329635,2.2495856150228493,1.7203347311255528,0.01716605768861937,-0.10428609283708214
0.37181035273813623,1.7632502051188528,2.2127575352122384,-0.17767951805478327,-0.07267924125084285
0.4410524944957873,2.3710781925561797,1.52422172738495,-0.008977755172036285,-0.0645445617146399
0.4605087656588576,2.5575650644664396,1.1360699756087707,-0.0028082446728844414,-0.07658081253721558
0.4430499658776692,2.435073356824208,0.9658044508392143,-0.17324127163118103,-0.08846544971282795
0.3897140688724629,2.0069402139811263,1.0169401332008707,-0.48556853740220685,-0.1049009783900992
0.39685175873228584,2.1221030382250747,0.5380496035524449,-0.59107547462795,-0.10641616157959564
0.3621103709102479,1.8771972054266781,0.32980997775959686,-0.849565622491107,-0.1088103916216806
0.31773800756489806,1.5576409531455484,0.15407030078398218,-1.149965625752729,-0.10637804969311136
0.34605457158281216,1.8844337354075675,-0.657549753240239,-1.164808033328201,-0.12466029911675447
0.2639349251678296,1.2568439980327515,-0.661585608214338,-1.5933546808082415,-0.15319933231023267
0.2348001790847364,1.097686644720561,-1.1299618153680548,-1.821079954028782,-0.10689032231715091
0.15762904907238762,0.48166901298315173,-0.9815080346358797,-2.1510642262588693,-0.0400625597091161
0.10243149610470988,0.007368208589943353,-0.6579103253037364,-2.2622919691894046,-0.017917601611573963
0.07644760675463823,-0.22281262576509225,-0.4795059614829746,-2.300630886451306,-0.009778433252929512
0.04237392663003456,-0.5289232998700617,-0.22680707118862323,-2.3056538722818436,-0.04106054302372274
0.01414150465863578,-0.7822140136775565,-0.013010744179878492,-2.336467704296184,-0.012921159281779709
0.013434904458869907,-0.7905114473928857,-0.039469302776389034,-2.2062664070113134,-0.09141780788619641
0.0067987448831665015,-0.8513132473195492,-0.0015900673776895686,-2.127772603934272,-0.11454206672791979
0.024342870096827403,-0.7094344673888627,-0.13727419577065,-1.9988741364775384,-0.05825162183489852
-0.0023674230510281266,-0.9457674373912113,0.05203266002412148,-1.9863703511444144,-0.053590139769532495
-0.002785333320671641,-0.9521125283103936,0.04219430453181435,-1.886937740389205,-0.06436287732723577
0.0006671241616974137,-0.9168245354061931,-0.008746787239348429,-1.7729003864234505,-0.0827409430895135
0.005174712256723434,-0.882381628780319,-0.048431684642216616,-1.6741896024638923,-0.03616273005879785
-0.008596094534383349,-0.9888582008982194,0.03941319290594667,-1.6932267975461377,-0.06520385162091599
-0.006588837530968189,-0.9438663990756406,-0.007478646708319432,-1.6375476455043612,-0.21664303572040305
-0.0111803031782631,-0.9702645091400527,0.0063474037771793215,-1.5694557782508958,-0.10833019230587142
-0.008741080797612573,-0.915450645939027,-0.051534006795560826,-1.4992335506479193,-0.14473953625685454
-0.01766298912591837,-0.9576595324194217,-0.014463241083290496,-1.5067490724615007,-0.16091080460536886
-0.011739622894802824,-0.8632618939168608,-0.10369188649204548,-1.405507412775132,-0.18059722495791566
-0.020401344490963043,-0.8898808192096233,-0.0996095253307852,-1.2687719798546133,-0.1976452816951623
-0.023649338864078065,-0.8650774189464752,-0.13705878572061597,-1.1310913697415268,-0.2385642957694667
-0.02965967090436394,-0.862964371620669,-0.14831265471222518,-1.0552108453404894,-0.23625725495519465
-0.04421916424930994,-0.9409673342247077,-0.06108721379321095,-1.1760050997571323,-0.20766206239657256
0.007074796469433347,-0.4369527832507206,-0.5261066916395762,-0.7496215911976299,-0.28804116094050486
0.0037184282392718634,-0.4303204648397555,-0.42809925475929284,-0.6529951956705584,-0.32244785124032693
-0.029345201140276403,-0.7398615915238644,0.2953229215883491,-0.7822538137588968,-0.3882668272694469
0.015147393321866903,-0.38142892893289465,0.4385384986811313,-0.5398285796523348,-0.44535588307394747
0.0259323434420895,-0.3036051208868086,0.7462159657754011,-0.33968608105133047,-0.47199843744248005
0.05090874979405395,-0.1711118384201743,1.2755443354894533,-0.44084683691932725,-0.36949518201482867
0.1416548765343963,0.5338211989292939,1.2464460567475446,-0.3686439747168353,-0.306387793255248
0.17571098535331484,0.7588867195577277,1.4839545714022742,-0.2737678687708904,-0.3039399163311546
0.22273058468199744,1.0901725768380175,1.589792089579527,-0.1354487089136417,-0.3045622824767813
0.29980262738385366,1.6771433081484524,1.4309438298690742,0.05826512125393171,-0.3179504836376423
0.3739425556973923,2.237947088298224,1.2396722658995343,0.310935596838681,-0.30445659751187637
0.3690973809614811,2.117083429766426,1.5760235005015153,0.2880352062711971,-0.30739167996873423
0.4761683259368413,2.9878713401466688,0.929613394879658,0.6578536127073044,-0.3278737716184213
0.5097996564748635,3.2245706228220246,0.7874482793710321,0.7443452002068182,-0.3163413292775263
0.49825894015400174,3.1022603713428905,0.7719062845805323,0.6096989897563468,-0.3599733366112727
0.5332332165790578,3.354852724084164,0.6041530716714197,0.7066782112597552,-0.335738849367129
0.5584334421633357,3.5560336767199168,0.29380545059877977,0.7525718386389626,-0.34648574318975983
0.5213489895433404,3.2328747061846648,0.37266443118372095,0.5114480317037405,-0.36532819011482365
0.5092857706547382,3.153838866585642,0.09842805478318964,0.2913643507851621,-0.3556152350740291
0.45138493715390393,2.6733528793060755,0.21176265167373126,-0.03437162505393084,-0.336279599104834
0.3939519559258476,2.3789556807212375,-0.8943063984914693,-0.5432847210485144,-0.15453342179456875
0.4449188375936039,2.7126126576447103,-0.7093368030879119,-0.22394807567541494,-0.1344316875606502
0.37524512356670436,2.3257222920858887,-1.750992509091487,-0.8328500919745202,-0.10833989192419119
0.30297940147223484,1.7627008348012598,-1.7412812612854374,-1.1960469365929873,-0.03677925673627188
0.293142894934142,1.6968397816489784,-1.9148527085884361,-1.2749984474832041,-0.0077167650859326165
0.27214109780201906,1.5136031617163113,-1.8433986077881213,-1.385037284722287,-0.0297077494065184
0.2274014822805958,1.1297767406922954,-1.6072560294992706,-1.612817842634724,-0.11824233105514835
0.21334832224854636,1.0101405017851828,-1.5879532189823766,-1.7141575728282163,-0.14451029872892485
0.15381690901540995,0.47789471977502324,-1.1219287149310666,-1.941248271438033,-0.07346251902142203
0.1416057989439136,0.36220935453629055,-1.024406030550625,-1.9697184266662249,-0.02341477831266184
0.16449828052790041,0.5553695321299892,-1.1971582050642677,-1.8987989046444385,-0.14229368660498565
0.20644050766196562,0.9170917118896085,-1.5359172946554538,-1.708592899039986,-0.23237276579818378
0.16552942209579252,0.554981097696885,-1.2224785668896085,-1.8025961141466016,-0.1952471585371493
0.11344111968853536,0.09336500675837162,-0.8214162888537818,-1.9168981249604846,-0.26066644815620793
0.09005233359336579,-0.11829714456847168,-0.6371466172279762,-1.9796714229309254,-0.2687986658473351
0.0638100761611056,-0.35636222267253104,-0.4145996318796536,-2.1049525368287063,-0.2779800478929904
0.1098479712542804,0.040413405930440884,-0.7737612480904238,-1.9265904666247582,-0.23212435040400764
0.16902218552778556,0.5422512894902889,-1.2129174772678102,-1.7556664250019332,-0.0807370157908582
0.23417881987790015,1.1089463126748036,-1.7183169497192974,-1.5816769596610059,-0.09693644900212245
0.26154727499181973,1.34419565907042,-1.9243176501504764,-1.5394195084035878,-0.05490619394630467
0.24735122964341996,1.213124978759269,-1.8107229729340413,-1.5825776867011543,-0.008832941145777182
0.21323497201729036,0.913629989561821,-1.5340729876666133,-1.7237880079241081,0.02053066262133658
0.1865426192867311,0.6759271022506835,-1.3020234089502152,-1.92830827799608,0.058418366861561336
0.20052282159629128,0.7957004962512604,-1.4230995527565296,-1.8150988741295901,0.057387878910205005
0.19465642477559822,0.741790097374849,-1.3807938183182666,-1.802664548435766,0.02131835926225013
0.14868249815441678,0.3366976556424144,-1.0244273024542543,-1.9029049677312426,0.07312229857834086
0.2027444932435296,0.8047698174969541,-1.449191320714039,-1.7101577289561023,0.11223013471288223
0.23999290027998849,1.1326307276512604,-1.7407001584313115,-1.6025636537996402,0.15613280173421434
0.19310222466182544,0.7162924587277711,-1.3621012605565415,-1.7267869280168902,0.11238483689666698
0.1972931177363767,0.7400245548812118,-1.3376138675521871,-1.5083589768157264,0.08371878061670095
0.219616964023733,0.9068857598608887,-1.3427533497148954,-1.2031948193618394,-0.09591804000916357
0.27200572169475484,1.3131377476924644,-1.4157130772872373,-0.8361189829978408,-0.17753540500542203
0.2926776778693005,1.4518284486034079,-1.307998881183224,-0.7316067973971031,-0.10442856242701883
0.2493571556624801,1.0149426879867878,-0.5769193215573856,-0.8827253456388283,-0.015166857135381765
0.27641644913228713,1.2310518424556307,-0.6749219386013126,-0.8311377077042048,0.018496070516940976
0.338197580851494,1.6555415031219136,-0.39106079074066535,-0.343737677578621,-0.15604841637323474
0.3244257951974051,1.3916228771364278,0.6410797592506868,-0.31109487828540117,-0.22602213063073812
0.4303564156391072,2.1030012262197944,1.287628019597301,0.05569096282388389,-0.2114381258370007
0.45077403661615334,2.2183399218031306,1.5292868083104945,0.13695817984727057,-0.16274305517959758
0.4167902062447918,2.109149062957197,0.575745496817875,-0.3696821065192866,-0.007859843862630089
0.4570551549007231,2.1775100084392496,2.1178984796667786,0.07316287708033503,-0.04031096534796857
0.4605214456937978,2.2893644597928646,1.5864977746183135,-0.1656195773162808,-0.010200966297693875
0.4781245301006701,2.450591339111291,1.4240244974948852,-0.22437762888163723,-0.0935570860669437
0.509419193507544,2.678040876532577,1.4670243614249725,-0.07228097303281898,-0.062049393320839454
0.4446341310546199,2.1367512011718177,1.7958887429626813,-0.33508829043505745,-0.07019125456269978
0.47568941162643064,2.435733360585808,1.3443568753465942,-0.2590937893996275,-0.09406876696294243
0.4599084946582944,2.3468638864718225,1.1449940475478546,-0.41538746657700987,-0.10044208918587258
0.4146291694681446,1.9993782838661585,1.166826109950273,-0.6455931763077597,-0.08766370490631199
0.4208072176154284,2.1394468209597672,0.5296227679176565,-0.7656441664730476,-0.1189997449631671
0.41582108422243635,2.1791864770896554,0.04699863449387581,-1.0064257073050993,-0.09182376107865269
0.3668276701623521,1.827755928609422,-0.07829511542138864,-1.2301511901452618,-0.04968904053176154
0.36791228798626585,1.9826451950624302,-1.0917995171813482,-1.201317799960109,-0.06788304809870908
0.2883855834332581,1.3684057146859867,-1.0088572679989884,-1.5582249608038912,-0.006393712779546191
0.2813519828496862,1.3959751642263794,-1.5280641933073191,-1.7570223629467467,0.002226781847278878
0.26332419932358275,1.2801686613252528,-1.6722491298565996,-1.879315099927399,-0.001242464714701219
0.24759491120960134,1.1602246166987986,-1.6776518747386622,-1.9130111647598906,0.004076464674899252
0.23996547618908592,1.1005322035355052,-1.6556056615498662,-1.9214889477707946,0.01676515706020026
0.23080274986273183,1.0188262114398403,-1.5865862948368417,-1.9261785293278004,0.03721814632722308
0.21998406245497976,0.9255926439367371,-1.511740887674022,-1.904947913920567,0.03234266169359538
0.1737453605177284,0.520175548401018,-1.1496344155626637,-2.0531712108030833,0.03998649179834057
0.17936481668519294,0.5677258818939757,-1.1860417013777642,-2.075018099492447,0.05817592136974584
0.15090254780718204,0.31864555730142763,-0.968178492461949,-2.1366283025199553,0.05865902201289498
0.14551265631692903,0.27186738066744054,-0.9350467543719267,-2.100077804506784,0.06637143591908082
0.15298947965485876,0.3376039038965007,-1.0064350613440152,-2.0000172628788286,0.041073331035777295
0.12400382846468293,0.07970584726587843,-0.779676023159798,-2.0646424229105893,0.05927556563874954
0.11767469712331319,0.027936963957188806,-0.7436451007050725,-2.0316802147433792,0.04212252532593823
0.10657233735933987,-0.06833767848191408,-0.6779223001147244,-1.9890411707826967,0.01636153604759628
0.12866294738983294,0.12632510661096832,-0.8733536361725907,-1.8390120506911352,-0.04588791159957194
0.10231908684783501,-0.0995500473552808,-0.6773877698360307,-1.91024901255216,-0.0634392759319772
0.05242682241075696,-0.527538601177562,-0.27720349774628994,-2.132473074912141,-0.005356004896306986
0.071934397101817,-0.34383878568457377,-0.4704885982409543,-1.920221067402019,-0.0481475443000842
0.023232742952360004,-0.748304536591044,-0.11858834955737944,-1.9854548104302314,-0.04950545978482941
0.005497871665385562,-0.8784793963243949,-0.00977053901842096,-1.9912197826416034,-0.04549086395351337
-0.0018962503825413915,-0.908037833740626,0.010801870849981332,-1.9672449574903519,-0.05213482522794224
-0.016703672485500448,-1.0015639725162335,0.09005573569417051,-1.9395338565788436,-0.05202047369457299
0.02310790587715946,-0.6059462587711676,-0.2595062911755098,-1.8418720481846749,-0.06431383157262717
-0.01594264385851589,-0.8958841579099,0.02513114544695453,-1.9597671739122475,-0.06783348026336289
-0.029005430083514815,-0.9817652731232784,0.28074013973542844,-1.99241236835178,-0.11321576306146929
-0.017430459498357198,-0.8847703158456922,0.5749324280717387,-1.916541009578759,-0.17493635338476776
0.004603713407355632,-0.691530931914987,0.7428206171459938,-1.7844782080058215,-0.20138227302500963
0.08335133558107978,-0.044429611976248735,0.7175150432443906,-1.4275621193143442,-0.20086155174774462
0.2104483946404381,1.0128381612972006,0.34168040475099937,-0.9121016394878203,-0.13799631092107742
0.2807069280165295,1.633764466472043,-0.03890758775454093,-0.6232154197500632,-0.10206062372438869
0.2897459729188126,1.5635961848033453,1.0228937047318354,-0.31661538080745505,-0.030714702537139246
0.23200581333010134,1.2724675477843272,0.16738177461925688,-0.8467628338526185,0.12001644043954773
0.30000920084120275,1.7011034908524407,0.7666801054703902,-0.5305815052600118,0.11856419390798288
0.32390934801827764,1.8144266237161382,1.192568163342647,-0.4733558964120183,0.11558649592585657
0.2705113495490831,1.391896666552981,1.2144195313683792,-0.8047463314681844,0.19422201011747653
0.34240632462188497,1.9621324217928455,0.9007838800128789,-0.5430789873810266,0.20312645227417597
0.32104565993598005,1.754002451985566,1.089288139162451,-0.7204484012049399,0.27786564159841803
0.2683076810782331,1.4600991006461574,0.28271888550488106,-1.1891432386132985,0.2370750694965898
0.31217148901825587,1.8733382840795099,-0.4221482389021967,-1.0624416352744757,0.2819317055337125
0.29676221896011173,1.652434834358476,0.11571573521847481,-0.9645775733960803,0.19197716648479696
0.3445653948849261,1.9512365612404878,0.3787899124154709,-0.7034867480784335,0.24121347050060782
0.3072006126128634,1.7173592432107987,-0.040580395699816425,-1.0322953291958754,0.22273429087302563
0.3483125262359056,1.9555853090426376,0.30308566213356863,-0.7316398603029278,0.18756087400359003
0.31670234461813923,1.869632837795981,-0.801939177483327,-1.0533613464099438,0.26559002917353375
0.23946920033925465,1.2178691024775332,-0.4531561520995663,-1.3998852583089882,0.253336251330871
0.2771527073187063,1.542718594395664,-0.8111666158560343,-1.2955250545554575,0.31525654160121236
0.279684224070424,1.5612595796025934,-0.8974479468802032,-1.1959617446641504,0.2867864410265485
0.21316044895155747,1.1132285585918746,-1.3521023025941064,-1.4787675189159486,0.3189473939409449
0.12384649739795177,0.34114084147913576,-0.8082725320203564,-1.430674287985005,0.1044883474183681
0.15400342981875834,0.6179258349472234,-1.1965902107536368,-1.2666818799664321,0.12166163154015319
0.09830717549253423,0.14931526215443333,-0.8743227160005214,-1.43752173162067,-0.09868081973175909
0.07183142907366799,-0.07315080864803271,-0.7538899647743564,-1.2645717040093574,-0.02912804343415904
0.1151067305375326,0.31404452759416723,-1.1302647868869125,-0.9873459389516023,0.11612334218527467
0.14767106150639636,0.6177250417197514,-1.3608644169387247,-1.1231974145783297,0.0970420399901587
0.16552608435371166,0.8044653449527658,-1.5000331671856173,-1.1818292469989153,-0.0008281538518604305
0.21296797548101357,1.245069050010597,-2.0551133956326884,0.06148150497658314,-0.2373883925381734
0.14342644146623681,0.6689313861060013,-1.6223692798581308,0.37667214108023395,-0.3691320908842815
0.05513719383969587,-0.06488119483367268,-0.9556544565397506,0.06877552997732439,-0.5665072318034846
0.0463104519156847,-0.10254710934814477,-0.8926861086703791,-0.1495893061147534,-0.5166409958816335
0.04413304495257938,-0.07083042274685446,-0.9148418267506946,-0.17944497910607532,-0.5043140556318616
0.004901829658152615,-0.359507385691867,-0.6746108777453529,-0.15035853264459,-0.5447831564321358
0.01400025673330157,-0.2195121829378106,-0.8208157756473686,0.028517273438295018,-0.5847147968565098
0.020620333376709925,-0.10263365622778732,-0.9232495709667229,0.05993307211209337,-0.5717129383540788
0.023435859768817534,-0.018705341360075272,-0.9980993233194962,0.0989653010500509,-0.6047801157601551
0.02590031572216954,0.07216158980645493,-1.0708617297741787,0.08911778107917498,-0.5867818818284424
-0.005889952304862568,-0.13595406420737696,-0.880161984012405,0.01752658532937354,-0.6066234555719893
-0.05298646805161768,-0.4722300107561562,-0.5834196124113437,-0.038758989989723526,-0.6196309567664684
-0.03736091575760304,-0.2542440198356422,-0.7698558215716776,0.019462004105058845,-0.6014788841837362
-0.02514045695243816,-0.06930306713465312,-0.9250271050945732,0.04924633094794268,-0.610529436342978
-0.03469807101991968,-0.07107199205033593,-0.9169637080395722,0.05052254787755126,-0.6067827476521713
-0.02621881599301038,0.08509913757099448,-1.0434939837303325,0.051536633733266196,-0.5964863867703867
-0.05542251430430634,-0.08697041535963031,-0.8577534393208568,-0.030660540505419193,-0.5940175143809271
-0.06398475670099406,-0.12330636473750219,-0.538105882120821,-0.00017939782210515644,-0.6406196398012968
-0.023737802085656828,0.2131846128291614,-0.28120762558944246,0.09041649059828473,-0.7261154881959566
-0.03214712227861736,0.1267427267735607,0.2791117606430004,0.02192866315477769,-0.7402568250195212
0.06944869299195645,0.9804296670372814,0.10087502229234946,-0.0022063636786170894,-0.6233463861847935
0.20513458523442402,2.114799143318846,-0.4048788634891696,0.2562358904739068,-0.39813379736795007
0.13469089515146576,1.427525355937165,0.6856413025330871,-0.03203741466784211,-0.3216094096144725
0.16805124224149345,1.638000670571139,0.9641509790449849,0.015399887786710384,-0.27634614719415224
0.1938205146529249,1.7619503073226126,1.2945923683143081,-0.03297669028333839,-0.2228954708934308
0.19418991026276666,1.642445831602819,1.7669021463677521,-0.0455787238738,-0.1958315427917219
0.20697614368098227,1.6198292020700114,2.094645772569172,-0.018196946675206455,-0.15900868624911446
0.2188328409448521,1.5891211045809548,2.3516234251570025,-0.02600788409913614,-0.12354855788779033
0.2524110819815568,1.7576295062401697,2.3486004928715727,0.05083598543740417,-0.12361911501966051
0.24807361081901955,1.6048543913040039,2.54452394156619,0.06041779099566888,-0.12044479202494064
0.2914978758827633,1.9158036522094415,2.161144372267229,0.0015675299587354535,-0.1282164027848213
0.30955614804771575,1.965860827927719,2.196339532615013,-0.04794758602728483,-0.08578165003978087
0.3062178852857715,1.8766895315893184,2.1291218330178507,-0.17093631825373182,-0.08431187550550172
0.3247161854143797,2.0003994980118622,1.7861957174106327,-0.2701017239881782,-0.07503558835212921
0.32686827525813217,1.9985984052305517,1.5217446515548358,-0.41167657416002146,-0.09211919309884091
0.31942452696196816,1.926971380321592,1.260790411053955,-0.603662276768817,-0.08706133761353382
0.3073569167224088,1.830971675581223,0.9552516835266985,-0.8133400396905135,-0.08762374699356876
0.2248734372247068,1.13472316799611,1.1663015065789801,-1.2945496334693727,-0.08091875614748524
0.23497215447426037,1.262806295035243,0.5776778229899608,-1.447437136464115,-0.07499493586219926
0.232624504182309,1.2918483516361075,0.047110667077220406,-1.6220215982441242,-0.07766848790445488
0.233337783818839,1.367935253648012,-0.6120556267303462,-1.7369627052689762,-0.08001316260074245
0.149859601189121,0.7266462369620413,-0.7100991813713514,-2.192379176859876,-0.03277302556661838
0.06848898912940266,0.05772641550751694,-0.5147408101427501,-2.540011937943103,0.06403027533797082
0.021884392607189856,-0.35316938796499475,-0.2660636924334499,-2.6683988777501306,0.1051307901155567
-0.016643273105159898,-0.7065311554423241,0.019603859535419575,-2.764298670056421,0.11557934951540547
-0.01878012009098989,-0.7341478727377819,0.02951154838789253,-2.7146725095987474,0.15179323975619866
-0.022393018923005558,-0.7647918231732848,0.04443588993993394,-2.6735909090402457,0.15089315862449743
-0.0284405071846151,-0.8092343672534779,0.061434121068829076,-2.5888198851493085,0.13066815785407937
-0.044601810466461646,-0.9356840202606118,0.16492319796129584,-2.5742277131020055,0.15136663506344475
-0.04623319625089048,-0.925102597242646,0.1347805330151234,-2.451223796246192,0.2300029055004601
-0.035764579364981314,-0.7951133548958474,0.01604284863904665,-2.41840014548675,0.18567973174862973
-0.03170707861828458,-0.7210511437155223,-0.057354082307790336,-2.3435859209137093,0.17797432364989996
-0.033161910573602627,-0.6897189977428089,-0.09414551347043874,-2.272564882969945,0.21253693576294866
-0.027973560323574138,-0.6066413285279644,-0.18873975742661225,-2.14134285637026,0.3063146486731666
0.011314528150073996,-0.22469960947954987,-0.5634605880179004,-1.741502621302176,0.32901639726995885
0.019231597106890368,-0.12380914527181817,-0.9233616411923625,0.2590883556469565,-0.16722092742781633
0.05567273075678683,0.22131973246818532,-1.4151730045512316,1.5460530694382402,-0.522338785532108
0.031717491030516826,0.03362687671899309,-1.2710394303962926,1.6311460314491248,-0.5856617934934168
-0.025079911036718177,-0.4425779901128054,-0.8430277714109481,1.4443935291238483,-0.5961073359427905
0.03858155247183942,0.12083203635056011,-1.3538501900851005,1.694265381822478,-0.6157788940029143
-0.03885878340276153,-0.5449039424385516,-0.7524046520661344,1.418579963819455,-0.6110607086036041
-0.06477461019587645,-0.7601117365528954,-0.5478321887954347,1.2939507598946687,-0.7879005568710588
-0.06268265294034636,-0.7343729399321868,-0.57683609312926,1.3400817308502506,-0.7189318797467243
-0.07824618918837918,-0.8578415753765601,-0.46489508385391165,1.296720477763792,-0.7382311863215099
-0.07680262080535172,-0.835827404056809,-0.47379758523796284,1.3272559406038218,-0.7034535900246865
-0.05306951222305921,-0.6319563957324972,-0.5396549838157872,1.4566131834711786,-0.7333107259171383
-0.09830464111685264,-1.0544619667611272,0.09639254744068507,1.3378154498518273,-0.7890119667121731
-0.09667464645630768,-1.0638896659783752,0.3066914133561522,1.3747226902343201,-0.82957543977539
-0.05515073170772312,-0.7207502741985669,0.24289593374678406,1.470376126076813,-1.0397284220956409
-0.0040633131272762866,-0.2875278536099911,0.05390859120070824,1.0947010398784542,-1.0219558460888616
0.016951928092762563,-0.16551841188490662,0.4072128594096422,0.4025374923076696,-0.8627082475325712
0.06828794942757077,0.07965760095670323,1.326045370167334,0.3902517268942828,-0.7195695699896384
0.11706689511264763,0.33641629504963133,1.995814835621502,0.46555808243161223,-0.7340682033389008
0.22987867552707786,1.1826627021107323,1.9687707978982938,0.5976348896417515,-0.6365575606988432
0.27753488429127887,1.4937462016790224,2.136817189427457,0.7462637230359309,-0.48573459066887376
0.2813502802320481,1.4397587605432856,2.3751380116337213,0.6380330201649081,-0.39874985267901764
0.33397066015316473,1.8396628802800614,2.0173444190429097,0.7292718492338133,-0.4022926700367322
0.29818258039259893,1.5915271025020934,1.5642323550599257,0.156578051855136,-0.37445622267723466
0.34696119181739415,2.0996896629595394,0.35054712968501034,-0.012149206293625807,-0.40799217317090536
0.2618221292153801,1.2572495911508936,1.3180058521353188,-0.19579874580088405,-0.2540699502912705
0.23744111591207512,1.1864933983227826,0.3204650708439637,-0.48595613774328106,-0.3111699587246063
0.27170035725792907,1.3668078706714717,0.6024500450855576,-0.3569638761406138,-0.310843601029421
0.3500540379280199,1.8787189219701428,0.923756995491847,-0.0234954560625393,-0.3193179693409605
0.2938488912553504,1.4448304049376657,0.7851334491352309,-0.33957395079025793,-0.1786705864288883
0.28237239288499055,1.4392942421757735,0.11465219414575523,-0.6405096695077365,-0.2063624380726903
0.26135020011633464,1.294434359179867,-0.08742235275124147,-0.9133662419946523,-0.29562622042112335
0.2212848527000649,0.9806702642786508,-0.12395328996493568,-1.2076650781807208,-0.19665394436884004
0.23480932796397208,1.081623850562783,-0.20949486226743108,-1.2287767703400867,-0.35311226709136867
0.21176163442812096,0.9663920309392289,-0.6872419974419856,-1.4802378452006753,-0.32001480558433965
0.16098278955878564,0.5693859006899505,-0.700316006956986,-1.7791700016942955,-0.2926666218357961
0.0752720067039209,-0.15995695346654504,-0.3163034507825357,-2.0185315654773475,-0.10835892401824115
0.016612821500724653,-0.639358491478259,-0.07947069981917196,-2.269476636255243,-0.2480242742302863
-0.013657309092613526,-0.9036597740759078,0.09510151381933461,-2.303861652079145,-0.28550923849296245
-0.02586159009230812,-1.0147740279919184,0.15129911703508941,-2.113330661446169,-0.3040518027165872
-0.012533659348042403,-0.9172294248626992,0.03195377424341261,-1.8907400092630247,-0.19416170117617254
-0.02082178139215688,-0.9863952283646245,0.07759494078705124,-1.8639096895442047,-0.33097131421370296
-0.008960178950141099,-0.8986127563259099,-0.026824697374308818,-1.6745785835603344,-0.29194373022409986
-0.019812921081016663,-0.9990886434662007,0.044063107038059914,-1.587823249372496,-0.2876963277684889
-0.016040077637809947,-0.9786180476035513,0.014937901104303212,-1.5184604488300872,-0.2539838182630018
-0.035728535287880434,-1.1495134046336382,0.14056950789341374,-1.4527181603003319,-0.32190856740462936
-0.014183209455137047,-0.9838988333900421,-0.013894147671243131,-1.402046304882905,-0.009034122640816915
0.0030180620827982606,-0.8451177151279629,-0.13282773155824187,-1.384112817825582,0.059221307981991274
0.05469584048164375,-0.3929074009594175,-0.5241052960927529,-1.3315651484804796,-0.05537098014988641
0.020057499455217363,-0.7065992077698549,-0.2376544148523474,-1.4356728877926404,-0.03603428656401269
0.03729797938432135,-0.5606237978807651,-0.3667418996554219,-1.375478698340876,-0.14008597628551883
0.014691047556748183,-0.7611412419679542,-0.2224669038236213,-1.1770960280044642,-0.19989008461875984
0.04314267093126603,-0.512075210500376,-0.4279392369811804,-1.2220050079991467,-0.28682439433184165
0.04154003532609193,-0.5177131169453568,-0.434752013048958,-1.1858429574522544,-0.3332265646112244
0.04996624699851749,-0.44124487005323726,-0.5404659793078833,-0.9191123944669747,-0.33837388148195235
0.005154999889330935,-0.8322802204712391,-0.1983995380441719,-1.0056284617652893,-0.3561574101309228
0.008928463895140888,-0.7885824779270824,-0.2439472362678812,-0.9386896702772958,-0.30657432819708996
0.0205785313335695,-0.687662588336782,-0.3472211525651338,-0.8548773865902722,-0.0909982336085102
-0.014279418604238422,-0.9892796203500926,-0.015569230818052249,-1.095756641219809,-0.2626540580812521
-0.014393324870267355,-1.0054657168552896,0.1693398945479033,-1.0742274296801164,-0.2601797099514778
0.018936862717294837,-0.7288957613483595,0.058670988602358795,-0.8453911867785128,-0.23395041533010744
-0.01340573213843984,-1.047878314881756,0.632869345788382,-1.0376298324658921,-0.24019966536456783
0.014613056312194325,-0.865389612166944,0.9369105274869264,-1.0046958982068883,-0.32876119986151425
0.051914356847835665,-0.648432814155998,1.4121826468681031,-0.7822005842226755,-0.4152191737593195
0.13044733615478749,-0.09799269478672983,1.736931531129452,-0.4412847702160838,-0.5070325020779953
0.2762878890386641,1.1776104491155805,0.5622446224583595,0.02899757590590476,-0.4758474663553192
0.264104578695986,1.17224707539067,-0.017465051219807095,-0.19788142391510538,-0.4042906108797025
0.3189042375438733,1.5683020586316434,0.08589214294205764,-0.035494439726246656,-0.45557930918689304
0.4101876411295386,2.090829443434284,1.1527552027679768,0.44085663191965957,-0.44049323899656984
0.4261205486752932,2.2000577809267736,1.1981286157632145,0.3670775098026886,-0.3429250168886196
0.5074588304735695,2.8274883803496804,1.0609866876690017,0.5208262372163268,-0.27957603493751004
0.3859528995497559,1.9619789659877318,0.6643692937200648,-0.20814705384329368,-0.28915967988655433
0.40393207676244863,2.146675474578388,0.28497674562221686,-0.32976937817687224,-0.3271026347104993
0.3770596699162977,1.7887382056783048,1.2333303188893598,-0.361376582063674,-0.31125972574850763
0.3976577397860369,1.9195412382776162,1.3235431450171633,-0.2837313101048498,-0.33895077603896384
0.4281441030503689,2.206323769163405,0.9014684729748688,-0.25602305887027926,-0.3346148557097649
0.4119987229260137,2.1756773204591404,0.23408423174982762,-0.4587717120058372,-0.38745368482653764
0.3723336830759879,1.7513040629592602,0.985466715411841,-0.5573065649542309,-0.39662223364532334
0.38130710394311407,1.8547049223445022,0.7161071068514241,-0.619776827777624,-0.3656412685714622
0.4172899461819277,2.2393878576436483,-0.07203740442277688,-0.6245233701123435,-0.36075010508616984
0.3253527950454049,1.5905646954210735,-0.4232465444720181,-1.1852207769595378,-0.2744759742508955
0.2557340237324113,1.093264384839646,-0.6520403542315181,-1.5507171975022522,-0.1965679412257381
0.21042039290398945,0.7346581695734258,-0.5971703032095028,-1.7553282673531383,-0.19053745068375716
0.18995654682086013,0.6054059683723502,-0.8148698026133496,-1.907693910333586,-0.13531682519194707
0.17333025547081995,0.48867173376779877,-0.9004954476365796,-2.0247810748973993,-0.13116587850788164
0.19227153250772117,0.6809421299076875,-1.2484092876678734,-1.9866073600795362,-0.12317837269415757
0.20652339068557568,0.8112493091897014,-1.4197252001062812,-1.9220063085214096,-0.19379294558771834
0.2230131084322653,0.9588899473663299,-1.5668026904802954,-1.8042158468384426,-0.29343849559570545
0.23637882349007378,1.078162126181467,-1.6970138595858075,-1.6558002261636646,-0.2813006988409848
0.1569052396966674,0.37094564173811406,-1.0806259573491612,-1.8301319673035683,-0.09588836316501094
0.10962724129624275,-0.04783615127028492,-0.7085369162400945,-1.9487391731553618,-0.1326356622270403
0.2772345602809642,1.4165501492613641,-2.0431242482070804,-1.322371028080104,-0.17957860353042662
0.21033870092349152,0.82168797423813,-1.4870492600628609,-1.6176882917117126,-0.19469335813414562
0.3223403897239935,1.7949818711009076,-2.4555225963209515,-0.6249804553688685,-0.2201847432592489
0.274098233090138,1.3724524077926583,-2.2794603628226136,0.6139723694884903,-0.5637111385147481
0.19859079393933624,0.7084174215810088,-1.7675158090009437,0.8494212508503801,-0.7503317275884999
0.10934012569990839,-0.06984594116015483,-1.089332389260655,0.6822281050418478,-0.9219484445281668
0.06500982744254342,-0.457028975809936,-0.7617200709972158,0.6698471807038705,-1.0495156494650169
0.0692395826967907,-0.42197642442460975,-0.8248790979077916,0.8908153991425308,-1.0720690323397788
0.01999662242956685,-0.8575474618662018,-0.43814422407739767,0.7218553999654307,-0.9368720783267951
0.07416733121336191,-0.3885923137173747,-0.8629730543411563,0.8874594566001421,-0.7541102572812095
0.050256950634332484,-0.600746136532239,-0.6752443866782563,0.8827246413743775,-0.7585183264905516
0.0625539994306186,-0.4950727198382474,-0.7137469649487005,0.5684514102403702,-0.7127594689710391
0.10192332393968423,-0.15062489121713132,-0.9524409091036863,0.2505536933323805,-0.681420544163367
0.19243362022269633,0.633313969072943,-1.6719920793327188,0.573749220835188,-0.6000231520931547
0.13185523556705228,0.10777676786209664,-1.2464908322692874,0.6664883145092844,-0.7573994353297475
0.24265154998464583,1.0786561882821553,-2.0981494264598304,1.0446477178836542,-0.6770446903099804
0.1768539411743228,0.4679346158289582,-1.2588527608306186,0.35478904659613303,-0.7892477799720743
0.3433991685513005,1.8624917251329935,-2.0415501911166793,0.287075927204603,-0.5969066872827092
0.4320202785575304,2.567842600069607,-2.0990443689944294,0.04028564414790421,-0.5557290275020643
0.4235093525914966,2.4019805870852893,-1.4111986697538008,0.03837834772330983,-0.4404952689878844
0.4560025827805401,2.5641864259423923,-0.9612930163060415,0.4067510090404725,-0.3818003493458638
0.44847373875749397,2.3927537267976104,-0.17173643163622684,0.32716122532823644,-0.3370319476491762
0.4736696082353245,2.5868493484406794,-0.19877502255957177,0.42913981643891874,-0.22273053118696765
0.43132518255935853,2.2192259689982357,0.10346098973647626,0.20882608334387048,-0.28669858605354387
0.438899682347895,2.103591697997138,1.2124136610589815,0.5599258694791075,-0.30926893432645336
0.5359859583342983,2.916270672473303,0.6651185414292142,1.0103650712711838,-0.33058349516986363
0.4975630348030019,2.5289139656976976,1.2940385456178654,0.8300255392699338,-0.3136231923214862
0.5292968290512868,2.773634710675533,1.2241459096057987,0.8734798320064239,-0.31200635021891354
0.515917017585007,2.632844945699569,1.4618021436184816,0.8593140572924067,-0.2357787805366171
0.45908949746531813,2.4188799718486744,0.06527279936437956,0.2860893482938931,-0.12148116535441346
0.4172302624121654,2.0962968055412534,0.09087703325709445,0.0516628127897805,-0.014116854978913903
0.45833680738052796,2.5919416107713364,-1.1525116194620448,0.06881848636554701,-0.13555376805711217
0.47348893047358326,2.6418794639831207,-0.7185630016119918,0.1653038563092777,-0.10521072632960789
0.414759527331232,2.030923008859903,0.4014806946199296,-0.042729888910935945,-0.15913702462792198
0.4326280820961334,2.3544706951841325,-0.8146010582935944,-0.4411603942273252,-0.08383287739853704
0.39306098249874966,2.1711340087555118,-1.560310207070236,-0.8814010066074262,-0.12542696555019073
0.5347041643502771,3.066844217588673,-0.45409266952001226,0.06386325888015322,-0.13664396018841013
0.47681383222013657,2.628629203814234,-0.442932482293984,-0.2756149668787079,-0.08347447100008633
0.4178134421680244,2.2407435141440843,-0.8386912436224268,-0.7166746204805018,-0.0383981896494142
0.3385103308692487,1.6673669906740722,-0.981669509880192,-1.1190441709981642,-0.09369187114461723
0.30943183794298557,1.5489429612564989,-1.6168980904443049,-1.3544448120463035,-0.1789821303880394
0.267738511095508,1.221827051446547,-1.569666389428264,-1.5243669519856893,-0.042963721849229565
0.2475949814623424,1.0704071983463732,-1.5943863449204079,-1.6065140455317464,0.018006658717614595
0.2224529673225085,0.870521603775531,-1.4988723925781309,-1.6872700316517237,-0.15198875448912347
0.19611309141148714,0.6412962516418936,-1.3109367106937238,-1.6932046553621196,-0.1456605731136077
0.18553009202304319,0.5489908903267616,-1.2277387647085862,-1.7327370076162494,-0.1358994029532319
0.1948333448046534,0.6316006069636512,-1.3046644788215305,-1.7041109533017667,-0.127153890995655
0.18456570344464684,0.5418733444468158,-1.2324024101873883,-1.6913171210196354,-0.13667039436001363
0.20149431615323737,0.6909328450118222,-1.3700060770242344,-1.601490199691081,-0.14596205300578793
0.21034559925164434,0.7702403634465204,-1.422804511874383,-1.6645416036318923,-0.10760363198865164
0.20294221419228767,0.701792115551579,-1.3551855914989648,-1.724489222238817,-0.0743331708973608
0.21290281109556577,0.787463904918028,-1.4340821705014983,-1.6936394547378655,-0.07159402175195982
0.17800713406150234,0.48643197822128736,-1.1625157464662979,-1.8067516650629432,-0.056849891813363515
0.1420700658926585,0.17294350902097516,-0.8926476563113867,-1.873421690570291,-0.06724786235083949
0.13546496332832325,0.11457316357589266,-0.8642830408501875,-1.7981370216608512,-0.1238784029370295
0.15457648856450948,0.28468656958795535,-1.0271317565778484,-1.680071606868265,-0.11846296088115182
0.11076049679517733,-0.09907339579482544,-0.6819705520953763,-1.8052136785872754,-0.10149242828625979
0.06897596578702811,-0.460579818818743,-0.3783420615743322,-1.842981372892088,-0.10983898260087978
0.07050834714764082,-0.4474380406084165,-0.40409880401701226,-1.7609650781566637,-0.12680909439841895
0.08103729921903392,-0.35056493206254197,-0.49869733452982173,-1.6909385667674635,-0.14839734296427665
0.03387453062083507,-0.7576323938689198,-0.15307825095453992,-1.7386585047756768,-0.16670427152766257
0.08219711192975668,-0.3288843761419745,-0.539338159767796,-1.573987968584558,-0.1698078188082211
0.05928766043381568,-0.5223001415465471,-0.38419039004494693,-1.5248904174828042,-0.19685982480613884
0.050920463525653804,-0.5887347530391032,-0.28379737522045284,-1.5744210681699686,-0.2152791528539236
0.0811608034880259,-0.35755048763453295,-0.2142180096619162,-1.4577798309146426,-0.27158252601803845
0.09027564598266817,-0.3306187840454902,0.17733257759348314,-1.363207327552349,-0.31851791267309226
0.12705515827018862,-0.0706803912226068,0.415315804817758,-1.2971713870916797,-0.296120018250597
0.17191613453425963,0.26377771994885735,0.5755875008778268,-1.1664268933320021,-0.28319395246936796
0.23279155022451825,0.6869302201230277,0.9043390350860191,-0.9917084589936008,-0.19372141573837703
0.3377906971945875,1.513925252362314,0.7696080989431332,-0.672316943281337,-0.12842620802778373
0.40600063870038683,2.042280233826065,0.7651217607577395,-0.4245890198640993,-0.10425629081495077
0.362802483751476,1.6033578387313063,1.5573634178673448,-0.5435602898409436,-0.10165146805052823
0.3525966229024037,1.456290362915264,2.0291873377193363,-0.5709671533863203,-0.09668772687976682
0.2967231006604864,0.9171726964168686,2.8122521375095744,-0.7577470234480278,-0.08109165604206278
0.31414531999409434,1.020583813555916,2.968359162200022,-0.699778960009479,-0.07436483095421074
0.33483899219753516,1.1533731357450272,3.0036227692648176,-0.6287257794304794,0.05674649287490162
0.37467433187255417,1.4936755901239165,2.759761798977475,-0.5064214739353763,-0.08480425059792496
0.31033586752429976,0.939941909793968,3.168873616002383,-0.8081160177949512,-0.11249111540089116
0.2567874675580637,0.5108013190068975,3.2647894017287755,-1.1612996640479676,-0.07037627426720103
0.26301844424133064,0.5377708581354583,3.3279840180706435,-1.1373716668391418,-0.11005649716993675
0.27145985259081745,0.6364611655655246,3.031247578056877,-1.1429688877856683,-0.12649419647532742
0.24756867594087437,0.5286274231624579,2.4674661590896965,-1.3753614622896684,-0.04146428933146211
0.26311062582148015,0.6689391637040136,2.2818481570276545,-1.3672525510927789,-0.13801969571408068
0.2477079696363099,0.5756772739599887,2.059876508674191,-1.525206906349684,-0.15328141832683578
0.1620585154844588,0.10989436883587161,0.8352080868952831,-2.2177228475403554,0.006605481676668797
0.1425706800659543,-0.11256283909290354,1.2770226733146743,-2.219714785135118,0.07788247003697434
0.15361079666146735,-0.03285763989042605,1.2823385299449888,-2.216333065509545,-0.11851319242190135
0.14522307938745438,0.01357136176722504,0.5431489450112024,-2.4266712998081155,-0.15133720484749769
0.1996071669856323,0.5755671717446779,-0.4839816203902805,-2.3109331609221044,-0.12096004967512895
0.15705038824536963,0.27505016102496743,-0.6413281301580976,-2.541502411565975,-0.04915733755402122
0.12346427833694021,0.013958086359218287,-0.5973211442302903,-2.6321267795885612,0.012358841507238027
0.03880954477300679,-0.7227506010175673,0.015194401362615802,-2.859068054453868,0.06404283787721793
0.07983060167415616,-0.3660419617088031,-0.3281541766159294,-2.6262979877414123,0.1536240253667479
0.04792699060277109,-0.6488615224338526,-0.08938327736166633,-2.6716280904955934,0.21226586536605074
0.03578217401102399,-0.7561498222175023,-0.01697852777603026,-2.6204673475424527,0.07401852747625223
0.10853834416472065,-0.12003961859698438,-0.5946725343007112,-2.375083747939051,-0.024695089269363774
0.15369064820139056,0.2711546612008095,-0.947683819846018,-2.2253141505860463,-0.0833658452369149
0.14669477351045548,0.2050663615597751,-0.8911581030802834,-2.231432052961056,-0.07667983547164946
0.13256146315114975,0.0817953829887567,-0.7919369076851244,-2.2580854760305136,-0.0799341631200426
0.07606919323750164,-0.4156269866879347,-0.3384058054573368,-2.4538778184650547,-0.04815897003978357
0.08924447424048722,-0.3022621687623124,-0.4503941163199986,-2.3575181040572644,-0.04281211710667431
0.1362711042606339,0.10187277891745682,-0.8071514003367626,-2.218061891806413,0.004575689187921924
0.1545149945992184,0.26155629107577655,-0.9359090108034017,-2.2008275663603545,0.09192824163638084
0.1357004104239215,0.09245004979120929,-0.7866180109515112,-2.237763046443053,0.08346360643789084
0.15888977346031558,0.29493789615330807,-0.9789304524343442,-2.121064815253378,0.0613549159677104
0.19031217291240834,0.5665225602933998,-1.2338708831717904,-1.9757424605171923,0.12777726523498684
0.18319271531541148,0.5101919024884126,-1.173688085543447,-2.0389858665258913,0.01848392304734109
0.18297177572087467,0.5053950750931655,-1.1635886993570832,-2.0496347960206713,0.0029984190218432186
0.18337064058623326,0.5102986250787747,-1.181168623407081,-1.9724345157409957,-0.0010307879693451584
0.1370394148967392,0.10078070509181694,-0.8168448425359605,-2.0924894148440982,0.070808225280435
0.1709706338516986,0.40045873668539694,-1.0872998498095674,-1.9492770784137876,0.09300112331725711
0.2095908039692216,0.7262007034817863,-1.3169726122299643,-1.7752581598754797,0.1267159777196257
0.23876948861358024,0.9566620264131233,-1.4161448719605483,-1.5956519270920289,0.2618349625435584
0.3153464250671168,1.6309144477451005,-2.0741778156152093,-1.2454758020246537,0.3456537761733966
0.3195621350660677,1.6503102219598789,-1.9900955462752217,-1.1474836204532335,0.32377653521787086
0.39528269560243123,2.343028584136617,-2.763514576478952,-0.8806307815191547,0.28748620441996503
0.5023350592965372,3.2684084948579946,-3.6167153773870906,0.02648159727915512,-0.02230147318121553
0.3595731041723442,2.0313108764850463,-2.4805685975989817,-0.4882916481877388,0.116491500778289
0.406804430256109,2.4376644174730533,-2.7873096767301577,-0.2724526708552995,0.0700669520756854
0.40743458981415687,2.4592634978778327,-2.9880057402679836,0.47329076529354036,-0.08012672450567555
0.3259429767644469,1.7307540983587681,-2.286008959960529,0.6660105019917747,-0.18700598392662093
0.359081266224428,1.991819662224956,-2.3154839763067887,0.5433205289846675,-0.14535786797523528
0.23752335301512395,0.9720937893686377,-1.627465739341109,0.081315146335587,-0.12903312066425182
0.22477996803205194,0.8141874567251797,-1.1939526224007717,0.036798266810461784,-0.09502125016363062
0.3480742526146051,1.839248236434831,-1.8524970461280073,0.805823653158094,-0.1908333616610009
0.30767507471281286,1.4959748931984354,-1.5959325135746245,0.8155322777599949,-0.25816072395538653
0.17510929854606458,0.3435522422192218,-0.5703169571662448,0.12036598445509834,-0.21725032173094294
0.40334254083168114,2.2910282453467983,-2.0164430523645773,0.6857109247051436,-0.1347447822496991
0.2691722154349198,1.136468008708371,-1.1384246016929627,0.5016363434680323,-0.16348854347281755
0.296531011592111,1.3888294991702128,-1.4394061050414995,0.5596582652416442,-0.16440118048844798
0.25603599548861183,1.0179018932556065,-1.0914155887216521,0.8390593974496316,-0.27423694046086516
0.17315393348782468,0.27231288742154935,-0.3999865973750028,1.1560267180220516,-0.4221148870220251
0.10796919483137359,-0.24057111251672017,-0.3303069560874621,1.3110859321330146,-0.5334413860564533
0.07801312307463815,-0.45232159837904384,-0.45681011222191636,1.3217514611068348,-0.590281308441705
0.07194742909792202,-0.4929924653566581,-0.5348285214599781,1.3892437826885924,-0.591509435125531
0.0426379960593846,-0.7335539783079463,-0.4383842008227145,1.4042324127766277,-0.6054039473797937
0.1396946859433788,0.13438782603939695,-1.3341068453724625,1.7335048802628408,-0.6351635095944805
0.18130813614629973,0.5050109340469788,-1.6787830030395758,1.6734388890703296,-0.6285644255100301
0.08431066610741564,-0.3399580797865066,-0.9650154060034044,1.383311681863524,-0.6069453596732483
0.0522483446035532,-0.6223432442397061,-0.7225808980245662,1.2888498195040679,-0.548204081817747
0.052484921361509,-0.6091639209924463,-0.7252783400077298,1.2158815827506493,-0.6861528363476905
0.050547807233077884,-0.630959201095991,-0.6757618396323828,0.9895924361101385,-0.6170935502172954
0.06111894473600168,-0.5403855362270998,-0.7234419961072627,0.7746079695736406,-0.5803536637882157
0.09357411691750159,-0.25835068376160025,-0.905090572649277,0.3624237406987867,-0.48648539945132385
0.12333179765089362,-0.007878834838156481,-1.0715032417855272,0.042512445378403235,-0.2900569961002999
0.13763281303518543,0.11682462548434651,-1.1364535573965517,-0.2142269041355859,-0.227777612466279
0.14578190735602367,0.18738591508279195,-1.1715822163674339,-0.371082774789331,-0.20680544915476465
0.17218076843872582,0.41983912616898933,-1.3337735188798299,-0.5010163886753604,-0.12523305672794371
0.1198885406414823,-0.03860379992470068,-0.8931469799848673,-0.8342767599674439,-0.04996937662207574
0.20319509709511702,0.692782198419671,-1.557625009040723,-0.5158952467127693,-0.05927935507603491
0.2049067178591483,0.7068899923505322,-1.58598325922944,-0.37962719437109643,-0.0658948835525415
0.215048086217995,0.7962622996372805,-1.6638006523560886,-0.3574863758209056,-0.06456207577756849
0.2005773242618479,0.6787457616623843,-1.562042221746433,-0.3694201145147466,-0.1914046861405921
0.17358676930367997,0.43407428921640384,-1.3679438209685857,-0.2737798524405681,-0.10949120169748229
0.2417052400324344,1.043755571180368,-1.905874376559737,-0.1091819348189822,-0.2572161741289508
0.253125519711063,1.1494680706626252,-1.9929783116886717,-0.11672943324312474,-0.24953012183438508
0.2530587048288126,1.1536024188251273,-1.9890087559281535,-0.16419456113529943,-0.30367568950994817
0.26940881181502496,1.2960865545838123,-2.104375327917963,-0.19143876356895784,-0.23653311480617487
0.30928574126532066,1.6492959433892644,-2.410548456180158,-0.1196209953882264,-0.3035345923442341
0.2771503753391017,1.365413086745462,-2.0850650330159644,-0.33411161633231884,-0.27673400812789345
0.22396139073234297,0.8710269801218786,-1.425578840831058,-0.5822884117259339,-0.2668656483682861
0.26019143006244433,1.138125006330113,-1.3448987216360855,-0.48930381610770474,-0.2267791266591628
0.26477152942293025,1.133831220582041,-1.0628488945032888,-0.5108395465161626,-0.25250184134527914
0.27334271098330765,1.1686685371295862,-0.8551337510540366,-0.4542456505030441,-0.2577596983706119
0.3002175518722924,1.3036308017788902,-0.40398571530370503,-0.15322733301652372,-0.29810829257881605
0.3509531948437838,1.6355704642317659,-0.08490892093621875,0.3238680310451329,-0.3931515664927793
0.37131533116746007,1.819941649272434,-0.27724995706557676,0.41412791719442826,-0.4415244997271271
0.44402903598291316,2.2571817722726664,0.4534422549057806,0.8998142779368564,-0.5460882771437497
0.4978772821712333,2.6309664602352356,0.6469187543729297,1.0905730732412977,-0.43430985547027934
0.4257501560465955,1.950048873555059,1.5407291226863793,0.6893571118081169,-0.3619008892504071
0.439670896616279,2.1669207234544756,0.7833384921263128,0.493106846923119,-0.2632510830870158
0.4742052181362107,2.2565392104869284,1.8618808497691983,0.9017649406322384,-0.21968846314789547
0.44400661686547455,2.072305669787178,1.560337931840142,0.5942718181129221,-0.25814231116888103
0.4592988879659408,2.117145504401164,2.0112959529100554,0.6698374965760518,-0.3386572096419525
0.3521862348902529,1.3836925598942824,1.4884155945806632,-0.0666685604916426,-0.23909029616638505
0.44084651965062516,1.9620271052631195,2.035950080971641,0.49504108252712953,-0.2406490883421694
0.43712032454339067,2.066781976474384,1.1323615936962836,0.23069299482259223,-0.2235467120007871
0.3923938300229036,1.8052567787871223,0.6257251036418946,-0.22995501707933544,-0.1819504046694725
0.40806070954259815,1.937594347601462,0.5266271239069942,-0.3091065674595984,-0.2507745461882664
0.4238383920312118,2.045604127371034,0.5812433704566289,-0.2825362658120624,-0.22322712524516727
0.36715515221538675,1.732679811834622,-0.1536101170767684,-0.7593864321266769,-0.2933284499689884
0.3071127717871636,1.3575163846764635,-0.7074916308945186,-1.1874147396610337,-0.24189159103103053
0.2768967563156787,0.9510181211410458,0.38057088139267653,-1.0840156589077408,-0.15839542930630557
0.3176789028553448,1.378034261082845,-0.33441150673998027,-1.0411223331586739,-0.2872293414224984
0.2742420884609125,1.1437080570845188,-0.9459869617668065,-1.4768713211543398,-0.3592388121448082
0.20058359205047416,0.5644393954105474,-0.889127838363495,-1.7533770881525894,-0.14519023314845414
0.13630920157575646,0.05123585990152939,-0.7027716729069781,-2.0175474116049092,-0.13539634871932923
0.1357218639120162,0.05809632416972868,-0.7851664147678038,-1.933099195174482,-0.12273682198128816
0.09473402323255524,-0.2991395672223072,-0.48755777970434383,-1.9784533112211993,-0.13377193082355243
0.06435866732612495,-0.5618449859926808,-0.27165631151650077,-1.9701898708562826,-0.144197385864724
0.010590743087143913,-1.0308589843481657,0.1265016202934753,-1.9949932838703255,-0.14400691129707258
-0.006189412538526214,-1.1730818154262097,0.22459151444461806,-1.8886038676859278,-0.1628893120536853
0.014182984881572516,-0.9953917402289334,0.0592388231896189,-1.7987066743388742,-0.1861418482655186
0.02143294745119076,-0.9279864163911921,-0.02205544863564893,-1.681105011626764,-0.22142960853290844
0.026171053191649335,-0.8907610065699382,-0.06214320981589546,-1.631742357934475,-0.25025751097903925
0.001379255784920289,-1.1095484823892219,0.12921021678303823,-1.678274236037181,-0.22151344784420107
0.0026078383071396127,-1.0909476165103424,0.1120371798906551,-1.7058679707455329,-0.3634571508105805
0.0031597988772157797,-1.0839215300984026,0.09902299601815535,-1.6601502079894128,-0.3802104952222739
-0.00453289112760611,-1.1651939481509408,0.1650141302521796,-1.6479856093885121,-0.2462488996819636
0.01381636409880889,-1.0052898403982438,0.02012332279533529,-1.5753655363846413,-0.2414115957791073
0.01624734063946417,-0.9713994964816464,-0.005025952079775827,-1.6416625368095537,-0.3643338862749261
0.01147718291369531,-1.0237867582468927,0.02694597207829713,-1.5338978996610582,-0.23645241200118794
0.0004300982322867686,-1.120546755286039,0.10094486727758269,-1.4977441607876145,-0.2267666869896468
-0.010016685624918685,-1.2083627500766905,0.17060193125293982,-1.457865156324012,-0.22776977727616865
0.013973677947704806,-0.990344794337325,-0.003173365398751923,-1.5545650051305804,-0.34323008459505405
0.006746059973839156,-1.0643425930081918,0.05146189216628988,-1.4587708163521227,-0.2180981946095164
0.0092258856888356,-1.0437690290640607,0.051535471491630146,-1.5594167382636832,-0.16819985632109877
0.027872521719110598,-0.8857649344844212,-0.04504670456858865,-1.442154795614758,-0.2519165806041857
0.04059345910625894,-0.8292168635086217,0.31318314583146967,-1.4590238724970648,-0.42971306424241557
0.045814596347429376,-0.8525184021096375,0.7875273518963511,-1.5170464724637391,-0.44540344958540357
0.06410819556958805,-0.7614175882372509,1.1117089208669209,-1.3330523765254774,-0.46440000634445533
0.10438467362439907,-0.48477294604576904,1.3002890136983767,-1.304383304908117,-0.389491051713999
0.2283911693502349,0.4785269530226426,1.1385035373204841,-0.9985671119424456,-0.23390409585056868
0.2949382857010505,0.9588431568352146,1.306994595326968,-0.7293791579536936,-0.14081844100694604
0.3043994301022633,0.9784339376500697,1.7365696229931873,-0.6072085083137335,-0.29723691276623615
0.28998127841662114,0.7855694860482031,2.3116725180520903,-0.6457475589572721,-0.28113735871980783
0.33218388035602214,1.0848437864335465,2.388927964567536,-0.48675479899648877,-0.10319004565097174
0.36718511873492204,1.3385539573992327,2.470789502567935,-0.3793485564939786,-0.10293579427077233
0.3453498536510608,1.1073499166992204,2.9007326373327698,-0.4477315470905638,-0.08043800068284412
0.3842236489147628,1.430202492373813,2.774694825802588,-0.39934900493517345,-0.21408563270126685
0.3616208256799046,1.2145884047789777,3.060642960314806,-0.5385690631375736,-0.1933822326598025
0.3965692578791224,1.5409738544063523,2.654224956321509,-0.5056815289050497,-0.2391154355954692
0.39873549104301925,1.5344754753131107,2.714027360468629,-0.5516526901406025,-0.07508332936905514
0.4001019583394491,1.5759368377699388,2.5532698227417367,-0.6511163674403606,-0.21976054882291343
0.36992775435858655,1.34796655721792,2.534410589487123,-0.7753482983553617,-0.23369157765911347
0.4115178132751967,1.7483763321189298,1.868437458525174,-0.6247218873303481,-0.12105298948537158
0.32988843015521063,1.1013312375577955,2.109563261690287,-1.0068593808157897,-0.2782711979558103
0.34583005077391993,1.3046874737981224,1.5452406681048352,-1.1037931538604842,-0.2879113255570654
0.3053730634100118,1.0214071861714364,1.3828935589663047,-1.3769035564523557,-0.310703253987599
0.32264217709080345,1.2412072012692343,0.7212473150986801,-1.4226501684358361,-0.1638775365707089
0.28867851302006614,1.0261659968159316,0.43633211792389615,-1.672205380512631,-0.1434103805003079
0.279071393626455,1.0409208671607026,-0.1453874860723099,-1.8281044822757266,-0.15668085078974453
0.18308315281317264,0.3140541076595009,-0.14671289699357945,-2.3184427890267916,-0.12266761380586706
0.18237440389516568,0.3785504057831654,-0.6257837155110673,-2.388964339927619,-0.07805060813612752
0.13201455288556338,-0.01126404132872985,-0.5649363429610877,-2.587075065655313,0.004069435543114044
0.1105371815907391,-0.18868318772981016,-0.4665311776017863,-2.617981449963939,0.0426233184491592
0.12066445178746717,-0.09385813017239358,-0.5736296265460238,-2.5129836083152086,0.02856794226293793
0.1386539234893301,0.06448770781124516,-0.734310500497526,-2.3776904534736345,0.014615383460001375
0.12669506372497033,-0.03797298810955955,-0.6469462134556,-2.3807294177145617,0.015664994768145774
0.11680428158453834,-0.12625727599181752,-0.5836305729329451,-2.3446788320797705,-0.007558679386748733
0.0793519381542124,-0.44979709317678157,-0.3088697361334457,-2.402054734320011,-0.006399557635653379
0.07650004441413975,-0.475896642978373,-0.29932123604011174,-2.3649620341797863,-0.023231020403528136
0.0456579224360562,-0.7477095428798176,-0.05590698042377599,-2.449774295587104,-0.010367018640700226
0.12019047436857115,-0.09246770167847344,-0.6292671612546605,-2.2432880378019964,0.025451963050087432
0.09637806629277774,-0.29938214025072446,-0.4412802365509375,-2.3296373252533367,0.039538116834208915
0.039408650981310654,-0.8064832488923326,0.01534710846330349,-2.5001158535091155,0.08394407175643451
0.03172304105581157,-0.8666504304961931,0.04059725298542808,-2.3901388804199164,-0.0769997250460073
0.025279265940605495,-0.9268633645659479,0.07638192274974773,-2.3162089359992026,-0.01683417457309923
0.031590079740898995,-0.8721034662998703,0.011290082409371304,-2.2053097952694363,0.0047139763399264975
0.03525623060465983,-0.8371745080103856,-0.033131929782905724,-2.137843133603674,0.008388611360125522
0.021630046795325483,-0.950950446973577,0.06790160748565874,-2.1894096820390203,-0.1070157268754907
0.025805722147956033,-0.9112902217646017,0.03079358243744324,-2.117579988844372,-0.11292436631223836
0.015250102608543962,-1.0172102409494859,0.09318141027918651,-1.963838478210401,-0.0011553206509306408
0.016834389262888605,-0.9945600035321169,0.0625943837968333,-1.8702164509800647,-0.008630992181976589
0.011996025787960322,-1.0440948648383315,0.08546013619935532,-1.7154863440804546,-0.07294884177270994
0.027504839930020016,-0.9231410209739817,0.05776700612109765,-1.731605613582174,-0.06888213341483346
0.031095804950357527,-0.9493825728782047,0.41821246355871733,-1.7181695880207453,-0.16458244936776717
0.039734338637747287,-0.9336283681937191,0.8435427292206951,-1.7552478534967888,-0.3132668444287011
0.07298239705506217,-0.7313939827720888,1.114042324004465,-1.5936366781762212,-0.23753051336242262
0.08637734088891576,-0.7032287917707469,1.5781070117029425,-1.6234261858056886,-0.2516386372921526
0.13386480973447926,-0.4005828707768238,1.886424758326994,-1.1940900070696723,-0.29267386698470804
0.19068684918050643,-0.02260502192567598,2.1829157908481305,-0.9428856559996599,-0.2621632500018805
0.26697151944799596,0.5644748764834018,2.1260019312314378,-0.8239951914169934,-0.15110164572677479
0.303119649793937,0.8219246595739395,2.3035075112764787,-0.7571972014519485,-0.2420252878082346
0.29844930390701874,0.7044844040794259,2.752951342726573,-0.677252419705489,-0.12375702950481543
0.34449513536715404,1.0583419454148466,2.712650914563351,-0.46666972180113825,-0.11310620666888162
0.35068022529698,1.069348578716097,2.9425556923137215,-0.5247593777309666,-0.08892495168869538
0.40822517365725425,1.542452566022579,2.6892002909758634,-0.32826264917153186,-0.07291712199429876
0.4044485038182695,1.5052667149299428,2.7286494108758372,-0.3387865730711982,-0.07815702873860134
0.3889601672425934,1.3830548434476413,2.7727739339656683,-0.39437896733453337,-0.12686354362659813
0.3617450302665287,1.1646130022231198,2.9042463747510032,-0.5530597903095855,-0.2356509091488422
0.40126448514718127,1.4812418354397507,2.700530088453806,-0.3880654198358004,-0.0940863022049866
0.3167061829491114,1.1620604493420612,0.60341714415488,-1.2773594983136596,-0.034557044475928694
0.3650718372894449,1.2743732023286818,2.297361293544622,-0.6974347211964682,-0.17466697974205597
0.28998694978186634,0.8962830078007954,1.0605538653573698,-1.397135304146895,-0.14826111465910546
0.3621551111965324,1.3989273332882999,1.3094034173873692,-0.9409880306092366,-0.1536576110628146
0.17350273016159215,0.11891490077392465,0.3768656440250609,-2.152041654044022,-0.08764783871878366
0.20674390539729678,0.34457053977386537,0.5181084152243013,-1.9463942850499973,-0.12288100672661423
0.22278979315613046,0.4399044403896663,0.679171667127381,-1.8420363966611868,-0.1502113756769237
0.2155313134804721,0.49103085172953465,-0.01259757096125543,-2.015777700322288,-0.14415859054650787
0.10643452945209095,-0.35598689773766035,0.12445517451890874,-2.5556131560647124,-0.08005438886487738
0.08701045106842337,-0.4953667551803443,0.0924939082752373,-2.6421146428387385,-0.09681844175608277
0.07830917063116691,-0.543321683514357,-0.08641037795560828,-2.6463917522836997,0.0270303419733293
0.06586264200503783,-0.632104761724409,-0.10301301951004889,-2.6262148530533267,0.09714399524108289
0.010814511448393193,-1.1114706238985108,0.3099248888604043,-2.7195250195571563,0.13182782597950182
0.016202478770605277,-1.0592293378697615,0.23750751809017084,-2.5728884895094315,0.13040286166648593
0.016616474999935286,-1.0516872063595377,0.22032129327973587,-2.5178819228601097,0.11702825125059879
0.03551621034044902,-0.8835416996429581,0.05096718807161029,-2.3547772642238822,0.1206364452777324
0.05473830685535058,-0.7150975709994015,-0.10919338373374263,-2.251154928609837,0.05783727061393073
0.03976662482245741,-0.8497955169842063,0.008568965001065536,-2.2817632337396043,0.023811268471519348
0.042725166074355225,-0.822185185308702,-0.024564491305619954,-2.2477111027818517,0.014651432952283223
0.032319951269299624,-0.9097469774348973,0.041495791969567646,-2.2117389541674655,-0.02144150029082843
0.03574013744608022,-0.8788341301410104,0.01254213746467025,-2.16895996502893,0.012214441832069722
0.0325380332516541,-0.9088927976723997,0.030110237042945923,-2.1508078215916084,-0.015583427139267974
0.033054088672324275,-0.9022874299478376,0.023390294672256503,-2.1309766125579612,-0.027578548222040474
0.04676101927412564,-0.7796118347460205,-0.11625486943437063,-1.916315445302309,-0.08421409292956088
0.04401879131169612,-0.8063227699061726,-0.09436410907159276,-1.9069552256587146,-0.08932345745745007
0.022186973772777112,-0.9972367290407056,0.06944183378754358,-1.9545906195039744,-0.10199415157746519
0.04173203005674321,-0.8169417355492932,-0.1094759044182995,-1.8100461095359577,-0.17282367409764238
0.052042469747418905,-0.7294001624977767,-0.19879312498127488,-1.6868155659460307,-0.20477163777862312
0.06555257364807308,-0.6086210308302943,-0.3255378387369494,-1.5298239329724268,-0.2253748773674385
0.040982145944937355,-0.8209563121560423,-0.14825877652989888,-1.5194976419163582,-0.2221567502924831
0.021598512927963314,-0.9983062425552323,-0.008244599173283544,-1.4001891857604445,-0.2364316526766613
0.017523378618580495,-1.0470363369629485,0.10384146528290496,-1.303779731913231,-0.3010733703707005
0.07808875737359677,-0.5683247450550853,-0.011263714757390152,-0.8931892259947851,-0.42656064542072125
0.15967797994836408,0.05094966837062279,-0.06207475145267313,-0.4078775361187835,-0.4508243810188543
0.13355310747795168,-0.24603284277303603,0.5861006533047199,-0.46104076824649726,-0.4598249983044372
0.16494652340325305,-0.0972781921707823,1.1278413265000948,-0.32294443447404386,-0.4777241053297877
0.18781730908875705,0.0926090615419435,0.9501008817436057,-0.4216838392165566,-0.4185496800093711
0.2034495333586044,0.09863764203328794,1.6475347039603045,-0.3370029108764777,-0.37418847445474995
0.2639451204234115,0.5453150833356324,1.7183779366442788,-0.274445582950018,-0.3882142259690469
0.32617651491998784,0.9453894364031412,2.15282852397998,-0.06001817922242772,-0.38498772813123106
0.3695505127232613,1.2947193759791256,1.978149273297972,0.05122430413708583,-0.3099399218847617
0.3528456518920623,1.2231881508002656,1.6147538097872072,-0.2867061508861076,-0.22512932738163513
0.40120184022064853,1.7155120616141457,0.7820403628577856,-0.24483730804744427,-0.23400815222729107
0.4464245862824692,1.8771250283499008,1.9593404908256746,0.19794187175204406,-0.2769507746548054
0.4984802001464731,2.3216690239337634,1.6348891149204992,0.21354437852286526,-0.28895095746149707
0.5397747227292026,2.64974027162955,1.5263856170017294,0.29709570038796357,-0.33357419355294377
0.45868536367218526,2.0139429343777233,1.69063931062802,-0.16019346984623642,-0.24322228882154426
0.4645453300521702,2.216785742518629,0.62792518866184,-0.28935866635351026,-0.2059653761255014
0.4166295003806843,1.8064371021799164,0.9148002841233257,-0.3475846216021943,-0.16621771307892969
0.46493156645974854,2.2571840319321392,0.36001219286367414,-0.23623483719234545,-0.2413202024914995
0.40885856473863413,1.813030155032249,0.5022898381386077,-0.5446205355543704,-0.2342012904748593
0.37189446253700165,1.6521291757857433,-0.287694620006373,-0.9112309383936587,-0.14633226144270325
0.32946453402610143,1.3692437068413734,-0.5197206636365294,-1.3065586083183258,-0.038976581191626024
0.252324529252576,0.7145448998033601,-0.05051460081362997,-1.6399112155037008,-0.04193844786535188
0.2483288069984563,0.739837381633647,-0.4172768771962914,-1.7615260688462466,-0.06392055675187973
0.28885917386424376,1.1274602070327875,-0.9481115363173933,-1.677185061508802,-0.032806898095468114
0.26873956940885196,0.9841977667725085,-0.9853623866815647,-1.858854445237192,-0.06194499741241929
0.21304032719936458,0.5456825268195623,-0.8588348137787045,-2.176570351224133,-0.0018780575995819865
0.1477122185624796,0.012351836473872469,-0.5857363225587741,-2.4415788869604174,0.026187491401939704
0.0938707720361086,-0.44086443646875434,-0.26972718013159513,-2.6225668420302815,0.041412917017393754
0.052777069260787665,-0.8006657703934226,0.038685364824051466,-2.699152356699627,0.08346307209028862
0.041875367364322784,-0.8950410858718082,0.10985002345344232,-2.6585248035029454,0.1061815215678111
0.04315750042091652,-0.8784055495915765,0.0876918172249831,-2.6100282788037963,0.004792889273421655
0.06547557505578547,-0.680000118649684,-0.10941400013892172,-2.4504677790391303,-0.021888624254532026
0.06405704687552731,-0.6910995684352284,-0.11345428618668689,-2.4070515242299924,-0.0796528887015063
0.059020035321198344,-0.7225234097155312,-0.09179863425388606,-2.4168396965250976,-0.1774238522949453
0.06996660003973018,-0.6390097352881099,-0.1765208823794485,-2.322728083253807,0.061010748386590555
0.07875418561469796,-0.5627040240257941,-0.23944764304002567,-2.3382535563690285,0.034289952702655974
0.07736476015885081,-0.5754061326762191,-0.22688355376726926,-2.3677192268032528,0.02764370399204401
0.10872543721255022,-0.30330457238322717,-0.4791106748391552,-2.248739019044365,0.014153851244139037
0.08711455548802415,-0.4970050411651162,-0.3069715546151659,-2.326887422926887,0.03815468724465613
0.11229039695911298,-0.278776191434316,-0.5110753557317929,-2.2014799400659766,0.04542816134001135
0.09395869507621084,-0.44100214730285625,-0.35902220013330594,-2.302241918413315,0.06540135248127457
0.07460435758053159,-0.6125063543021215,-0.2020940093213354,-2.3973905955496537,0.06580561161372224
0.10756331951216791,-0.3283771883398452,-0.4586893458106714,-2.281794602869274,0.04694664190972521
0.1245992208697024,-0.1787176140440798,-0.5860792329943574,-2.237051309255288,0.1222656193889758
0.10553086507210294,-0.34817548385676356,-0.4187020102305728,-2.359217652764008,0.1720240247465423
0.10301456580452029,-0.37434972687729046,-0.39701613232299293,-2.343714795077451,0.2089142863071914
0.09939901756452345,-0.39645954556204394,-0.3634046707046887,-2.379991160854192,0.11751998669017644
0.1977121679911229,0.4417861308529604,-1.0797024537536433,-1.9768818995623585,0.14164858663063093
0.2537029859719988,0.9122646705145528,-1.3748156738735782,-1.7255172318347034,0.090369444118488
0.3374827758071614,1.6127375801992407,-1.8638679031035856,-1.362781765054041,0.09457260805681111
0.4879762005057109,2.975402851409927,-3.4422859831174155,-0.05926691915134695,-0.022276240845566318
0.3804955286042826,2.0262041157514843,-2.865329265537685,1.5196362552943439,-0.53514315915278
0.3229098971484033,1.496402455133065,-2.220852668373359,1.3015436164327103,-0.5340706052635583
0.29659349039205746,1.2896237916906659,-2.0952581677520836,0.870312121133757,-0.4319659652302689
0.4431692572878633,2.321274135944637,-1.5829649238440242,1.5789291804120762,-0.41662688011501275
0.4518748643168358,2.2637286991331864,-0.7423510735996796,1.6508030840662544,-0.479577148494183
0.5224625950565802,2.72694415907156,-0.3112381205492043,2.0248848192311795,-0.3706357926441402
0.5294905718683106,2.940970977380392,-1.322554175660964,1.69902448035357,-0.32681727033620045
0.6116856101742106,3.5127225365399095,-1.0128741229674254,2.1666752852782,-0.3679921037797945
0.5100857280831202,2.893574639327841,-1.959262993228944,1.3458253442223036,-0.2935641697656389
0.49060655457359376,2.8605760222299166,-2.682364477775893,0.9810478869673112,-0.25171479679699527
0.4196643493851291,2.253981984738478,-2.2672635543617994,0.9886245840296104,-0.272705682711755
0.4000823851105919,2.083021470110497,-2.2733756819289064,2.075674006821887,-0.519838575907582
0.35701573955055166,1.6567028452392925,-1.6697712643450857,2.270231856981086,-0.6624427731745548
0.5234574943591935,3.0017325139577364,-2.1275980684518063,2.1958910989620777,-0.5014243852335742
0.5370137643973584,3.209943798405961,-2.868048981439893,2.5527253737733564,-0.5428268385351176
0.4811207041493961,2.7779122969719903,-2.8747681052065173,2.813821883049003,-0.6631304037352154
0.44391571565282256,2.520300960694807,-3.024007397846283,2.5877666146737384,-0.6755290789994836
0.35421769958259797,1.7748778900107445,-2.5787491472981636,2.3339584805626945,-0.6692056987827161
0.3661171284168214,1.8493711042441905,-2.488695560838859,2.4025551246154015,-0.7129382015924092
0.4047578810176694,2.1796911705451754,-2.7120239615039923,2.239172111814701,-0.6180106862944013
0.4122189422084761,2.268786096692723,-2.876787390289509,2.0032653642262486,-0.5416580828892837
0.34232827628365575,1.704524009642142,-2.6595074183405845,1.8915359750752463,-0.5722977753144368
0.35291973904949747,1.7954645036466033,-2.705806710141961,1.8450304033606604,-0.5740615954267317
0.32787698644668484,1.5928477053995822,-2.6313109814895097,1.8562260537279094,-0.6046081960713854
0.32966873645953737,1.6163835649928675,-2.7014523878516714,1.8426497089856246,-0.5806884881228647
0.25306476848837367,0.9447020246714201,-2.085151352737796,1.4983172372948315,-0.531806610570383
0.25144889635428896,0.9318161993385248,-2.138021594434704,1.9056535681656568,-0.6131377165524322
0.20547455931422215,0.5287393197829581,-1.8057452141479018,1.9467545649806242,-0.6607058707371612
0.17203483864982846,0.2347696676941393,-1.5496789257389445,1.8895889469977694,-0.6824773287945657
0.15144748021492976,0.05406203256745194,-1.3890538266888184,1.837783484138018,-0.7020833245878605
0.15779440994568386,0.10899068757619951,-1.4417215252015205,1.8719890537310464,-0.6975836472997953
0.17056988729678937,0.21833033511437838,-1.5409225993408102,1.9197907723963177,-0.7193772410169397
0.20207100054973495,0.497215018548955,-1.7906042993489992,2.0234133942903685,-0.7769543094990307
0.1872209047835846,0.3673132597046107,-1.6752611719392172,1.9797761798594489,-0.7032154248754738
0.18954755139736162,0.39268642956269223,-1.6977929660732325,1.9880692980529469,-0.7152977628856338
0.1875556588310548,0.3758391880268558,-1.6817450372959026,1.9799397125570213,-0.7021497630622872
0.20907117786143897,0.5621183182175543,-1.8482744840118401,2.0505181821555647,-0.6906265500507986
0.18203920078144728,0.3246905443035998,-1.6216269709889453,1.8771609006368648,-0.650963614634662
0.13883943591812192,-0.05507299057070667,-1.2674809970940661,1.648555950323593,-0.6234609740061725
0.1650583474435241,0.17161582563852634,-1.4676592334020742,1.706276749878353,-0.6128814133459883
0.18781174173761483,0.3704772388191939,-1.6428068234368087,1.7566214371459916,-0.6102101858314772
0.20194600640436108,0.4936948792428616,-1.7567345873234408,1.8152235612954963,-0.6120609808422742
0.17802370570353176,0.283281748820336,-1.5677244560804273,1.740462229620308,-0.6154723413184228
0.22722474511556606,0.7174292784225029,-1.946780728638317,1.8519839560807883,-0.6415861466208829
0.21073838907371154,0.566763191097707,-1.7658195922983462,1.6941932919498297,-0.6305945404427771
0.16641987057777624,0.1630364175803079,-1.2817158383999008,1.5173851529967128,-0.6640268932031522
0.1830186033876977,0.27540159279468773,-1.2034325327331687,1.6034021231913147,-0.6064517849306834
0.20941995404341884,0.46009963699243756,-1.086979479661775,1.691405105486862,-0.6051064425045304
0.20635389168285198,0.45048917481127315,-1.1500652710824402,1.4748461451056607,-0.5818851899734501
0.18125323433737645,0.25292025514408806,-1.1048121591084066,1.3292766052710063,-0.5017643814664875
0.19377659026405092,0.2854744903617546,-0.6622674700039604,1.309632137275189,-0.5184715235784113
0.16110699999339156,0.03550839397210846,-0.6457845534980671,1.0689040187347238,-0.4766973955564182
0.16015142784977712,0.024658089082844455,-0.6063070094398247,0.9721131781321467,-0.46214334971749793
0.21175402542712293,0.468790687685821,-0.9525481416290575,1.0749329621909367,-0.4306947016645366
0.20165445993120057,0.3844246530730923,-0.8981080608798955,1.050559390484826,-0.441243594272501
0.19184572964607483,0.28378140933019624,-0.7450870399369406,1.0489520914710337,-0.4500436253377363
0.21309749070146541,0.3982259684968798,-0.39195156975937895,1.003402175738468,-0.4072874339322337
0.24706905067937365,0.5503525156332449,0.323066558655111,1.2104532907162497,-0.46330786471295277
0.282186783936097,0.6562681119409706,1.3849869017703236,1.4964042743298598,-0.5279366369107956
0.30806624630482293,0.8882552459446912,1.1448343786168893,1.1813231800882262,-0.340029355786034
0.2635568252083401,0.7108613575018473,0.07003769898883054,0.653268086621239,-0.2707480912486982
0.2741004425581754,0.7474827276133875,0.3723761987704766,0.7058397935679099,-0.20213975163030473
0.2743226486974381,0.8407043126061566,-0.23641455523897634,0.5700673139032152,-0.18798201076550997
0.27167298549258334,0.7964612870267274,-0.0569782944210843,0.5139568595872119,-0.17316395960643396
0.27591044198434445,0.816639862657697,0.036352050204672415,0.4391810956744892,-0.20002470118353177
0.24644069777492847,0.6619936953789058,-0.38363622617643595,0.13863919776119868,-0.12460331285894423
0.1925987848301377,0.1612483388695123,0.22925423680793747,-0.03197636265424877,-0.2498550094493018
0.14318973909050586,-0.23009967059201297,0.3687533751084151,-0.33164335535168743,-0.1685125943648775
0.08009878302701924,-0.6906873653091378,0.28436431314568217,-0.6633562262192747,-0.23997218896982297
0.06101959721556849,-0.8121875494030252,0.1595902265641944,-0.755029378232035,-0.43356108664891196
0.0708137418162718,-0.7555677633869515,0.2691323064176979,-0.6815800159343675,-0.3841779849222087
0.04838317213443632,-0.8863096407467259,-0.03421347270365067,-0.838989411066728,-0.3466941945717701
0.07253629661635948,-0.6516815047875771,-0.39215085200448685,-0.6584379822660344,-0.33005910518513515
0.042162024607922226,-0.9144617726247565,-0.19806655537420453,-0.5769141283469725,-0.3703262590926933
0.09744978346368656,-0.42591013946626105,-0.6658032612181486,-0.2005008819391739,-0.5519565715704341
0.08460776416791488,-0.5367554869590982,-0.6040982199252242,0.0028197467350201573,-0.6146377089177119
0.005466015034601461,-1.2288567779680615,0.011543073528008374,-0.22575281161078112,-0.5723662044489827
0.008670707214314953,-1.1975168445550977,-0.044665419004157,-0.03668397489477642,-0.5959704237149807
0.006637665137241281,-1.199904089002909,-0.051707039319801876,-0.00850059907299426,-0.6977409860800798
0.0064815863993126065,-1.2021938976986102,-0.0476666562527374,-0.03658055583400203,-0.6991809157554983
0.003876775378397425,-1.2233165599755291,-0.04083586349107107,0.04607105868082666,-0.7184181884083407
0.01802938653299448,-1.1018270489576574,-0.14949746749534887,0.07516290640980242,-0.7108124465785047
0.022692162517938083,-1.0577432207595505,-0.18606885418382746,0.06487689734038661,-0.723274017249247
0.014485479618611137,-1.1381129585414091,-0.1273626584866549,0.14313567394836937,-0.5664807566491001
0.018815076132906224,-1.0889704558815625,-0.17304915071731639,0.15226510775876492,-0.7056744376350014
0.043138687943534856,-0.8748933687837674,-0.37235729360971104,0.2785392762606748,-0.7278077782935719
0.04635915184684619,-0.8496241331797235,-0.4003544347390676,0.3476279855809712,-0.7508741094067504
0.038411769676607144,-0.9164622314374757,-0.3363101271484622,0.29896360809643424,-0.718424662498665
0.04139256785926462,-0.8870888184663996,-0.362096602451743,0.3029826972729539,-0.718215428334374
0.061669832505108546,-0.7105508829916052,-0.5085573037599337,0.2899693456548747,-0.7091895725440959
0.029051867742339418,-0.9958780128019038,-0.25688407040206507,0.2234702172419944,-0.6699373991049598
0.05085190117279019,-0.8120405106563408,-0.3870573652690519,0.14723149380200654,-0.6570484428412554
0.06306408770262417,-0.7315907573911528,-0.3152003747787184,0.15181281427447388,-0.5650351340045656
0.06630356748971207,-0.7957296481561007,0.31113860432866963,0.1508365135926884,-0.7081886607822911
0.0686454615707163,-0.8256273512312089,0.6320070703875301,-0.032487498639144304,-0.7515989065991888
0.08011989165291661,-0.8169106206472657,1.1790352748904702,-0.15659416793986172,-0.7921926021183467
0.149878806926622,-0.37226884528279497,1.7005165824993722,0.029099661025536495,-0.6808881091695954
0.25738087693221995,0.4714218159878202,1.4533997708612172,0.2107117665361611,-0.496062932371088
0.3386234823552581,1.1263101209580546,1.1663872962868604,0.2896984250948638,-0.34315267440952446
0.3578895036272099,1.2268003398973448,1.456464780691963,0.33319639527179035,-0.30422229321009625
0.3975647791172042,1.47946503592789,1.7548684676660045,0.43690977904257855,-0.21533653430426555
0.3591270574310125,1.3762008041885467,0.5596344842718133,-0.30450043151081846,-0.002668620815357366
0.3178636823805752,1.0446725895665447,0.661392437662743,-0.4168460899172836,0.15675013586723277
0.32349012024396145,1.2745964043741387,-0.5671869011529961,-0.20545296363386764,0.07171864361686865
0.2906498396016972,0.8629903944298155,0.5428978466262676,-0.3788010174281106,-0.042840182302363264
0.5027674192379235,2.159661193407238,2.4676783732007053,1.0286706457846373,-0.02324198178569337
0.4322506498536183,1.574461801824461,2.875654005805291,0.37215599870723615,-0.09108306585585775
0.411811872511838,1.5517276846279398,1.965423178708255,0.2072981964367068,0.11682842978478429
0.31838303128022116,1.1431474588321644,0.021364358424189003,-0.6147177534230172,0.08810693387121366
0.34231545479649816,1.1226690475176,1.3403692322871414,-0.32204928667946314,0.029086017224945353
0.24691071991910246,0.39502132499346937,1.3779150363352348,-0.8180040535166777,0.07524537907456134
0.2793913978027315,0.8500212238729037,0.021894131528954586,-0.9424290918774189,-0.02013060386093588
0.18553529307060715,0.1609019960571694,-0.08625556246380883,-1.5577024006438864,-0.026370865474182343
0.3127382104822291,1.1699882270617072,-0.3940955825207863,-0.7571336785632364,-0.08508498400462862
0.3095710037886987,1.2894520691478957,-1.6106788451698648,0.46901402740575415,-0.23201189431569608
0.16874298958362566,-0.06837552113354735,0.18652422046176564,0.7161326750484233,-0.6599819201411842
0.09639950662089274,-0.5754583955180621,-0.08317865235285135,0.37118635362198305,-0.5560825391402706
0.12524966015550573,-0.24551145344587105,-0.8659250702801592,1.2227628396318058,-0.7305763638981747
0.10199487017592435,-0.45987607434657896,-0.7160173655930909,1.3786484507056098,-0.7178027332418618
0.011874793733281031,-1.238277816140893,-0.07132670206296374,1.0955666736857923,-0.7774531899521543
0.028959416387585847,-1.0610788430774527,-0.3309161031216297,1.1482986565376487,-0.8541752974793371
0.02934070217782612,-1.0553761105366195,-0.3346630584304881,1.0453587293597222,-0.8275172738685589
0.010741365576561442,-1.2128256226194214,-0.19771931754471628,1.0240026147444898,-0.8320247051145385
-0.0020328991507730554,-1.33381714847069,-0.10549656326801146,1.1123593223693777,-0.7122050899886079
0.009777151287783501,-1.2298546095300238,-0.1967751710174619,1.123217224628021,-0.6955864110132844
0.01605494547112129,-1.1744011046758012,-0.19705346675397648,0.7975734182969487,-0.6348423924361671
0.08844743555928711,-0.5288083156549949,-0.6514240895467517,0.07134216181469852,-0.5165370701585805
0.13507730853241653,-0.12570608881850412,-0.9379124733840354,-0.29695942799413766,-0.43625866229725135
0.11727743606257719,-0.2813966116765374,-0.797742537386841,-0.3325697900065955,-0.46997808691079973
0.10918214248197848,-0.3499983559479808,-0.7873190184149684,0.017045230674070693,-0.5646782621240087
0.13546122495856133,-0.12267399620380778,-1.0488941399280005,0.5001842099689559,-0.6028815736253588
0.14214138268737841,-0.06320752283999087,-1.142605164730192,0.8237357300663185,-0.6955366193519735
0.12943970743245933,-0.1748027338243166,-1.04044422754959,0.7866491009449589,-0.7226724327103322
0.1568841620836908,0.06244064561524384,-1.2686296052008386,0.9780130557071544,-0.7258302917725107
0.1652577008625313,0.1347140889486007,-1.3591904864179074,1.186456184324977,-0.7492648500230658
0.15422003448142996,0.039424449654845733,-1.3108778581658718,1.4116969987129382,-0.7751148470547095
0.15034524423246784,0.003404781734394219,-1.296862636077122,1.5142739047613112,-0.8102843456558119
0.13143772924457364,-0.16240197459803254,-1.143766216084587,1.4200084151954329,-0.8342321603621349
0.15137947728910398,0.010730242342824582,-1.27801352827262,1.3532566630807992,-0.8413531509097847
0.14429019293884288,-0.0499809635345102,-1.2071470039506604,1.2502725524390748,-0.804995192284029
0.12935046570313177,-0.18776974673941008,-1.0353874662537936,1.2119263659110884,-0.8363323130056424
0.12375976727156004,-0.25146268751102835,-0.890386803280955,1.2293818651029285,-0.8519563726539156
0.13924357008711147,-0.1398071376303444,-0.8806094452721978,1.3180653835043226,-0.8495035706131575
0.17743690750250415,0.17551271708119903,-1.0819220330090404,1.4952277211770924,-0.8462883368738954
0.15614871668234337,-0.009700810364564744,-0.9290576327145302,1.5555354893102193,-0.8540130343739336
0.12271910866452855,-0.2928607859656821,-0.7549914387377512,1.5193951978637383,-0.8652546029395142
0.18227143850061603,0.18533012679866978,-0.9264005108657833,1.6186998554440617,-0.9156667660594006
0.21832105506180746,0.4738934331508557,-1.0522134579068823,1.7864494398337376,-0.8640455653932764
0.2151218637566962,0.3398047002950093,-0.30131327749035813,1.6654913051147051,-0.8642821855466432
0.3167479796417777,1.148826220389362,-0.5313378347348472,1.789409042174755,-0.7917750723081677
0.3302941008933524,1.1761769116075005,-0.05615520357748911,2.0597489055168605,-0.8050865177455252
0.2399819180534173,0.6004139815014649,-0.7861056201931573,1.8526445911836154,-0.8154505411364898
0.24126062692243597,0.5928435749189287,-0.7083420768026165,1.9870267817511384,-1.0072558811098575
0.37210306946771693,1.3878452097726852,0.6121237696916224,2.0931029736480253,-0.9312341133250329
0.4265415463681288,1.8528012110105552,0.3580213947237752,1.7902332321347731,-0.7710131804181801
0.46391453400862426,2.212152265396108,-0.06427024645408318,1.507106927847539,-0.6215963022493965
0.4989574703083743,2.504939485405127,-0.3086387264008662,1.40941471749738,-0.9425542317270773
0.5023466221093037,2.467044118536439,0.11127955101696879,1.4660229778807696,-1.0256504060914777
0.48443643442614726,2.322203001430978,0.17035393264486715,1.3972197652126368,-1.0869607039406377
0.481584733950591,2.2722710544070415,0.37966435378844443,1.3010256614208426,-1.137691739008188
0.48561580084176803,2.3040226428727606,0.3636170937096316,1.2826755049715295,-1.072937020133122
0.4435955797473908,1.9967983802173332,0.3033237806056931,0.975443427259631,-1.0012317485642772
0.28012737462472675,0.863785151787098,-0.357105393611966,0.01719915577201449,-0.9110708216309568
0.30886397525211495,1.2121255519041831,-1.1956878888164586,-0.05019372842345372,-0.9604945200742452
0.31316975235793215,1.2741515691580858,-1.4163728366260833,0.06641289135940251,-0.8841935501205219
0.2567148435378212,0.8287393632732677,-1.348864827514864,0.05632871099803217,-0.8926613998614842
0.22360763372256348,0.5882211325712481,-1.4027804209507402,-0.04698358828694367,-0.9750182901675911
0.20331815503659034,0.41382469932977706,-1.3325276038344114,0.32446321782514836,-1.0985684027990696
0.20988363371544566,0.49410296880943,-1.56555622598579,0.6920322426655041,-1.3926228316453657
0.23046419941642352,0.6741967753140475,-1.7032383681557317,0.47273896787573394,-1.09458869792982
0.2570948641544594,0.9158797043287533,-1.8886339609619385,0.426134382638999,-1.3265761966485856
0.16069908855893214,0.07131705718699553,-1.12805203409632,0.10098061177293663,-1.2632689055977546
0.14424706045571753,-0.07311326406737759,-1.004987722160794,0.10158447403670207,-1.236901577856435
0.10908789504264631,-0.37905394946863513,-0.74634010424972,0.07273755431978497,-1.2403715361063672
0.14930535218245797,-0.02352694941956615,-1.0765211480737014,0.24629798817201096,-1.2603965979608163
0.08489793686174894,-0.5869324776474157,-0.5790443664747279,0.08516862815445228,-1.2932429716191147
0.11828220856567906,-0.2909999528134572,-0.8670230952010677,0.32093277028595724,-1.2990096448097026
0.1505561035095177,-0.0016790590687769079,-1.1374829040149927,0.488428141454288,-1.2276536903329178
0.13899591895191526,-0.09887057574120305,-1.0620272267027406,0.5329111409140249,-1.2115964024910133
0.1164609056945753,-0.29626140662610195,-0.8753454740498758,0.3935233466701276,-1.1041529476151972
0.07737663941325244,-0.6349199801515019,-0.5586306261463921,0.15621992706825596,-0.9667567131443202
0.09511130792597773,-0.4810057632462077,-0.6994163285091191,0.20153086563826328,-0.8289884543528057
0.1553235865301446,0.05378502138414499,-1.165362891105644,0.3243615275192354,-1.0101547732887108
0.17367804772928253,0.20804618361825347,-1.293398775341734,0.30415281113440673,-0.9672917731633351
0.14886189328278762,-0.008528623912295892,-1.0981992491161856,0.20447115265926968,-0.8797787528538925
0.140441706376364,-0.0841038738407078,-1.031380664459196,0.1805297191637188,-0.8903556268918017
0.13084701086908335,-0.16765101714073258,-0.9429522867925104,0.09638864975904245,-0.9933010807757718
0.11413210487849873,-0.3145080145792181,-0.7951652689230784,0.053104395661143895,-0.9866080392647975
0.08300845218834764,-0.6261952452934635,-0.27139539671935553,-0.08662095432616648,-1.0152805143000476
0.13522292283733303,-0.2824026749033496,0.08577019242169479,0.10936366863033328,-1.0933429843430778
0.18365026600523582,0.041455423526948115,0.4075700232503769,0.17255064217698268,-1.0871253735392812
0.2436625394120313,0.4845863563568058,0.4914309410033841,0.19488043179458905,-0.9692053202146284
0.22894657528842097,0.3489209786806811,0.6533327657526828,-0.09430926730614891,-0.8206018855730189
0.3507041393257302,1.3338797531887894,0.2104420956856795,0.2643503688491479,-0.7457970211805831
0.40251439292665203,1.6588599975171099,0.6477398370704618,0.40278213904840554,-0.6730158660702932
0.43808702255728743,1.8682210187002402,1.0469259004535783,0.44764820285326845,-0.6369369007095579
0.5154644179630519,2.487733142239538,0.8084062705776918,0.741757186288944,-0.6226672749501818
0.4871153836284444,2.173300943672673,1.4714710145025294,0.5478128332442425,-0.5675838254675757
0.5183925952693923,2.4085534694187913,1.4856815496646212,0.5600901802187479,-0.5034211398071431
0.5267747866386283,2.4419558944620308,1.6842344798875768,0.6156731155624516,-0.4874711596686059
0.4577903764600825,1.8708669862153582,1.9731257055632516,0.3463571585944551,-0.5037357307126918
0.5426678950651559,2.5823198024736396,1.5126314578190345,0.6380629892267753,-0.5180007801653222
0.47828421722252823,2.01225133123266,2.061892783474932,0.3977360888581633,-0.5452519065109933
0.49611244666926263,2.1428299038471486,2.0637191340136334,0.5018544143960778,-0.5423262740681357
0.4854101789891743,2.0661910337754565,2.028825222354939,0.4285806664327574,-0.5668909734428387
0.4874666301877264,2.0936756723199683,1.9407865814463594,0.4161470155799168,-0.5670741189614084
0.4847033591565122,2.2480732325500545,0.7958479060755554,0.11067137935206937,-0.5826808861689464
0.4598091685362931,2.0110345137716616,1.1116008228906187,-0.005207537877513843,-0.6003853391043797
0.44700884468160035,1.9418743737953938,0.9470597909871139,-0.14564861943315707,-0.6218322382609135
0.4349585181957673,1.9231845549903068,0.4473688627448412,-0.33490972613869757,-0.6571378036028023
0.3608203062431088,1.4165239859224863,0.061259626451533294,-0.8180693395992295,-0.7338140228805207
0.3306665259692486,1.1976666776949383,-0.02669457204348969,-1.0308329456728809,-0.9358577254595003
0.3435073523838626,1.3183603219639037,-0.17380092558356444,-1.0223416119523585,-0.9857530301481924
0.29331375827396844,1.0016950973765093,-0.562803061665573,-1.3712205653652572,-1.038662829594462
0.24169367083686882,0.6550238036809044,-0.853858216686575,-1.686045586234332,-0.9722113033294997
0.17640220786337707,0.13910662688828868,-0.7266558870706598,-1.951597155592422,-0.8885327017440409
0.16045220756174278,0.026482699892548422,-0.7634191333657309,-1.9659738564795455,-0.8611727332013859
0.17576799142583016,0.16738071178533512,-0.9247866067668908,-1.8199761084328678,-0.9049016672569514
0.18519425400468773,0.25563022723565076,-1.0249819781450176,-1.6850371456521769,-0.9078644830066455
0.18500764015767757,0.2568258312823904,-1.0405747924499453,-1.617806547119738,-0.9505327162748408
0.12508887959331558,-0.268275913872224,-0.5810553610009226,-1.755090277155168,-0.9589166545770152
0.05139122605166493,-0.9101486487424489,-0.027127844852877652,-1.8497063819744413,-0.9295484473970713
0.03673717793805736,-1.0384134624305628,0.06483995192011821,-1.719532697383572,-0.9914600194936732
0.03171891391795792,-1.0787272918767918,0.0820468219642665,-1.6224180623673368,-0.9967866961728169
0.04232341525984106,-0.9916755649705169,-0.019797291384947735,-1.4337028990780782,-0.9114992478941476
0.022718608768641953,-1.1525497317187736,0.11661354860766746,-1.4837540919013001,-1.0482513091637302
0.034938311887344906,-1.0572769031296054,0.01684329690611223,-1.3383520161761084,-0.9487477548388376
0.02141618012862375,-1.1731761104636256,0.11404527870211358,-1.3472787497440177,-0.9242016153403773
0.011901841420185914,-1.2475104892842488,0.1652721688853189,-1.3207179623505485,-1.0118801796860886
0.025508843028125564,-1.1397437407052033,0.06762164635543577,-1.2655048515137968,-0.824114193611594
0.04657168873968631,-0.961622107129048,-0.059902484189591904,-1.4418816715177232,-0.6970296920715829
0.0507538072399539,-0.9134692041023676,-0.06949880496382692,-1.6911473262105152,-0.8640809225514834
0.09201177680933326,-0.5528932156614612,-0.38969629987147064,-1.6139101981639479,-0.8661997944073078
0.07935089239529168,-0.6636648633707873,-0.29380623270771844,-1.5889371056138548,-0.9816985356491646
0.041688028496290525,-1.0044169271581742,-0.025325174052528283,-1.433798661298097,-0.788728605572229
0.03749806180880053,-1.0445929050928415,0.020433188637242066,-1.3615871314469334,-0.7845461889699998
0.04688980007586824,-0.9709190452901331,0.0755300803620674,-1.3983930969754976,-0.9226886099088659
0.05378763562245771,-0.9442837612287087,0.1924451663551166,-1.393987965665534,-0.8705941048634314
0.08972586168322776,-0.6747234173169988,0.29590468068587517,-1.4451857274617277,-1.077634857188178
0.23117438197321352,0.4724490622743115,-0.20420224408577337,-0.9635087777034925,-1.1670090214784035
0.3116280031918761,1.0234469075952088,0.15664775591140034,-0.5529395821378311,-1.1896192849285077
0.380783025312872,1.507203249607735,0.35782010238458706,-0.1598667152079503,-1.1238331972726956
0.3797841213678717,1.3835679506736485,1.026330656153501,-0.0012540419047669645,-0.942544795980565
0.40521105146090053,1.5232745186198156,1.4165435005181264,0.10858861979264425,-1.058839187348224
0.45356948620721216,1.8844858085812448,1.4521892316039584,0.16991436769987348,-1.0034739455645088
0.4021475285688264,1.4855730357798753,1.5162361499874069,-0.18798484902529067,-0.9038026255944636
0.35917760491887835,1.2342920918840017,1.0541033336047543,-0.6209141257219862,-0.9184608691605154
0.4569393627149011,1.7406720511793412,2.53454386996141,0.14261577166463896,-0.9150024944404647
0.4427592064720687,1.8504494392373927,1.150411142851429,-0.36507332102481166,-0.9157862497702588
0.5295540715622422,2.4399400748753624,1.5748662119829453,0.07555386398718585,-0.9006992005880532
0.538961512426608,2.4184135766010177,2.1750772940953245,0.25295806589444564,-0.9383826450595458
0.53648547829452,2.4383600059523083,1.907121148466777,0.1717578099726295,-0.9344881508924229
0.5354815208784067,2.4774734067365616,1.5889787328483176,0.02592418072020385,-0.9246558327779414
0.4414678802031742,1.9541017218120906,0.3537646324073476,-0.6916018069595816,-0.9207398408132706
0.46067092965377876,2.0053590333945865,0.9321626329332273,-0.39931448287410287,-0.8298428027119936
0.4286712657991585,1.8444639674216952,0.3960319548962581,-0.6990084240970721,-0.8107077616104159
0.44451245205267154,1.980888860902589,0.2848292529308301,-0.6126347212176515,-0.9215916986899138
0.42818025233855206,1.9784774798213645,-0.5143614432229432,-0.8654153998612185,-0.90632325002644
0.46574060662929556,2.3330671150244213,-0.9992046404737616,-0.684284544258479,-0.8180242039265417
0.4107500558176982,1.8920788649315652,-0.8107267910190192,-0.9612413233085466,-1.0229701852168567
0.41364090889374194,1.9224974730041227,-0.8466225008362971,-0.9902773945662877,-1.0909455488142614
0.35033453878241266,1.4669755576562222,-0.9760048641479226,-1.377739714055274,-1.0994290580911497
0.3386620042332284,1.4455034073867747,-1.4145921886324504,-1.5330820755510584,-1.0608007311281422
0.34117054100431626,1.5482506496067687,-1.9863588925905633,-1.5687387235625916,-0.938879245518903
0.29316996682280794,1.1472895489318662,-1.735212770282444,-1.6259478973637225,-0.914232773927423
0.23844034902882688,0.6785488705471063,-1.334605887421018,-1.9038281475832683,-0.9476277591775906
0.15166826097060376,-0.07810005315184783,-0.6586336066180205,-2.1680704989114563,-0.9225592413396169
0.0662987326852493,-0.8187519707548482,-0.014753695164230762,-2.3579939804061008,-0.8570058788703342
0.18644363330659455,0.23758066942616596,-1.0070698319603797,-1.7046529231917567,-0.9392824966315761
0.23559695730374863,0.6682852167024377,-1.4500392290854869,-1.1482510993775923,-0.9571345049777124
0.194575230799699,0.3098612159704279,-1.1587834926570895,-1.0761674111779163,-1.1274900274032438
0.11102303776500667,-0.4202323718869728,-0.5109632415860982,-1.3377380099328804,-1.076054484099262
0.13277328511072153,-0.22956621425185295,-0.7012931271727288,-1.1730899967472976,-1.057983633361667
0.058286529004413445,-0.8866132733082864,-0.1318197543804846,-1.258072254652675,-0.9955713494253502
0.053151987265497906,-0.934669070608868,-0.11014674538823246,-1.141863966570169,-1.00167523569465
0.03840693678889998,-1.0639575036000555,-0.0071613363057924226,-1.1114781544219852,-1.0527407703843006
0.017725882622476895,-1.2282090473506526,0.11335471868867486,-1.009985151226209,-1.1680199749093896
0.02702716435011428,-1.1586439289098083,0.043433351926130515,-0.9409957190694933,-1.0215928216620969
0.030355769898334824,-1.1256968490197639,0.0058400137286289565,-0.8913488580676737,-1.057188883410931
0.04710676792613063,-0.9848296675153138,-0.11760844066299038,-0.877193402147289,-1.0480820528702326
0.028660952795232432,-1.1279917674284983,-0.0035770610076530517,-0.8656421783471283,-1.1901285602081415
0.02361159098584872,-1.1775085956553086,0.035727692824913955,-0.8654382441816785,-1.1847828691280202
0.03859359641411403,-1.0539819387546845,-0.05021513064110756,-0.9946506117816669,-1.0299871390532203
0.027842582832549003,-1.1571481979493683,0.0620975258362021,-0.8964296511451899,-1.0529053904925558
0.06210671833853026,-0.8759909288686427,-0.04334498717458601,-0.6772693058232532,-1.1843309774905537
0.07824196236566128,-0.8118977534941356,0.37648196174741677,-0.6723777418312408,-1.2774673542597754
0.12872565521829887,-0.44372363614970817,0.5320303903175749,-0.8748930636441841,-1.2454744474480102
0.19691854171800033,0.0726787532973219,0.5356873611552017,-0.9019650029563294,-1.2479577821417294
0.4052327867561924,1.806037364722738,-0.5523061920629073,-0.18936038771512753,-1.221435339671374
0.4309562715968488,1.9023489799231172,0.025248263156411373,0.07407078488959107,-1.169320877640273
0.4835656774961337,2.2767232399156216,0.14898288588949007,0.3534000961261581,-1.1163820152943738
0.43983502075546616,1.8008166694797934,1.1085348932647305,0.20990747266672918,-1.0403428899326344
0.4904249592710698,2.2393588061372633,0.7513584475523978,0.284766922710805,-1.0003445395205648
0.5338446855054568,2.526696574584791,1.0094015496032729,0.41383099698936304,-0.9537170699054393
0.6792908920512086,3.7199210762113872,0.37340216409997856,0.9779846173382912,-0.9317162122502801
0.47413166884883723,2.0256609417573688,1.3407559685786168,0.07147779825493163,-0.8832103886780773
0.5875669639090071,2.8487644019168825,1.5236906331385849,0.6719733943240126,-0.9078733760279256
0.513203608594791,2.2681454141964186,1.6114463565812474,0.27512849616304136,-0.8698523356809303
0.4998075220363358,2.059300120965142,2.2976268147773498,0.274775009989416,-0.8734580993509838
0.5110080405656114,2.1690522300703945,2.0484503422276577,0.277325763520125,-0.8231285272989399
0.47778668343452585,1.9368962863051578,1.8268175715710262,0.00011466800975232221,-0.8587415377136353
0.5195738518721319,2.219517739892963,1.9193307558007662,0.18025842887189245,-0.980234119247482
0.5392366814770054,2.390616912347008,1.532915699491422,0.16651028254050104,-0.9605221937288715
0.47113281122429845,1.871531794898748,1.2801862448762549,-0.3047795706388254,-1.0067983995778278
0.41909609003405507,1.3842352815393282,1.746759151085104,-0.4715793013312469,-0.9481654038226554
0.3952341570047886,1.407372361724891,0.30773052585053917,-0.9723124822624342,-0.9493117329377836
0.36599937663709714,1.1067129094328298,0.7219319662076517,-1.1079088315045214,-0.9072298268473193
0.3396181748111118,1.016799816462982,0.022250488565643354,-1.4312938254058882,-0.9106642594603577
0.31312821422887815,0.9079757191851355,-0.6337272908436027,-1.6424414935144935,-0.7587597410531501
0.307264763210066,0.8139609048914844,-0.2668529628232071,-1.6118692922119815,-0.8579511764468064
0.2620072559215745,0.5412068799252437,-0.6706655294085849,-1.9036235305103353,-0.862781514804665
0.18819014049925067,-0.026178476916668476,-0.5386286602248552,-2.211402578101935,-0.7933729280409522
0.15062967213947734,-0.30678919959891476,-0.4498587946552409,-2.294755365225209,-0.7260028533185768
0.12326684496768389,-0.5177485827909868,-0.28910214596881084,-2.2966160423069963,-0.7335563309268042
0.1514979617572411,-0.2429562240810108,-0.5589879692544131,-2.0839054279994342,-0.6468306890886008
0.0969178364453661,-0.6968244102299538,-0.1712989231149441,-2.1363869752583713,-0.5252240121629871
0.13992915467411507,-0.30978178235398324,-0.5144420234444502,-1.9827855580141394,-0.5088922275463127
0.2595379066038249,0.7451602257800232,-1.4714541435223898,-1.5330966589840747,-0.5542748227331955
0.19602711745195622,0.19026119979669318,-0.9644246282643977,-1.766755567965759,-0.5601205396984918
0.2551522658951997,0.7094291505749597,-1.4294807517379453,-1.598679478534234,-0.6231293403638319
0.22206253662805897,0.4170506993281918,-1.1629859925742962,-1.7223211304111052,-0.683665550933789
0.14041485801496528,-0.28949129273328017,-0.5146483292878246,-2.034311899228844,-0.8963815703471945
0.1135051486095868,-0.5275295680156367,-0.3073348205847461,-2.0500642007819128,-0.8753162327285374
0.08092040105728905,-0.7880201486099737,-0.09973728572078634,-2.058169443518384,-0.9843226728346953
0.07836032831358627,-0.7954942666448886,-0.09964794277043973,-2.0173544486436032,-0.9798206033577236
0.07908494238109698,-0.77934021566266,-0.12885304540793494,-1.9167572722966393,-1.0144506119102221
0.0698260924199979,-0.849396937597516,-0.09469024445249659,-1.7749364310804037,-1.0457051957427101
0.05466422758234673,-0.9811456440650687,0.002706180522526873,-1.7158590144864325,-1.040080146582213
0.06141361920175547,-0.9204956049902423,-0.06369624599611937,-1.6876553250015593,-0.900076159128778
0.11575355120874377,-0.4455334063950932,-0.4756370169381689,-1.6244138290643289,-0.975832100328392
0.28970377981663237,1.0776602624950484,-1.8213350960432277,-1.1656232073858974,-1.1778698172093853
0.3800775026559903,1.854827796193079,-2.4855918614163155,-0.8000081467234402,-1.1142991225022165
0.3368027554343497,1.4554806829353018,-2.0405203681052115,-0.8713969245322916,-0.8914613536902461
0.4877032538172322,2.7740985558827407,-3.3079041697793867,0.3112672105219867,-0.9117516420451969
0.2312941378611208,0.505338097661637,-1.2658534799185779,0.47196931849589385,-1.166793059399083
0.12338290957704003,-0.4622762916725636,-0.19846280439211658,-0.049883065801171564,-1.3307856844174781
0.21729787242988807,0.13476508152739897,0.6193339040860237,0.24091729206763007,-1.4931772478739267
0.3852195111183961,1.4495490970496139,0.37918139314806126,0.2491614146670897,-1.3107872877883513
0.4380041605478077,1.9466821719579308,-0.22545244764242506,-0.31623093157283483,-0.827927244653739
0.5110213872580305,2.700087207377916,-1.563398996915375,-0.15916971046567524,-0.7407207996769355
0.47506221853376573,2.148651225199827,0.20823990657869104,-0.182893069544835,-0.8742172057441828
0.6451009460219865,3.5378592694944153,-0.7241619796550567,0.4635796968375297,-0.7711683509757424
0.5335820638524047,2.5418435335043545,-0.06421696832020513,-0.06836772493217252,-0.67401858456589
0.6594859121639368,3.3684829337110105,0.421806330052963,0.7970541371360078,-0.790410820855664
0.6890429018924357,3.599136937325756,0.025684057319632202,0.7208607341877857,-0.7269293731594864
0.7142900020512369,3.819561730869088,-0.5947479766364094,0.6837973816000129,-0.6157659084919735
0.6992361204027773,3.5332513481628327,0.19542599178573736,0.8141893644213992,-0.8098202989365094
0.7545275413222571,3.8825895229216907,0.2146585247568409,1.1510654635664732,-0.7923308766046238
0.7231418013724475,3.669827788704507,-0.39962028620500134,1.0746865398332393,-0.6258554719852812
0.5414322324208918,2.210221926578853,-0.2604529479651881,0.6178122316899148,-0.8066193394755656
0.7180896154188018,3.4689425645362064,0.03248102249633942,1.2515304889278482,-0.7208040661195829
0.7277184266932031,3.5785967846007343,-0.5389323806298619,1.1769131743282484,-0.6632075699622166
0.6142300960330459,2.668744320843423,-0.46654804800514565,0.6596318557023766,-0.8612367791211983
0.6341256930328353,3.0911499878541,-2.510624832885294,0.7014283935785489,-0.6437610297071309
0.4709383640169463,1.6474691470369993,-1.3383258194706253,0.26970439571094784,-0.8028443624530188
0.5084168191502024,2.023143914560166,-2.047711780733765,0.7149333327699876,-0.8945213814877127
0.4961272449828279,1.743869137809518,-0.8055644320279304,0.7268118773407001,-1.096326657740618
0.5307463634682517,2.2093311862684937,-2.1093462010222637,0.34310098802771966,-0.8669456792399007
0.5057360485632805,2.0746172150246815,-2.335803185956939,0.07211674429881437,-1.0555507690628945
0.48076938683745013,1.9454082039405851,-2.6055350441941343,0.025415230144643534,-0.897136974777329
0.48674240673060704,2.0663399719622686,-2.8365545219022614,0.10636288312234672,-0.7659330958991979
0.3944164937192016,1.318067226840225,-2.1575899111794175,-0.37482717337179194,-0.8797615901614175
0.3297675808764771,0.8079236792195637,-1.6653644748773457,-0.7582100299784702,-0.9723066380914405
0.25196765093550416,0.18782546127790994,-1.0912573260680158,-1.0701723626144033,-0.9410428732471288
0.2572937344390073,0.30118473875203705,-1.1806293928969323,-1.0907826446878401,-0.9228601836303822
0.26242862973017156,0.41644016707325693,-1.2736160283914,-1.103287956406894,-0.9040724213345651
0.2253143754587851,0.15330802836067897,-1.026965671825043,-1.244211956176729,-0.8960302045516849
0.22176388910116396,0.18103249408469374,-1.0599283439400518,-1.1851952808580093,-0.9256824295522944
0.23424802532490333,0.3389262223267853,-1.2145405332927395,-1.0597757323532015,-0.9459975686874376
0.22917334712374485,0.3351468848084555,-1.2189535748452538,-1.0326934102763028,-0.9663382649684573
0.25015911018344306,0.5565295241667882,-1.4274847083777984,-0.8614628352184889,-0.9946555320984395
0.20719169913388352,0.2095239074214377,-1.1132852077004594,-0.9667407614432283,-0.982684695516919
0.14629723320453686,-0.29514568221484117,-0.6598577831367772,-1.130413458185445,-0.9672083231661198
0.08269767681935516,-0.8281960852059395,-0.20063641839907495,-1.2237101615163037,-0.978469515908496
0.08476544632162564,-0.7885995477705021,-0.2617311731058743,-1.0584248637372977,-0.9938696253355059
0.13036118335731542,-0.37133419297280373,-0.649352032596217,-0.8209005637701554,-1.0321525544877996
0.07343991632521274,-0.8528560681789932,-0.2446380357346222,-0.8112055184533927,-1.0657807284809964
0.08307777079921379,-0.7551807059258232,-0.3203303658326238,-0.8820326275320759,-1.0289712512517664
0.10038477491798818,-0.5944070908577763,-0.4676237132669039,-0.7987363416065335,-1.043743365918347
0.11675535811462454,-0.4477058355462373,-0.5727763434952355,-0.6722205850025869,-1.0704832730007818
0.16734200839148533,-0.04520665963687621,-0.6303571351019259,-0.6160283162691755,-1.1197302080963962
0.15869566316627085,-0.18282479298648394,-0.11078055157133931,-0.622091089203917,-1.1198061841650375
0.1769076058801775,-0.09449916984839803,0.24557244919227,-0.5677609591901462,-1.0901473549304974
0.22963467920243524,0.27469159411226024,0.47292523805638026,-0.5488041127852051,-1.0169755414263033
0.3061664647332777,0.8716397183311728,0.358968698004123,-0.33005444319572597,-0.9586519839716855
0.3553379462838742,1.166471830305839,0.8305806637713035,-0.03178837074233531,-0.8435157507505122
0.3398644230154453,1.0800374597508815,0.6511744178692155,-0.2783819634890965,-0.8312767062212547
0.3452972205751823,0.9337368554005752,1.9039737261790637,-0.13869106725778957,-0.8539992955381115
0.37842481490558144,1.1310711889941163,2.241828834002092,-0.05601359961631655,-0.8290749263108801
0.40887857878567013,1.3373146526413542,2.4021420766110877,-0.03103122463723173,-0.8191706189414819
0.4166814106675602,1.360710636318768,2.6732285855552447,-0.07515685651091907,-0.7653110409381165
0.4453797315781825,1.5668225680631307,2.708758416338,-0.0673012051232961,-0.7662504495168194
0.44873934343898986,1.5366675053733618,2.8963212002088694,-0.15762234348762091,-0.7275885757056453
0.4792239983544391,1.6860961699073527,2.843576583622585,-0.1598922237921709,-0.6989219209223219
0.4597062976034197,1.3614122738733776,3.0032384800755603,-0.3933291782491798,-0.6957690461707894
0.4996847226867769,1.4744694024801215,2.880215799717402,-0.386973371819219,-0.6359236188123764
0.48122980945692856,1.0715131334216392,3.089841848227307,-0.5689434958913184,-0.6237352922597581
0.536255089042945,1.3288990590185006,2.629152082566166,-0.505481072747912,-0.5876035908202552
0.5169410028003301,0.9724528284936315,2.658831220805095,-0.8050301805589218,-0.5843307851662995
0.5278798309012722,0.9297984129043001,2.3092749330320257,-1.024611808065905,-0.5504867161869027
0.5257839151448446,0.9418056200637226,1.348960353537259,-1.2826689700853655,-0.45288109699299245
0.47239220244240504,0.5917159026187145,0.629726148447671,-1.7497271173722844,-0.356615713168102
0.43767481830508903,0.2794704001320717,0.7810118888448595,-1.9529188643344775,-0.42383132944098506
0.5218044811201125,0.9873847434765765,0.25158776743773553,-1.6036002279133414,-0.48482612828189675
0.44245996081237277,0.388441924015851,0.24121789105057,-2.01013262174248,-0.4968852578258716
0.4493604842692628,0.5454396106451626,-0.3670915356162227,-2.0830553030276935,-0.5338696244377861
0.39992276364140367,0.22668116532695629,-0.5561972052701549,-2.339203368224321,-0.4959873499955322
0.3597473982828646,-0.029643956103380928,-0.5563017806035313,-2.4672044984744095,-0.5212876791950424
0.3294556696351131,-0.1845891250913531,-0.6068982714485192,-2.475765001528396,-0.5269701909193201
0.33390891727898836,-0.038989584033338465,-0.7802659036033265,-2.294637351943456,-0.5100772020218485
0.3626618613127049,0.32971049425919113,-1.1244091607059439,-2.078300593820646,-0.5739914202873895
0.3203776124708264,0.08023977141983729,-0.9072133096626123,-2.1002586502264604,-0.5911911894131884
0.2759613625409275,-0.18149979719056908,-0.680172657532448,-2.107075741026897,-0.5580673991163526
0.3260584054097022,0.3764420512837009,-1.1882241448534339,-1.8442211207301806,-0.6337496595166424
0.2724740262680661,0.02268545122942479,-0.8818734324193375,-1.8898200149022133,-0.6544793727927295
0.22515807642264082,-0.2919404172488459,-0.5978617492115247,-1.9679190470140357,-0.636807599441954
0.1519249479301458,-0.8454257560568054,-0.10446318649908451,-2.1037019814704756,-0.6224352453529016
0.13847743336688176,-0.8807866843224799,-0.07405872051744009,-2.0743968458759117,-0.6382418660683149
0.14077449261629085,-0.7840987321769199,-0.1653610725977079,-1.996328223476504,-0.661167051890507
0.13020522330063386,-0.8212894532915079,-0.13135945866343485,-1.9822179454301962,-0.561394716555875
0.15785052536127128,-0.5233345140560521,-0.40550992492036403,-1.7798958453257465,-0.5768396341463033
0.18077062743899236,-0.2702276369697483,-0.6382311185574177,-1.6451878878285084,-0.4627475818868413
0.14577781359676797,-0.5346367899394365,-0.3795616774889819,-1.8405461286289588,-0.5717318867084885
0.18391992880981245,-0.15590549700006634,-0.735810688360549,-1.6238142720958608,-0.6240228869125902
0.17024177711588878,-0.23509398398531264,-0.6594913648705654,-1.6628205324076768,-0.6982474591521844
0.11079862610960524,-0.7235371237463047,-0.22087222264831644,-1.826997974345577,-0.6936981087022649
0.10556189891484978,-0.7393866697730886,-0.20210856900752744,-1.838107462303458,-0.6699511489692088
0.11732093375073763,-0.617721247382014,-0.28853658638917357,-1.7419712249532675,-0.6688919692760177
0.10333480694112758,-0.7455954471323187,-0.018805395609674206,-1.679061839521223,-0.6920992871442099
0.10911946355934207,-0.7290436042193799,0.2603110345765173,-1.5152755218815235,-0.6941478172080617
0.1824070174320647,-0.12608510520007926,0.04447949818965903,-1.2959350548929545,-0.7252806480047591
0.21864554545020548,0.10800859997575916,0.3892518567308151,-1.0714143093854545,-0.7363670260003409
0.21879801236220595,0.07538711990726503,0.6548280183621842,-1.0786289882437865,-0.721634942500791
0.2770987560172076,0.43066669442251293,1.2513321908503239,-0.8543202866726495,-0.6818877342557293
0.2823213460060625,0.38085011860365886,1.8517857063786844,-0.8443298691980242,-0.7099898844845076
0.30831560248324796,0.537778391957889,2.119191685117207,-0.7309291173697594,-0.7406185118031055
0.4163801575323078,1.414150492195029,1.6848364052584508,-0.20424936071811411,-0.8022291348027117
0.4650972205019742,1.7548603114882593,1.7134918562036952,0.00675511952826324,-0.8200409134066207
0.5732701107866695,2.5737336853464705,1.232101233993302,0.31109946413117506,-0.8285167111449581
0.5334611910249207,2.0338936170086663,1.901393863624201,0.07719984207687054,-0.7876506512405913
0.5823977690234728,2.2080255694185316,1.8971317549334208,0.27168879574456606,-0.7632898559084493
0.5840670807398766,1.9267671602645253,2.2930426561438293,0.19293151277383527,-0.7406576229615747
0.5743915036373234,1.588345526080226,2.361380957499419,-0.03738696879623119,-0.7468427278291814
0.6062845157179727,1.5615973189089212,2.361838381317079,-0.089012519873455,-0.6966294864453358
0.6771651234336221,1.8838591294135585,1.9787986906817272,-0.008869498091047623,-0.6816572554712039
0.7727681275798359,2.45632973923594,1.209504106875948,0.11027579146669167,-0.6594867001277084
0.7728562151968151,2.211080062541309,1.2190021907609034,-0.13271248128344804,-0.6653601018505357
0.8035028648323363,2.4241593453796733,-0.09903337330200697,-0.4232086467590801,-0.6370710425537369
0.8286837591734107,2.5164884938694945,-0.5322096053324026,-0.5032016334078661,-0.6331250742318283
0.799168224739959,2.1018178050077223,0.01581618193626265,-0.6155833449207184,-0.5967661463368333
0.81530743788277,2.256375042973189,-0.7023529494769805,-0.7735082568560459,-0.5952742582233673
0.7869969128657792,2.045737021961129,-1.0583020494466377,-1.0129953640206537,-0.6055694413529867
0.7915734325281847,2.134634719263761,-1.6289527390692278,-1.1288667972501143,-0.5651888656404005
0.7498572597437808,1.8283374606262661,-1.7739702507009518,-1.433875867228826,-0.540714219893454
0.743294970743073,1.8432971160665863,-2.1526830355328612,-1.5344059192142907,-0.5297233588742954
0.6510022347670728,1.1039523459247724,-1.733247569506583,-1.8774719050373667,-0.43859951312302453
0.5614642733673845,0.3980378573305316,-1.2271565903104615,-2.194138353016173,-0.46479447635148546
0.5626128857544723,0.48752399854284123,-1.339048839351194,-2.114027318196001,-0.4911742571068933
0.5273433995431827,0.27171981036827536,-1.1544905517262347,-2.132987990737163,-0.521508771434805
0.541383076617477,0.5006638886162728,-1.3690483814446208,-1.9889777048504382,-0.5557996043158125
0.5105989124577269,0.33709656644517727,-1.2182561551487603,-2.0365654992762448,-0.5750634132543933
0.49723024117976883,0.33005319539343697,-1.213448762315358,-2.0025487628299428,-0.6016113125437136
0.4102687849504745,-0.3213729756937784,-0.6317466960451963,-2.2097406142714426,-0.6151993826156561
0.3776532183896464,-0.49206388973856285,-0.47611208428894547,-2.252970509839564,-0.63473178048514
0.3840092359720877,-0.32163496724436635,-0.633732257339146,-2.1447323803413907,-0.6745074389215537
0.366368309767869,-0.3586369718780492,-0.6017399910560728,-2.1249711844639423,-0.7070811150650919
0.2818623921477501,-0.9881229356923515,-0.051449506497953226,-2.1871719190300487,-0.6023081680642945
0.28624884275771706,-0.8366011455172493,-0.1906220432925858,-2.058621297918737,-0.6039297031998718
0.24978720186589354,-1.0480536439314678,-0.0171762977127792,-2.00785330904549,-0.4982345324803122
0.3266865187073494,-0.2710075911717644,-0.6936678114549688,-1.863603492289023,-0.5305823616455844
0.4091405464832853,0.5476829219089968,-1.4229971017853817,-1.550640081968861,-0.7486431987538368
0.3891528499840761,0.45995006094130986,-1.3402527487665978,-1.5784925969541288,-0.739794140974529
0.37235260813031545,0.4006039375832271,-1.2895598071787882,-1.5625149237390041,-0.7409326347884267
0.31296233573168225,-0.0321946324336501,-0.913730196851899,-1.6503097670665816,-0.7349114330082184
0.3532600936243751,0.40271791240034954,-1.2923518081981162,-1.509348977915328,-0.7583869201985887
0.37615039670808703,0.6690795075898285,-1.4823909324814035,-1.3324059147776877,-0.7672034103542481
0.28448988567461997,-0.09423115048330671,-0.588099502921185,-1.6381941757258356,-0.7461963755410336
0.29320845315085103,-0.006610117421268866,-0.35793477843769655,-1.4960563386643546,-0.757340531141125
0.25277380275399464,-0.37834184223623046,0.3485661694639251,-1.6623156465063078,-0.720980657494199
0.3378461717897736,0.37255116714533043,-0.2448004107578745,-1.3845579882693584,-0.5949588996869754
0.3785951658808264,0.6547335105412239,-0.12787061733134308,-1.1859924823844583,-0.6152643439190787
0.4156203350669948,0.9150293471561952,-0.18389143637163713,-1.1646927892465604,-0.6090082881376897
0.4426050723152143,0.996873431149774,0.262204012407942,-1.0263013910457257,-0.5199022271295209
0.41238724525103265,0.6782258558904259,0.3936155180084688,-1.256111073271471,-0.5129944616861984
0.45125391700382267,0.7900580281365265,0.9970794381091096,-0.9926066766453222,-0.5873593141754208
0.46309895611965013,0.7420263087281327,1.17451353970956,-0.708218047693041,-0.6094948164170626
0.4768136858713716,0.7344359313570016,1.0923222357733053,-0.5311260315975593,-0.5824366673596013
0.4727551869223326,0.5890805697560921,0.9095303145790349,-0.6171797915114506,-0.5423781254169755
0.5387654287774973,0.7207083034057724,2.3274732936176945,-0.15390858561871626,-0.5722394295919193
0.5368935963162446,0.5239911699646395,2.4919951631364676,-0.5202101662793798,-0.5791626228870891
0.5929844945491677,0.7284911328422512,2.6561304491625704,-0.3549372622870918,-0.6354951965563371
0.6147920043192221,0.6991437639782773,2.5103895063649286,-0.5127234225692854,-0.5745677454496123
0.6281775336736382,0.5617764002044511,2.4957040807193254,-0.6367977410888696,-0.47672822809178206
0.6092456199753971,0.38908310800143864,1.132020598775645,-1.214049842301569,-0.3809270812326387
0.5663997117276354,-0.17726774407345489,1.354677324262797,-1.5577886133948777,-0.27069449190563033
0.6661730637000592,0.32624622441990575,1.9475574069177646,-1.068623788333187,-0.4557139166186164
0.6190795737445605,0.010796351663335327,0.8488572188544345,-1.5566329975788016,-0.41727808826490087
0.7176090943776957,0.7511698068808924,0.13820642745289374,-0.7883208658336827,-0.471252803246532
0.6909599989635858,0.5152395716481974,-0.21196947833338778,-1.022763695675447,-0.4336753443256656
0.7074638587177994,0.6325564544355669,-0.6266538374197579,-0.9288509638548798,-0.43075540081295993
0.7516354607917496,1.0024756910733768,-1.175554539188774,-0.6827279773110377,-0.47784285213629957
0.6875586904810228,0.46427003606612616,-1.004577127187086,-0.7579368720345286,-0.5514405626341723
0.6709374271438581,0.3606526289975028,-1.2078623017849972,-0.7292249344319869,-0.5000243341377847
0.6799890655410872,0.4905544180273728,-1.5204114703209854,-0.5251439270182666,-0.49522694003279144
0.5844538344589234,-0.301472368082149,-0.9268909842338513,-0.7692224698951067,-0.3450441098679715
0.591455922069305,-0.18297543406845304,-1.062903913298476,-0.6814121825227614,-0.33504503183053086
0.6373014615142251,0.29642441741012826,-1.4950079982616093,-0.4753163534984299,-0.5407830071033917
0.6331812581718849,0.33461296252989364,-1.5508812678289021,-0.28576471672528236,-0.6162466683416432
0.6147296200976214,0.2417185900665995,-1.4711968652513998,-0.2671545978000592,-0.4940480433851746
0.6237239599159958,0.40348931327880616,-1.6225805168907772,-0.1283330181829255,-0.5224249226683718
0.5906914913939331,0.19409853091136586,-1.444230584431922,-0.11770660850768537,-0.5003198560741263
0.5493109816520174,-0.08875312168647374,-1.1963902120859065,-0.15062120819169159,-0.49287587144048656
0.5607967480921625,0.0929128894908617,-1.3659332320904611,-0.024743293615833824,-0.48657773427647694
0.5774430631925893,0.31316128485736,-1.5713634299877435,0.142960687759468,-0.5088137788084593
0.5754558593786957,0.3719123144817631,-1.627499271715497,0.23218911144083074,-0.6472510634084654
0.48348523426027046,-0.3564177751849179,-0.9682583940885042,-0.01206490184984556,-0.8039167086907407
0.49365231986379976,-0.1841170839165846,-1.1283822758234379,0.11243843671051418,-0.8603816248470013
0.46685313889941815,-0.3300105604729959,-1.0047454680244756,0.11804335853535529,-0.8553340464498497
0.49821344955132013,0.036911019535983705,-1.3386028783572292,0.33060465765956687,-0.8876490123071633
0.48297762179697673,0.002392859410714377,-1.3184322344277886,0.41374266269889276,-0.9073721641525222
0.4769282178166538,0.04869384351739999,-1.36377127751658,0.49326786962404173,-0.9860517216427209
0.4605249924613452,0.0011078249983007846,-1.3298949672794598,0.5624387756981774,-1.015761756783341
0.4368893260646529,-0.11370742918295984,-1.2341858993933055,0.5881647257122066,-0.9317071064704376
0.46214805251726726,0.19586904196709656,-1.4668704342843382,0.7555565343435746,-0.8945489796430434
0.43393623725806146,0.015314540774330504,-1.1591589501964925,0.6701000938392623,-0.934276857928504
0.36839829867237595,-0.5195441039447304,-0.43660383095661803,0.41121885373580463,-0.8955150092325944
0.42796615686127726,0.0214687899737013,-0.6861134384971013,0.5985239809379298,-0.9118650692978121
0.4280342926138677,0.004465583301140756,-0.2965706533299725,0.5359297177478789,-0.8713271408142016
0.44528566121018953,0.1681795816036117,-0.390095110223048,0.4250494074749864,-0.7541170511757747
0.4352025083067121,0.049619294382151506,-0.11159089957067704,0.29234988177662247,-0.7207939729712228
0.4237363200668151,-0.09126810155866724,0.12979777176100993,0.09509486792769851,-0.6513463262759189
0.5242587750970001,0.7031382141851752,-0.3011647091966602,0.39879338535173725,-0.6240111398957047
0.4426883172321046,-0.026717861703446526,0.14550551291893363,0.07427465661530544,-0.5495720711776649
0.39872237074125366,-0.3922133489262486,-0.03710795977362856,-0.05094043884609027,-0.5591439789049885
0.393421848020997,-0.4338805205335309,-0.5199792445674876,0.29525971456034483,-0.7440504756312075
0.4344600845364907,-0.2736748182982096,0.08182919140562436,1.3671875634004325,-0.9087208517525958
0.5166081171552288,0.36352279324704234,-0.3191809684357289,1.623526304939083,-0.9140061621516558
0.5228838847694282,0.46721887282282976,-1.0948254491679754,1.6009548861945222,-0.9893522864938372
0.5194963059785607,0.34793985941307526,-0.9178567331144423,1.7991618627861758,-1.0970469438204538
0.5101290090195648,0.09255375640019001,-0.08685612636495597,1.7728558523191253,-1.1145009939662638
0.6100248227374445,0.7998304761469223,-0.16707179038519104,1.5830057025193762,-1.0521053117539712
0.7259764209118489,1.7802058121909945,-1.3551921056525447,1.0252108916303484,-0.8409049885160156
0.8862503990221972,3.089452116510269,-2.5311708310562295,0.5336647282761676,-0.6175129805061521
0.9450649576592589,3.5089783851638208,-2.899733942832002,0.07419741407633554,-0.49459332230839875
1.0016644322698744,3.9324519247107332,-3.359543672711724,-0.16998017081611125,-0.35437401325886864
0.8964637978351006,2.9734636554221403,-2.747567861686719,-0.6610816258400717,-0.3104931423987717
0.936277453265477,3.262611522739955,-2.960049398764813,-0.8837421205167411,-0.33662154973790415
0.911310400845394,3.046611541302228,-2.9959325420975285,-0.844878755821955,-0.3894040463702068
0.8674703984138956,2.6407590222805504,-2.6762234023607605,-0.6218782469753104,-0.4708993395918295
0.8740152173648086,2.7297102828923916,-3.0581137622386465,-0.3709931352947508,-0.4926666038863819
0.8203705404633946,2.2865507555827995,-2.900654046094727,-0.2701981007135435,-0.6501144076040991
0.8731808015105929,2.7437546430547375,-3.301105666308199,-0.09541397766436889,-0.6773204190352714
0.7900383029768616,2.046070874726384,-2.8393619808103914,-0.4742014221865151,-0.6304149288993215
0.7514052043200132,1.738054840613757,-2.6215327308170018,-0.7636555228720904,-0.6736335048882736
0.697440473994729,1.288267332411369,-2.2147184861617246,-1.03244992236071,-0.7156343326510577
0.7531929253929278,1.8167383533015784,-2.6810625866488214,-0.9010789711223833,-0.7072328735607448
0.701553480408397,1.416552673942306,-2.3081601547437844,-1.1048973023652142,-0.7063551445115213
0.6858946327065892,1.3453273754814556,-2.254109785342274,-1.0307330086872875,-0.7160056689911135
0.6354526952249102,0.9735187130016687,-1.935941189391724,-1.0319447019374568,-0.7454782005102419
0.5199793011755941,0.03975336080709631,-1.1104190881158074,-1.2718112791860126,-0.7820393235428099
0.48369167388827905,-0.19115816388943896,-0.9321301231878077,-1.1825027931172698,-0.7737036922436403
0.39352554420332847,-0.8970092123860501,-0.3079576060724066,-1.3544034522830268,-0.7258162475062042
0.36117508675112076,-1.0826789481825068,-0.15938007119418054,-1.3153842428952245,-0.703073006632921
0.3670804594545461,-0.9281416254931798,-0.3251648218899881,-1.0642738112631676,-0.6991481882500072
0.33032192340674044,-1.1414923576796099,-0.14590147201106654,-1.0414077637064336,-0.8560071138026465
0.32096734067063243,-1.138487870004114,-0.17538316109483876,-0.814683300113835,-0.6416253393790646
0.31905730347999717,-1.0643700123439932,-0.22830305931181968,-0.844144853469146,-0.6309875590076205
0.28488607403193894,-1.271626285653257,-0.023731297329820163,-0.9935726047283463,-0.7719525377542337
0.3136406929988128,-0.9288942489684604,-0.3280274656584344,-0.8708221800317177,-0.8154349310921654
0.3138179059569896,-0.8358273828860477,-0.39393575398525926,-0.9708581581945861,-0.7241329318687045
0.35934064607221344,-0.34782181887344893,-0.8361779160998603,-0.7240787135986946,-0.620474459350619
0.46706740482763726,0.6753412182026473,-1.7217390268434698,-0.4113042041848789,-0.5822909722789975
0.6110225669277352,1.9915321483282966,-2.7165098081419283,-0.8241026921336357,-0.2626880826294716
0.7451735397399294,3.2179222715660454,-3.726274209402857,-0.5979725680476511,-0.21734336758085324
0.6607180905386959,2.4847416660424777,-2.838181185506733,-0.8197104450729619,-0.2749223019553846
0.6589495274890849,2.4429490806957532,-2.4472504412032707,-0.7653706832009332,-0.3303621747057602
0.7149565302194147,2.900944052611098,-2.5797301386067275,-0.3822260810642336,-0.3955957761093678
0.718164121642408,2.883648298913586,-2.2649306310405626,-0.3069856207883242,-0.4102033149830184
0.8221301770215965,3.6943857434257628,-2.4335519159896144,0.26518341000775,-0.5183400952440648
0.7953259788630448,3.2919229952843994,-1.2193166518423195,0.27951153946827056,-0.5478069560201443
0.7839159277678768,3.0724745985836286,-0.5060702841401946,0.09378527633597757,-0.5286041849551996
0.824237441016551,3.295500586601625,-0.2843025187148404,0.14242543543085337,-0.4839459303371966
0.8744180841143107,3.5502720509767633,0.01811848953151093,0.3800504844597269,-0.39422718650319233
0.9654669749625205,4.268362837301158,-0.8366919896226481,0.49677958086463375,-0.41162286263178977
0.8724002238200065,3.3722365545002924,-0.3701003992055834,-0.019320426135805757,-0.3368486820414059
1.0357249206544867,4.70488021776684,-1.835738998286312,0.49337140119091116,-0.27157370842415296
0.9045086615586391,3.84323632132434,-3.498182783947973,-0.3792659859284194,-0.10572585321614125
0.953352112231113,4.153182991633626,-3.74639397840198,0.27637313083248466,-0.25583255242864733
0.868342553557881,3.353510593243584,-3.080801065987095,0.32026085149629746,-0.31626651246298704
0.8410474577328773,3.1227052793350305,-3.1957185929900978,0.7484433390669138,-0.4511158214141392
0.7844075587699589,2.6189239403657685,-2.8614498760610316,0.8074276586496775,-0.5027950867549064
0.7285165784145238,2.1627586569799218,-2.976118527929425,2.2387831792576267,-1.0287069692944877
0.6268279701533965,1.2677868346362766,-2.157692358738082,2.0522719184730196,-1.011370335289155
0.6669125907948761,1.6468916932767823,-2.5797447826943833,2.179948187541712,-0.9732865255314476
0.6950419093106925,1.9135777473753044,-2.8436166039651587,2.476172904833834,-1.0263459214523867
0.5526901320913762,0.7242564127095443,-2.0086625259177975,2.1661003186128354,-1.0934106706262827
0.5734328701307435,0.9410353691056772,-2.2465920453678776,2.291835578187285,-1.1332239352478788
0.644990286434257,1.5981411502200578,-2.784751530058642,2.5962244447682954,-1.1884298854196376
0.6219145115184121,1.4522749218919004,-2.7897281993342804,2.535223675965987,-1.3595717447037445
0.5752532145307377,1.1021732057294698,-2.494329818251911,2.307528736057481,-1.215708810949016
0.5542327540565951,0.9758064937334414,-2.381752379072549,2.066325667337009,-1.065079380318046
0.5499743246415971,0.9916643328228182,-2.4136070771933533,2.1899125988985517,-1.040419588134808
0.5269579696677924,0.8389816638537313,-2.262321277342919,2.0601098928597055,-1.0903540410679533
0.5645230458308576,1.228020462020464,-2.576000249834364,1.9787731451929438,-1.0630026275334599
0.2861406817835312,-1.1614763419424896,-0.3864603660409222,0.9208213245721637,-0.9714608436703608
0.22943976675660635,-1.6004694781082602,0.019614922009041847,0.6910435554846366,-0.840391592736833
0.2226718831707058,-1.5999213853310295,0.017615674199992774,0.7239406458805089,-0.809317026364257
0.21642435916399683,-1.5915389655495982,0.028701808355550664,0.6410487672915012,-0.80533212485311
0.20945697446543943,-1.5956215324181175,0.018629743218988023,0.7592043143473377,-0.8398064373244224
0.20355853902418575,-1.5915097809855567,0.0242865230598409,0.7362891168268685,-0.8812841546048692
0.19866496699781505,-1.5786815727081576,0.04255312183577549,0.57400497991986,-0.8134627011378078
0.1942147985427628,-1.5671212447217078,0.05762733923908136,0.41533102127712423,-0.6997683698200617
0.188853813130016,-1.5634318856272418,0.061174525652370526,0.39718464060169345,-0.7180420696833877
0.18356128705728877,-1.5567931505367982,0.0713152325240247,0.3277297211345052,-0.7334424212502942
0.17810005787196304,-1.5530562981568716,0.07499657688363968,0.30449037799759604,-0.7291057928987568
0.17232529755788611,-1.5549890138339988,0.06805041749923833,0.37741734074169475,-0.7221703853861802
0.16758867985952036,-1.54612777698472,0.07997620793286297,0.269805028679704,-0.6846975281428116
0.16168094808236483,-1.5439826094569327,0.08425731957427436,0.27627675860265066,-0.8542054495689259
0.15544991442675563,-1.5460844253357693,0.08095680976029435,0.3630809239496672,-0.958529327012067
0.15187969638282842,-1.5364515368512408,0.11667718147943443,0.37594985116227764,-0.9735490480963883
0.15165454040245907,-1.510745496238105,0.22626168389384424,0.4364378436296609,-0.9097604978462333
0.1533333389858392,-1.4718494329231722,0.3828460303872615,0.40871797695804235,-0.9269003909910212
0.15207174323251468,-1.4505745508209242,0.4564119775706486,0.3806157091501405,-0.7565436594733015
0.15233948151646526,-1.4148308173717647,0.5809925731224188,0.25140040965267113,-0.7291815037410785
0.23604987801614274,-0.7145325581951139,0.5786118949220068,0.3911424600418876,-0.8016997107943341
0.24164557043867732,-0.6190186970048579,0.5293215615101436,0.34319231505360803,-0.7446303257086994
0.26441290778435084,-0.4262983082866859,0.664731886860524,0.3899051515603907,-0.6716428106386146
0.32791110384036715,0.13663737617627125,0.25870422210226246,0.5491917249640368,-0.7304215901636965
0.36827938860135817,0.4653794847394103,0.29109440435768397,0.6909188129517012,-0.6829825545382349
0.3601792488457744,0.32851937374690304,0.8844945413883548,0.7239884876310063,-0.6508851017965275
0.3881314777474471,0.6513761063388818,0.09963486245018038,0.7067055488761873,-0.6515684573264107
0.41377314618433453,0.7649056598413871,0.3817402361566593,0.8005334309064007,-0.6316856634850753
0.3832801232960266,0.399181377444677,0.8896421376561575,0.781846585479212,-0.623649833764544
0.3434200683550064,0.04987058617311008,0.6960455536588158,0.38621811064360967,-0.4308449862720408
0.321807616925121,-0.10019015778155559,0.1871942604718894,0.05880649964863339,-0.5329906327344732
0.36622487426716543,0.19242293080457742,0.03889804394297472,0.277574768709269,-0.5336557148054891
0.36829194641261104,0.22274102393052453,-0.37668961540130735,0.1646056360820759,-0.5313440900279449
0.369351672643589,0.21279435986822864,-0.5894275609126717,0.14246934355124682,-0.5429187224274554
0.38784721443296644,0.36195179155280327,-0.8249067139969128,0.155682942108139,-0.5515463931744706
0.39623759185041596,0.3992402063874429,-0.7418508641508963,0.2243549708730503,-0.5460481412253632
0.4083009127175122,0.48470490287389073,-0.7804534845181836,0.31168294207667163,-0.5651653143427339
0.47495535030182057,1.059277424651094,-1.3046056389520808,0.526117207439791,-0.5898414560499823
0.5174793303322349,1.4209164463214226,-1.580630704331109,0.6949917067484416,-0.6322083453155946
0.3594131821469377,0.107801395788479,-0.783804919430648,-0.01905834806151696,-0.5764002063366562
0.3636484889268247,0.16757471962180864,-0.9545681072397912,-0.08275150370050163,-0.5387810654394971
0.3505505941852001,0.08315172131707256,-0.9826537323332553,-0.167444214309033,-0.5357611708669751
0.4040216035708586,0.601111000586293,-1.6121685566052053,0.07795810028488022,-0.5431090788134907
0.45139926116825035,1.0484720143405615,-2.075260536751417,0.49062589021535785,-0.640689139466294
0.4554334777724602,1.1241311472322197,-2.2302735782329344,0.8154138028275338,-0.7034193152759648
0.4197579319303653,0.8499721504945678,-2.024652945132066,0.9462779606847039,-0.7930662971934043
0.3685747335046247,0.4383204386017645,-1.6923255829230857,1.0440621874315876,-0.804512773407212
0.4479448428672627,1.1752610993410963,-2.377521983175285,1.4566216085779744,-0.877124714489245
0.4185072652723065,0.9568047735893485,-2.18177524163906,1.4125450306122775,-0.8970016964876442
0.39959149169126296,0.8303647533124189,-2.082161810588474,1.4634523878113987,-0.8948903605087939
0.4306488563563478,1.1412902131426963,-2.3646320478781853,1.6018987941922829,-0.9092430901022139
0.42786404370843145,1.1550724431413502,-2.3561434429239996,1.4942047373823457,-0.8910621677275852
0.4306341500297927,1.2169894439590525,-2.397642972559935,1.4319565691204448,-0.8440129529492054
0.4311327647740567,1.259395860280889,-2.4301040245215333,1.4269965485326574,-0.8367454796162211
0.46767908520034945,1.6156698818650175,-2.7565678979288206,1.60485479763632,-0.8564396758905022
0.4100163073052199,1.1469324205115903,-2.3505401392564496,1.5611215339280773,-0.8824144819149304
0.36560299553371006,0.7944679800720859,-2.0329997471377053,1.4487453859822632,-0.8964358039607679
0.37279511808389104,0.8927620017093851,-2.1235361609059216,1.507845269600592,-0.9082041619360453
0.4013769376923327,1.1781460844779472,-2.3744208862065497,1.5942140587664564,-0.9036894705944531
0.39620718422884227,1.1660686329929235,-2.366963824581675,1.627612604053263,-0.9307575278533804
0.422856330954214,1.4325666095547902,-2.601258397208605,1.7016595104451764,-0.9107611381425573
0.3980140772525077,1.246198474557576,-2.415142770322468,1.5318007778304772,-0.8767531372589037
0.4288774994552994,1.5487501045687828,-2.664034740981878,1.5365830309914035,-0.86003766094918
0.4622218599035508,1.8708378058319446,-2.939323690932104,1.684882719931206,-0.8392998944454293
0.4980010352621842,2.2071768591444765,-3.1945616969458293,1.8308854158931358,-0.8361575531582967
0.42755350648388923,1.6146898676362733,-2.6317592017506586,1.6705778574052923,-0.8491475809510873
0.42776384937255313,1.6369860808114451,-2.5978833838475768,1.7043497823157439,-0.8711075962516035
0.4894385611068262,2.1946278137182063,-3.011528223055848,1.8509418509675646,-0.8478449143342742
0.48473854365907176,2.1370124074942978,-2.6740708149343493,1.783791724840981,-0.7883438948220397
0.5486442669684231,2.6807515106402695,-2.8886213769121185,1.7741013767054656,-0.7040586992335814
0.49667024326143655,2.2407285952446983,-2.4037527223469737,1.4409264291434882,-0.6473520787965816
0.5903609337195442,2.9709455523521844,-2.402750967535363,1.7918630831117355,-0.6903648106781604
0.6058194420876424,3.0714317693948483,-2.1650966405094247,1.7424873476937282,-0.6377553603591104
0.6231047301167956,3.176557524307349,-1.8837973591889616,1.8134485799653097,-0.5777877908434291
0.5915194291547037,2.8922694440566827,-1.4769139686299713,1.6067387132654085,-0.5581944771273253
0.49060058558052516,1.96917851985395,-0.3463979645828418,1.147466688808082,-0.5435493633904281
0.588945168439176,2.5412683071255593,0.701113963727664,1.7046263482291852,-0.5749805727061535
0.5702436547667415,2.2959847741297357,1.0348006488848707,1.4860774102800665,-0.6044663894112501
0.510157061020459,1.8201849837736372,0.5183371497901664,0.8384893918139461,-0.6455698134691716
0.5709473138682377,1.9259393134461569,2.0369894237635804,1.2502829956038755,-0.6480598275335346
0.7536830567730729,3.4264070879560498,0.3581378714861,1.65626177810162,-0.6688633484427582
0.7130878248258372,2.9456198428345166,0.46046397401554356,1.227506154019705,-0.6527475392729645
0.7207582660173798,2.811641919648455,0.6592276027625215,1.088720722700473,-0.6143675460925234
0.7441041070363216,2.9012173929040723,0.21176146691144246,0.8774349764640491,-0.564721906149555
0.688306296822838,2.3131071979419784,0.49161917180217857,0.4255637316186939,-0.5480049761177097
0.7224173635058259,2.5598444278359995,-0.08892698436986729,0.3318973762911566,-0.5359803947165604
0.7227975954781828,2.580349657831705,-0.7176429400119855,0.07321083865056767,-0.5368291326674199
0.6185549287317463,1.7003586993812403,-0.47402081588113837,-0.5384941515410456,-0.53544882200824
0.6556011792444497,2.1375791238781905,-1.7444016241053657,-0.6920497430832028,-0.5073047444786303
0.5519803207753522,1.2802380480966968,-1.3578578989612902,-1.184775898692043,-0.4849723726790127
0.5656688011328523,1.4137993277334235,-1.4692667115389135,-1.188805768887548,-0.5482619355248859
0.5253963962592072,1.1673280622223692,-1.6374983898459168,-1.4548610268358777,-0.5028287016903715
0.4477553172858042,0.5815795997992744,-1.3531288986684984,-1.7111374588286554,-0.4519690776405895
0.39026697257469156,0.15434868435166985,-1.0363391885905315,-1.807667779569396,-0.4626042541448517
0.41164225739427346,0.4144085182147307,-1.2807690530271412,-1.62671931281083,-0.4895689056896208
0.4412738237440736,0.747343294856772,-1.5702459332897751,-1.5298795113732653,-0.5050606071501269
0.3628490776527997,0.14298798473380228,-1.0216263488782453,-1.7625572093556696,-0.4780113252750686
0.2892721465233843,-0.4182687891534142,-0.5338848974713811,-1.8854702533449577,-0.5168779390246906
0.3254193404209537,-0.024180405675449258,-0.8941767188199349,-1.691179565339763,-0.5360184675328277
0.2927786771749242,-0.23204444320854742,-0.7013415384036605,-1.7929101243934333,-0.5208993490993306
0.26299258427836225,-0.4159688684536223,-0.5351880027438972,-1.8498926992804952,-0.5513825833852708
0.23440674323736282,-0.5894246155082541,-0.3930446203158457,-1.8585080896545607,-0.5633334211192169
0.1825702680659498,-0.97548598640467,-0.05079466490014628,-1.925600255871343,-0.47634917270901006
0.19298592044533772,-0.8150594726794682,-0.20870984359920558,-1.7863004106955298,-0.3610042634991272
0.17458499719003645,-0.9168992896153977,-0.13716340209554057,-1.6837822657248622,-0.19877093963214723
0.16934852139871012,-0.9017687536447455,-0.1426633913993883,-1.7137001421502343,-0.21331668639988735
0.1552303948015439,-0.9685090568875556,-0.07223771246682781,-1.7808274944750717,-0.2942825791087839
0.15748924146466897,-0.9011543807906608,-0.12108072366381493,-1.762160491752233,-0.40247568618267276
0.13386184749551983,-1.0588960993022725,-0.003479364906695325,-1.6833016833182004,-0.26311726866468105
0.12204970804632151,-1.1233425485698665,0.043767234522051855,-1.576298770271367,-0.13997963115625275
0.13020970606313056,-1.006338146126373,-0.03991423870727513,-1.6049888023601953,-0.29316757556839623
0.12188279875458315,-1.0607452648130757,0.08180402979233307,-1.569958405640832,-0.1963127298040349
0.15331841398505158,-0.7780676980779825,0.03630506146617073,-1.4732093217842308,-0.3162718605547595
0.18894645124227316,-0.5660183869784263,0.7137292140378817,-1.3473652974534873,-0.5947204025342543
0.15679420447505363,-0.8126942449648822,0.9584704107137172,-1.5657650133555985,-0.6670059212119108
0.1824248148445616,-0.5226662387332812,0.4018587358633777,-1.4837419745502771,-0.3240147682189569
0.30972746429705067,0.56876079912525,-0.2773566155333202,-1.1162318323969482,-0.34774795741134834
0.45852049715736365,1.6410526701787491,0.1836218626926223,-0.15212401570376635,-0.6932723532768067
0.5514106885632388,2.325069053617689,0.39068683278699706,0.49578603972009466,-0.7742991011089041
0.5147530479576532,1.9234106734819114,1.3351825703086975,0.2739956276984466,-0.7445906571398941
0.546094696245077,2.1332933793923354,1.5373224727181347,0.27234689694982833,-0.7026122114797214
0.5702552083312646,2.251270547119231,1.753910003428893,0.3871479325773557,-0.6661572462468422
0.636310411233194,2.6844843306094366,1.6167711059662515,0.5893305068133857,-0.6409098107576993
0.7267256247754155,3.2964842667236147,1.219911425547744,0.853110423448884,-0.6201520102421834
0.7257721796731181,3.0715191186965343,1.5411202102233499,0.7288198662837853,-0.5761898886729775
0.7481040473155776,3.015601564939244,1.6209271023557001,0.7107243570793189,-0.5476983921141942
0.7654090694189584,2.927318733643569,1.519540464086063,0.6287795540225075,-0.5738679116255999
0.7711966859181069,2.6830917003492165,1.7446904981721143,0.4871647513374009,-0.5126063914433857
0.8093636573480605,2.765825315711382,1.4326132472499806,0.45578353201445443,-0.4910824601438478
0.7790838658145204,2.249450998953338,1.7500772532558326,0.1888760317951295,-0.482428738590773
0.7123659416823276,1.484415339984979,1.9633406887045126,-0.26556793345329854,-0.403651988175885
0.8109533828324239,2.1440217229502956,1.2236060521351824,-0.06881943063000096,-0.3979086100205609
0.7587861278779497,1.6191470286106908,1.202361577710292,-0.4869753775396004,-0.4461858193840189
0.7398927958570736,1.4815026955326607,0.5302466266539014,-0.8488769245686665,-0.4225032181315454
0.7175074147207805,1.2525013711687671,0.5419942641497427,-1.0479930379988494,-0.4605362353409537
0.704287905373032,1.2792014272156058,-0.4825524001334428,-1.3750758087875699,-0.3815301116640219
0.6247653697520467,0.6860631355913678,-0.689864970578881,-1.8477531139991716,-0.3148341346584818
0.608165576546822,0.5886936555912804,-0.9307238885627493,-1.9478404530109938,-0.25645964560659723
0.5532946905568493,0.15206711676241905,-0.7220567285223463,-2.136894274089603,-0.09013041742773407
0.49069339554858293,-0.32298619549210483,-0.5350724923303791,-2.3221043377932302,0.05428894402519023
0.47923409220176544,-0.3627207748078267,-0.5954261298689987,-2.330246483813633,0.08343417363626987
0.4871644125167826,-0.23800256619262775,-0.7182944016180169,-2.2907369083043334,-0.06415891084051656
0.4261179090416943,-0.7142646936129067,-0.30246409723591167,-2.4251051654879596,0.04604573520572309
0.385397231332001,-1.0074301450839367,-0.043620960942716586,-2.4716441423170012,0.045194694741991316
0.37557204958571694,-1.0311285246478377,-0.031969772436889296,-2.4023440774948015,-0.015675974735076325
0.3883351009610601,-0.8503859282677628,-0.18926697696592296,-2.340830816024092,-0.2096270998516011
0.34532207573557194,-1.1566237531736818,0.07522202027984003,-2.315697671016304,-0.19822693790419837
0.3364037200428549,-1.1453565474242164,0.051385039040000476,-2.231032083659114,-0.18497371708246396
0.31963822066770736,-1.1904911125033917,0.07522763893415173,-2.1210936287791093,-0.22773508648143942
0.31767826065677285,-1.106036639577139,-0.007731206010139623,-2.002356676547612,-0.24554788424650764
0.3150251908586274,-1.0220395746308693,-0.07934895303097693,-1.957903951323452,-0.246631933329896
0.2885333081488545,-1.1475545036079522,0.02952447761977372,-1.9600007041980814,-0.2703653379208846
0.2856399736651551,-1.066751590913322,-0.043565950084708205,-1.8857614442356936,-0.23892911634511674
0.251523349377006,-1.2525612660050955,0.12098936751747769,-1.9110408149325508,-0.3496814625559723
0.2469679502202584,-1.2084602507469808,0.08049957943732894,-1.8421373238864978,-0.17963310332338375
0.24137118946267858,-1.1730015255391577,0.04459410318341675,-1.7676415355118633,-0.09523641591692923
0.24178840568228624,-1.0870242829174537,-0.026736653436643987,-1.7652982111687623,-0.14914273024572186
0.22754124158403194,-1.1452775122366774,0.023980676712101263,-1.74389291223665,-0.046923605199987055
0.2062652388941294,-1.2521871659683723,0.15283518041750183,-1.850363764355317,-0.40826478560097806
0.22303689216002615,-1.0730144209274166,0.12945985132773552,-1.7026385536973907,-0.33472618026831213
0.2433247053676042,-0.8874001468082511,0.28000600538694476,-1.5441172626391468,-0.40843251722262497
0.26485675997660063,-0.7211955103730311,0.6596292725568633,-1.4769872332113048,-0.4574683126273459
0.25392377006922184,-0.8282160420277244,1.1485772298284351,-1.5427585882217383,-0.5236393412949604
0.3101337642379166,-0.38936365963991304,1.2948330404735144,-1.3145010027859099,-0.5257259071791124
0.34398492676381137,-0.17226245857402644,1.6473986005469432,-1.261722422757227,-0.5119222965256746
0.43466554183068024,0.528314260337127,1.55301613572736,-0.9732054872337631,-0.49898095782924007
0.4729237627986246,0.7523637751217155,1.834409529072042,-0.7978079393813421,-0.5109627334962602
0.5220221253381657,1.0629282982568249,1.9472570537110065,-0.5463828884291134,-0.5364253087142735
0.5461505855026546,1.1334672521534557,2.243618198804186,-0.41913334792116663,-0.5686276858824869
0.6341665619623562,1.7187534962741409,2.0261437656968244,-0.055417758939289685,-0.6424855687326413
0.700639207524535,2.0687303587331027,1.9395109765276974,0.1407801471508922,-0.6427872804583055
0.7497007599296335,2.231501456472321,1.9549201321665224,0.2268322558809612,-0.631722399901235
0.8523125283124124,2.836695007044203,1.4920234155894783,0.5005132390657772,-0.6341148542401791
0.9251139694621797,3.1707835403581237,1.2074303078036082,0.6340433742487215,-0.6158644888611642
0.8822370656161573,2.5099674128568656,1.6555892076491943,0.24458839531691937,-0.6204710369987831
0.8512276640920208,1.912147986700611,2.1919556617208995,-0.06370140233632796,-0.5520468948122493
0.9450878967354942,2.4439158734767252,1.5342017167307327,0.045687184643917175,-0.5612954742289462
0.9774629400600905,2.43721141286564,1.4166266277528763,-0.02740069177695919,-0.5303069765889931
0.9353344194689757,1.9307352515274858,1.0195094647024943,-0.5651054386470702,-0.48835539285801366
0.9757421895100489,2.108380383659542,0.44562739566875226,-0.6584551198041624,-0.45205694082315
0.9082137525186202,1.460444199729891,0.37704721671806896,-1.2210335389005493,-0.47266337599636804
1.0092511158123778,2.1457036048412506,0.1413577792153352,-0.8030630052980284,-0.5013409975864861
0.9760104344716202,1.814812233680789,0.15391134517065516,-1.045353434517742,-0.49959842751275435
0.8950159114137507,1.2750673124963505,-0.7046393435105117,-1.7036132254084644,-0.4528208024429597
0.8076790460929807,0.5170241841386379,-0.43522567925968314,-2.114389173834676,-0.3664270494591734
0.8207471832262064,0.6875288290602949,-1.086338684941441,-2.2545617714419426,-0.371695258833826
0.8043200912390887,0.5195167327629496,-0.8471643702545616,-2.271667324695505,-0.34415552985740366
0.8070605230082586,0.6025544563095152,-1.1639180054459588,-2.2936148060387818,-0.34513085237458474
0.7671667917019155,0.33435704924627924,-1.2103887481899438,-2.4512216204363093,-0.38673789898147876
0.7077210713907165,-0.11830436690192644,-0.8856933357056667,-2.5974349392407063,-0.39695599826186323
0.6710312349024474,-0.3641094428070714,-0.682573370572459,-2.5939351145271243,-0.3885463071848912
0.609866573266385,-0.8064749131125275,-0.30333693731540934,-2.6635438727669016,-0.40409335313071965
0.5831313864832917,-0.9369821159770988,-0.18656114519735,-2.6871896222512905,-0.4260785655570045
0.5537235828018964,-1.0802314334778702,-0.06253262997383899,-2.6971357554177446,-0.43602523342074645
0.5405245189342852,-1.0780189263014412,-0.06811947710722895,-2.651358207942975,-0.46028183435312137
0.5349350744717299,-1.0089024326536817,-0.1338527664349505,-2.5605384764751347,-0.47159090300382983
0.5525789722042229,-0.7327134008234202,-0.387378516265989,-2.3942466838138468,-0.5459913853163025
0.5467297257062138,-0.6620832808165636,-0.4508184751778448,-2.310875845811818,-0.5574783567797731
0.5439228351059617,-0.5634071674599352,-0.557663650390167,-2.128917251583487,-0.6196848509238864
0.5152094032342899,-0.6951874128786256,-0.45533806414295386,-2.034030161069179,-0.6292802295125988
0.47130399680284923,-0.9639619227985841,-0.2140978971904512,-2.052002174270054,-0.5956968024959602
0.44436402847333056,-1.0855265322136047,-0.11161253040792798,-2.011464376390862,-0.6053119804996582
0.4356727761180835,-1.0451858320150778,-0.16031005134280638,-1.8674928680260534,-0.6316229500084829
0.4393687474370275,-0.904143317058061,-0.28824246349594124,-1.74561956534645,-0.6451971182589912
0.41285152679719095,-1.0192525780913626,-0.19101885760455434,-1.7270880177386365,-0.6777944048884068
0.42793687908503736,-0.765259576527108,-0.42270850001284516,-1.570165921933704,-0.7986687844061612
0.3862413785180173,-1.0379408540453368,-0.1225044660240004,-1.7994692425680818,-0.7174521824639919
0.3866174831377263,-0.9521870614688246,-0.05918349018312764,-1.5093609631208331,-0.8175442642639231
0.3719465618240382,-1.0293925254589356,0.2959831488603815,-1.3496056381086095,-0.8636677956671269
0.42424047787924624,-0.5687758620943413,0.3643328786245476,-1.2721130646652954,-0.8523227549809702
0.5400041049585919,0.46286854217262247,-0.2559036105262627,-1.1187994721924444,-0.8406809471764904
0.6586147827478093,1.4532071152262194,-0.6559994932820834,-0.4302606256544477,-0.8101784549695787
0.6882414887906887,1.7318616087138703,-0.9596960848766204,-0.19192831698498147,-0.8599946905738421
0.7287051949230845,1.859130715340164,0.09982766763107812,0.28887640489153366,-0.8684380195161416
0.705712765345319,1.6239764290357597,0.3028429594454948,0.17100066916618128,-0.7923071155749524
0.7472052460231865,1.7781716192182182,0.9819777214094345,0.47088767265133846,-0.8467717170358596
0.7289595358128498,1.521974987458796,1.2329432977361707,0.38897582342536613,-0.8561065167730341
0.7997283570004421,1.9283356363781292,1.3166682723586782,0.6291813497961793,-0.818068921074014
0.8355626702199187,1.980907833595232,1.771394956114702,0.6790322853378895,-0.780382055431888
0.8456699331146785,1.850896618368718,1.8818963162812106,0.400483510581973,-0.691946116187953
0.909076294147252,2.19767142462178,1.2738389091474773,0.4206973229228685,-0.5292799502267733
0.9434326293815569,2.0930672159642376,2.145767897667493,0.6175928623529762,-0.5220772857445047
0.9823027202991071,2.1612479903382824,1.9998399998950358,0.7396483384516717,-0.6202671302560827
1.003478780957426,2.0865728080726718,1.7923654995713871,0.7628358012471964,-0.5256970540189928
0.9947052518728404,1.9093201624331604,0.8096187263504546,0.43493802114659635,-0.41735334693611736
0.9484905387352806,1.4853826949193747,-0.17510200146042448,-0.18715454147532776,-0.3137757316803248
0.927806919558304,1.3657929963861568,-1.514772107786771,-0.6833788233957847,-0.14694509924829685
0.9206672940989175,1.2473065700666282,-1.7235798692027657,-0.8358262675780452,-0.09640791547935698
0.9625291203054891,1.5902562293391602,-2.1367481443447534,-0.6535594508339655,-0.08959717863397852
0.8649920036824895,0.7533703120106369,-1.4622773121821486,-1.1159745805294965,-0.0523266277817134
0.8104429587770856,0.30414861828448125,-1.0505628485841805,-1.3409260196585184,-0.048888591021475324
0.792832235649533,0.18301033807553657,-0.945650285229891,-1.4110259075960856,0.10121475977019226
0.7911651472290732,0.227956899648882,-0.9716544679396953,-1.4436218683163733,-0.06351541146475556
0.7970243239421698,0.32120877167883083,-0.9936929512152641,-1.339019667617116,-0.14123700087356406
0.8265692223096057,0.6828046313376366,-1.60267458733173,-1.2665688650300686,-0.17426117977151948
0.7824355160246506,0.37967424339377553,-1.4103627712467526,-1.5853564892407765,-0.11717293350563794
0.7821427845258123,0.4495078817201031,-1.495688165000294,-1.5251816921371462,-0.13395574848620276
0.6676524526929417,-0.4609642275185967,-0.7147216835793416,-1.8361543326452197,-0.15843065158893352
0.6844442326990461,-0.22737301341118069,-0.9454234317238647,-1.6268805673890017,-0.2232764399437788
0.6964356955941794,-0.03178144721872978,-1.1267857430475667,-1.481871624829391,-0.27883577331544485
0.6668284079546204,-0.1928439721989809,-0.984422074984989,-1.4943493449005607,-0.3549195769526997
0.6115535379271938,-0.5834234956274276,-0.6416741567540059,-1.5473407702132846,-0.28703889080696227
0.5720816577640149,-0.8236922497048351,-0.4301190063929177,-1.6149665800158026,-0.2815664161555871
0.5272701757696917,-1.105554772661082,-0.19359336997896415,-1.5854853754164053,-0.22225063257212913
0.5438326346827642,-0.8505895249286907,-0.42197644200553147,-1.4725460165123172,-0.26502921376452027
0.5072380463244248,-1.0652846045570432,-0.22611304737627835,-1.530094281116075,-0.32436176312410214
0.4855182994969461,-1.1480869434056893,-0.15563502564825984,-1.5040460800912805,-0.30569321414259376
0.4643298990242057,-1.2259858618472417,-0.09645922555396717,-1.401270715952006,-0.3761870632079414
0.448576454094006,-1.2543593836479807,-0.07796306658184589,-1.308521704608438,-0.4912454664578714
0.4417355185244669,-1.1958015887353324,-0.11779765256505305,-1.35689385362619,-0.6762924941248739
0.4181553649912857,-1.2795621846284868,-0.04566903364088875,-1.3231208790063198,-0.7218369661530992
0.40945215845214517,-1.2387773107300037,-0.10285341059068727,-1.1173088177765755,-0.6626326151589728
0.39054403172665325,-1.2819057433690813,-0.06265397754215048,-1.0894240266066713,-0.6274318140946895
0.380971066594483,-1.2294689148321647,-0.1215527659455256,-0.9305751755874125,-0.7493011586635095
0.37875369952093496,-1.1349145053811447,-0.19344097029508892,-0.7523139025242,-0.6804345042222044
0.3731418443651419,-1.0940560327915847,0.0036147344437430216,-0.7155929262358165,-0.7245212445774714
0.37419095637800975,-0.9833906000379675,0.08336311673572454,-0.7891971782845212,-0.8629713608707322
0.3590602212316432,-1.116797415515052,0.8538684954516071,-0.8753936097958606,-0.9460889663497952
0.37580616816555984,-0.9615544459995428,1.1353862790349096,-0.6463605304090235,-0.9295103791421895
0.4153392125202886,-0.6433178872832733,1.4186453713891791,-0.35405168756102423,-0.9499403995031671
0.47164668346923305,-0.20674078206408808,1.6429438784629593,-0.02730117766685039,-0.9252656113423648
0.5434152663714086,0.36318536367308785,1.649827064134263,0.11273588793778984,-0.8557199540147364
0.6110656161567838,0.8747435770421207,1.709725574846395,0.1470800386500605,-0.7639224712567989
0.6121338226383028,0.786096048267966,2.218957719169925,0.09202196648418261,-0.7056096943241881
0.6388015607381101,0.9080019656352245,2.4593764326483236,0.14657853323779144,-0.68429597104939
0.6439697344132164,0.7909280638427355,2.864355969237163,0.12015266632849231,-0.6438574616958878
0.6990426766767688,1.0577562971058425,2.8608631100847877,0.18223503997157633,-0.5925620219924366
0.6964271504335665,0.7806623720898499,3.286565966298178,0.06732241532236444,-0.5480462079282519
0.7184811131541277,0.6886822074172005,3.5319935929218214,0.08300993393257752,-0.5225159524750902
0.7506899053679781,0.6831761308141825,3.5511875426399575,0.06757111252425245,-0.4596955101949561
0.8291538811289808,1.1438243677769182,2.80076590734924,0.23961285374026248,-0.5476465253118719
0.8507530419050243,1.0904650595617444,2.5224982882633933,0.13110056360736017,-0.5073565372738191
0.8413323917005578,0.6746873304938159,3.1676975465638746,0.030717111165297364,-0.5072198138020323
0.8668505104148065,0.6600840012129799,2.9461504532574625,-0.08403027220225101,-0.49689337046775167
0.8782977223017296,0.541674872237153,2.7708791309525904,-0.2603329536530352,-0.46827378425221455
0.9133180103197105,0.713098441552517,2.1051892381788844,-0.39532825417536527,-0.4483036801200361
0.9432761691021722,0.8819773846729275,1.7457387830580875,-0.3569136150732651,-0.46446127938509274
0.948877257800402,0.9234436293925706,1.2482051867017026,-0.4465981518628187,-0.49475906876721165
0.9214970413167475,0.727549951436516,0.9619904734793119,-0.7210380504050757,-0.5048665189753812
0.8630728636586863,0.2916281392768014,0.8744349914286704,-1.1164459956725652,-0.5213993268042156
0.876400783879639,0.4995291861271669,0.12157015867940697,-1.250901429427856,-0.5294215627965921
0.8165346942559242,0.05466761588627237,0.0881876393027908,-1.6007086349990858,-0.5141963000375909
0.8165310910134821,0.18267198529731496,-0.5608412831370115,-1.6434859406818687,-0.5382353586314377
0.8435968062338304,0.5486064577853794,-1.3198877303499297,-1.4218837793804968,-0.5211329427279141
0.790496575725211,0.21832860436697807,-1.339574832484143,-1.4336600587967128,-0.5116938295514122
0.7554694399259162,0.02319465586162968,-1.22558047780089,-1.3340723948505884,-0.5518286707306219
0.7044918172731084,-0.30862791246943727,-0.9463391376873276,-1.3179887577648577,-0.5982891060497111
0.6958416625794689,-0.26396476915697176,-1.0082655624822634,-1.1264571701280925,-0.6437221118847942
0.6197650369208636,-0.8012699714158025,-0.5435856126378455,-1.1563981324486525,-0.6612553703392394
0.5684781150205324,-1.1207750806351242,-0.2716808049204512,-1.1645967399613444,-0.6838091964762362
0.5575323047832462,-1.0854852873025493,-0.31686046410226565,-1.015497523477621,-0.7072958250557955
0.6243906656797085,-0.36528596108847655,-0.9815166750112673,-0.6236441354662107,-0.7679432920117529
0.5960592389883114,-0.4752340463980616,-0.8948321477783252,-0.5451118170936908,-0.8120475560375275
0.5913680048284491,-0.37921634935836995,-1.0005399544476141,-0.3408042633991347,-0.8589389197753284
0.5164352074521423,-0.8950296664208508,-0.5554146135168679,-0.34320296766188524,-0.8444110748186108
0.4846861735682336,-1.0395630353273657,-0.43242289221269503,-0.29318977475545527,-0.9017304778153186
0.48104237337119815,-0.9389936771987146,-0.5244904088075892,-0.1880077344243439,-0.9315956309546428
0.47027709790477096,-0.9058307457673935,-0.5506285636821437,-0.15190308524314436,-0.9277150730026887
0.49721106613393057,-0.5467346227572806,-0.8637204700213037,-0.027984567290101355,-0.9535133318392633
0.5690400704097314,0.20184400013359013,-1.5297521777617742,0.24603982364598817,-0.9647266382901913
0.4780319724438137,-0.478898527111901,-0.8964761489743478,-0.10871437279292186,-0.9408034038007947
0.5003483849736875,-0.1739447650447345,-1.1784780635664247,0.1282520672561206,-0.9877581438362691
0.47977856643649053,-0.26449583336622934,-1.0155482922246795,0.13276589597269992,-0.9375931826797649
0.4561412166564806,-0.420379307422837,-0.6433376091794988,0.08430460766424205,-0.8643489244453942
0.4652301994813669,-0.2887933431928088,-0.5385072456153279,0.08834725473906076,-0.9141193631751806
0.4313179371356746,-0.5209178987025769,-0.34993005690945345,-0.08046504479621581,-0.7781040038414947
0.4397138336772647,-0.4835900142438697,0.11194864876978508,-0.12553693222146764,-0.7871116288560639
0.5378714252461008,0.34000134430272616,-0.23500488480209525,0.10057247952487709,-0.7763939881039976
0.6046672079651211,0.940188320222962,-0.8590823362639842,-0.012446467032455588,-0.6598189661095786
0.654806010172236,1.3625245297427624,-1.2724641710813194,0.010768329850451999,-0.5622388432354369
0.6706584834848559,1.584929852839153,-2.1193508898802365,0.0037983133250535164,-0.47847737107147204
0.630943309012358,1.0880672114714305,-1.0067613116826155,0.2669124150078621,-0.506881408663582
0.7034119725356358,1.7215244115580746,-1.754355789813348,0.5096815754400963,-0.5559976779876494
0.6775214388244315,1.3883563541996156,-1.0646117063647704,0.5811106365729838,-0.6227113189271827
0.7419711362834934,1.5748720891479275,0.6790874962362743,1.2254562994475522,-0.6791201641731482
0.8232381319553002,2.196186030418232,0.28587025742865224,1.1571997401205099,-0.5275688984429936
0.8985062833609736,2.75955804564118,-0.3362724668225551,1.3531774258417135,-0.5355432153964552
0.9369529577497067,3.05172410380838,-1.05607284977988,1.2374324652205155,-0.5079606468256783
0.9717128841452467,3.0617259458940285,-0.15982987120416917,1.63471270247582,-0.6195114747097381
0.981303949456114,3.010395481293538,-0.07529891770090916,1.5002230659025235,-0.5960018145720913
1.0676346935396857,3.4031759338735292,0.811897716578349,1.8713321579990665,-0.6014486359170358
0.9571296597476399,2.6960392259210813,-0.9893740407825082,0.5696192206488129,-0.27229638639450576
0.8940960344309872,2.0111149390013465,-0.537216474419252,0.2535567103994035,-0.20128749842614213
0.9564398132788429,2.3722925153302854,-0.3795013197007453,0.35320581293762116,-0.3228959897658291
1.057092211409378,2.9929243603496016,0.16007213112891025,0.7765406377435874,-0.5434559264877679
0.9853370282586212,2.400213656661384,0.09655564878071368,0.27281404596500697,-0.5302654010657436
0.9578158531149407,2.2400958623245315,-0.4709589441108042,0.07752776023229505,-0.5717320913570993
0.8861126499103202,1.6245317392966108,-0.178765589808692,-0.12322069770517054,-0.31767338232729936
0.8043557429058117,1.1876566317568065,-1.5249495498776684,-0.8206905148945194,-0.15702642427622449
0.7691917539912158,0.9323900661325051,-1.6541455715176647,-1.0266883349530165,-0.11337765354148302
0.7328255900096304,0.6458558621680903,-1.4967906422247341,-1.0236907917194595,-0.2275188157533542
0.654241139193422,0.02080754425926476,-1.0985671473773937,-1.1639627316940573,-0.19948452731602373
0.6301996667696771,-0.12514861950824396,-1.0462244564693486,-1.131801515161307,-0.23632859367713907
0.631156249346984,-0.047257262945790204,-1.1450519080654102,-1.036099840854967,-0.45393771148293777
0.5959830969971676,-0.28236308757114115,-0.9689663172590364,-0.9276703858847593,-0.3198510295937026
0.5897221822085477,-0.2540387883885846,-1.01094156692258,-0.7746189586848897,-0.40980270631074844
0.49056864776490466,-1.035051302134634,-0.3192828725100282,-0.9487181709348076,-0.4909341584415405
0.5313451226119138,-0.6000949943822377,-0.727626955805683,-0.6430218171607904,-0.4107658584728559
0.523888783829478,-0.5822122440602746,-0.7622100884898835,-0.4842686852970936,-0.46477235895814256
0.4886242181800909,-0.8101976124804924,-0.5643845626326729,-0.500604560614829,-0.4894961120736254
0.5377571851723324,-0.30558300358430396,-1.031521393130208,-0.1969104566492397,-0.4612930632106679
0.5488979535516556,-0.1358535429610119,-1.2240050255005528,0.14995047393590288,-0.5125164242154363
0.5199527349264123,-0.3191010794209429,-1.168609233714923,0.8157116899684638,-0.6892298168713833
0.3962813989854017,-1.338609428464575,-0.32750202105529197,0.973039585677301,-0.7872797141274002
0.39019248421708563,-1.3280817935704814,-0.36480117438686166,1.180958266240516,-0.8317148656247867
0.3701385582045549,-1.4254346061548322,-0.28741450698362947,1.2141918197150126,-0.9831506501743538
0.3663021909097318,-1.4043647873527256,-0.30835006723827424,1.2717291520880858,-0.8690322584395744
0.36259585250318294,-1.3743944743800098,-0.33002018623895363,1.2892892283549742,-0.8809375565461778
0.33118950806911346,-1.5847532608619403,-0.13263587959350792,1.1936386102756416,-0.939637227839352
0.3652193185794966,-1.2319924952840617,-0.45105325891855264,1.3489210446458029,-0.9022325261833698
0.3625991260817213,-1.1984130445063026,-0.4750847992376803,1.3609217147312542,-0.9282112055308562
0.33544595208515426,-1.3813966684273187,-0.28187389130063395,1.2881054501782985,-0.9151201338764846
0.32941965572080445,-1.3861789796722703,-0.2407854684051057,1.2914194341330363,-0.931160496496568
0.3289428116769238,-1.3504666775759069,-0.22475998083139134,1.329860288611289,-0.9215247365452801
0.311233934997432,-1.4807959189606343,0.019544308660062196,1.3168596092741232,-0.9122323751516689
0.30783713650099265,-1.468491903399632,0.029930058062760844,1.32280423689609,-0.8938487721417988
0.3402837323085117,-1.1445190545227324,-0.23666341793679627,1.4569939633554159,-0.9173439962006685
0.35533061712166686,-0.9931030115125439,-0.24394229056464112,1.5509695267206494,-0.9223122597535691
0.37951891145379396,-0.8241603649219872,0.03278167837426615,1.7643886897280876,-1.0113423077563841
0.4170052499699629,-0.5663052667194671,0.2979533191523676,2.0557461749410875,-1.2910093586938562
0.4454942392327732,-0.37281688889166964,0.5892697140830476,2.0843368273716663,-1.332919600330065
0.4332494989755547,-0.4203337931991754,0.4158103170017256,1.6946392025334214,-1.0508290759385084
0.438248870924634,-0.4199603809803911,0.6086068549871564,1.6728702007039111,-0.9863569483195569
0.5304117246440037,0.21896524593305036,0.7512856208027449,2.161073668340697,-0.9300441055342709
0.46990151339514963,-0.23072993672402797,0.33533848565007535,1.5107752773488667,-0.8682639366329096
0.4587119473089219,-0.367264687263384,0.20395404192689381,1.1922449179743952,-0.7977082217091267
0.4488872665604411,-0.4662146274736178,-0.07675651127415427,1.1146974971552637,-0.7852694062757603
0.47177363892555896,-0.43585591636189447,0.5051758494358413,1.3780310495218555,-0.7781332114963622
0.5471313768031887,-0.06066049621848938,1.4625162581457996,1.853386988359769,-0.7889041159092732
0.5667401960613417,0.19973708012400773,0.3994467515619495,1.6721903026268834,-0.917356325291471
0.6102280739218422,0.488107416302339,0.16390003331216715,1.7709183518317024,-0.8961729452853618
0.6088671633739724,0.39365881851933904,0.20994948720221848,1.8209335605142232,-0.9063967900762153
0.622720918027065,0.4427339261849463,0.09813232626383962,1.8232088038046752,-0.9236211671994723
0.5697186068431379,0.056827843543355135,-0.42412736961768843,1.4356721098580494,-0.881087776342771
0.5836408341505318,0.22954450783377436,-1.2318156219805105,1.4194531893146156,-0.8421023618041263
0.49450599406899354,-0.5624826561817687,-0.692723218636679,1.32836582675621,-0.9115565095145763
0.4532153431491522,-0.9221145346338204,-0.44656442595852486,1.2886076090254315,-0.9792625516457693
0.4266648472858534,-1.1148432640407746,-0.440683036197837,1.2704433770797061,-1.0043843634462446
0.44892394351867776,-0.8866024939987719,-0.7034355630183241,1.3701269194194594,-1.0051127306145036
0.4523555203388452,-0.8140830630604783,-0.8055463577263768,1.429417664151451,-1.0162130366127597
0.43254832251474296,-0.93865673595742,-0.7215693979976904,1.4362664883921041,-1.0533566052435457
0.4149030164972575,-1.0410618493805306,-0.6344195823217329,1.392319445981532,-1.2526064098758298
0.39033773716846726,-1.1913084571916122,-0.49333935383364075,1.3369438681470942,-1.2787732788876038
0.3277050916385306,-1.6747163630716397,-0.05389245134405156,1.1460759754646848,-1.2129195069268142
0.3204390137519443,-1.6715339784279775,-0.053180243542528455,1.1483987038384302,-1.23073031665893
0.3133431649608619,-1.6685257002682317,-0.051794263355031435,1.1501924094665414,-1.2376943727233438
0.306340243093845,-1.665453745191428,-0.0502855863971484,1.1511230053435206,-1.2472904524998485
0.29965318643381234,-1.662540306479071,-0.04876489877468037,1.1523753334801843,-1.2486897267825467
0.2934467268507444,-1.659800685247587,-0.048962568924795224,1.171644647222834,-1.303484891600833
0.28726743504661395,-1.6570247206252888,-0.04815348672140869,1.1811510608996596,-1.328286795098971
0.2813199674957132,-1.654624101826724,-0.04629859978016301,1.1825435436492533,-1.3199963654664424
0.27536571068555504,-1.651939725338471,-0.044856443263640904,1.1829350200935371,-1.3264909289887654
0.2697920210015076,-1.6497072733156064,-0.04237139979236877,1.1752359473967933,-1.2930944400656181
0.30023272859438316,-1.3287783151628454,-0.3282618101417808,1.295093674430266,-1.2999151873173218
0.40844844417417864,-0.33397656552520005,-1.2283245879788205,1.7207972298522112,-1.3631569847246647
0.417538953679123,-0.20826879417764835,-1.3334322063070245,1.771149729636669,-1.3448011654826968
0.43319308164004405,-0.020437506576641704,-1.5053924829991063,1.8290395058569089,-1.3235460139715702
0.43054353920750416,-0.004863929927133832,-1.5087248612922628,1.8443912757466687,-1.353472649931477
0.39927487822761554,-0.237543237307992,-1.2738965735154097,1.7455542567963804,-1.3518247628646753
0.41516861334164834,-0.06784894923083554,-1.34387413088305,1.7242137109360836,-1.3528658210312134
0.3678045657230283,-0.4918436579171011,-0.666892555674703,1.5557806612887881,-1.361332578039948
0.35677523369387837,-0.6149295409555314,-0.1750933485080086,1.5828350600316892,-1.3475898272122222
0.4615081958515211,0.11531001438529305,0.49761536397224154,2.265622329634988,-1.5136800754519617
0.4656527637675877,0.2064820820715478,0.26525660618531205,2.280224501496669,-1.4112808655109395
0.40036937450002213,-0.1825126365691739,-0.2435992068496202,1.7647713535115876,-1.3868994150626972
0.44403777235447267,-0.13016708368302157,1.6982430400435324,2.314833262561815,-1.4459701185923874
0.49880547619355664,0.26639452145497056,1.9746920260162908,2.5737554450151694,-1.4644118911569557
0.49732831288227614,0.3715793729085365,1.394923435366157,2.3423347678866624,-1.4185142960196286
0.4881101436108866,0.33180078152294223,1.3652015958312957,2.080676372306455,-1.4033230843210858
0.48939239278016844,0.47644877408290565,0.6318491387898514,1.6544462513291647,-1.4324067661973967
0.5078517249019099,0.42692723900380264,1.9885977649773727,1.868284712621903,-1.6408814641958336
0.5639675607580403,0.7295103376063617,2.9107508221383136,2.1016994466517622,-1.585952272443695
0.4991100941081541,0.37668007450256913,1.9810666444867515,1.2604576798170977,-1.3288986787609494
0.5787213172179791,0.8959389284216898,2.0839589537360816,1.5058960775221468,-1.2550940587719857
0.573265446234069,0.6281108260350824,2.796280778709212,1.2356061439593056,-1.1721511672243428
0.6028737891228256,0.7599910437055533,2.219957283824825,0.7418963773752113,-0.9882500147605254
0.6030775122882764,0.6591436329028988,1.5010544582236094,0.11147763508949501,-0.8949806725054194
0.6491550979141009,0.7304771541615335,1.8961246347282164,0.26916299633843116,-0.7423185537710371
0.6792265377787011,0.7678713081226888,1.9179107288391994,0.11738339603995407,-0.8019837779012553
0.6518270886463756,0.3906382851071419,1.8925302262677357,-0.3211591338219429,-0.8543193049723148
0.7035759015271632,0.6674928367897356,1.729917792726926,-0.4182262425827767,-0.814236771137862
0.6499511981351375,0.30122985439547395,0.791498101027614,-0.9724340723553049,-0.8118554701518019
0.6901718827985557,0.4361557780716418,1.377372410626986,-0.8201264804180227,-0.7952181454006696
0.6929107515798469,0.5525671879916231,0.40678111739258527,-0.9789896214386299,-0.826084553792622
0.6209157874606958,-0.06266240161784493,0.5636378234499608,-1.3499736588124973,-0.8305366489955845
0.5914468785520511,-0.30904852709354014,0.48145819013425684,-1.5508854270895263,-0.8136971926746126
0.5974442901660163,-0.17201638164731578,-0.24119915885700635,-1.665936607751999,-0.7428812447160879
0.5986632383167007,-0.08302849598606656,-0.785214069282281,-1.6644121810431807,-0.5974854498122197
0.5488341622794899,-0.4623321475757448,-0.6094874945965696,-1.7953052518814618,-0.8124345371937458
0.5184984964854507,-0.6731562999576013,-0.4759903458445802,-1.7852167930276286,-0.9091475344398048
0.4960128520445914,-0.794559992752862,-0.3899705428581299,-1.7285305979723935,-1.0054829304392783
0.4634485183325721,-0.9970913223149142,-0.2639886188713073,-1.450920260679951,-0.9875183439802702
0.48092377736632086,-0.7563461024289325,-0.5144060193338,-1.0714244274434208,-1.0582449303492025
0.47321602890445696,-0.7307099919904071,-0.548914549501297,-0.9728439158124438,-1.1339496903372044
0.41061076566547633,-1.1786355509375963,-0.14414536613250398,-1.0969596838183362,-1.2670743497970003
0.45340711096545216,-0.7129446219966198,-0.5801109054562622,-0.7792156239293637,-1.2991929169485383
0.4124703157219558,-0.9778520550043689,-0.35243814782152455,-0.7938717587793787,-1.3778243953351197
0.3856001492184375,-1.1273048713438394,-0.24976331949916172,-0.5745941197996639,-1.3124014242418434
0.3548783090823412,-1.289142086677928,-0.1377523047400566,-0.4092105308528211,-1.4699308004418903
0.34365762669441585,-1.2955665272945505,-0.15607623325329728,-0.20207491940048494,-1.527705469004951
0.33372260319859104,-1.2921261604713083,-0.16593643178656156,-0.11386767251602807,-1.5754319935822645
0.33882402990905447,-1.1696869347388814,-0.2876030972841673,0.06683506856351266,-1.5043366541805572
0.34308499346767374,-1.0474342832704988,-0.41523345028581804,0.27516115350366427,-1.5273879844710176
0.3024782031466888,-1.3129042490835074,-0.19828331977960387,0.376791727241831,-1.534776808620996
0.28605696501751193,-1.3700055373219857,-0.16262773759940388,0.5037148028273692,-1.546244493216595
0.27548298497430024,-1.3680972600447057,-0.15786135886405203,0.4772587618877857,-1.6636657367429948
0.2639595873110913,-1.4027807290311542,-0.0868282180949585,0.6177031579496064,-1.5647314391337732
0.2732047683191827,-1.2991420204895772,0.17757288769599983,0.4554301995037777,-1.4941721917474917
0.29746948603262113,-1.0894532908819037,0.5055010903307213,0.5107474285059835,-1.5374153901690204
0.2943505723710013,-1.0784670383033967,0.785233588920789,0.3517646793956574,-1.6938216871722345
0.3038729809387216,-0.9848084977637415,1.0614647481543318,0.24568267171919364,-1.683405808701943
0.3316248577102559,-0.7976834388321804,1.5274454824671293,0.14743662244553304,-1.5108537712818546
0.36748365763270874,-0.5406332855494759,1.9431189065020804,0.08279407799242328,-1.419855265302093
0.4243623537483841,-0.08493779973798439,2.059885938150403,0.1785821387291401,-1.354472779195034
0.45960247232965695,0.16919190091771913,2.3255837234876338,0.15748064563667458,-1.2738183860342815
0.47616413193716783,0.22645489688329326,2.7355807503086322,0.1686548697926388,-1.189235787979698
0.5258211403221482,0.48262649168619337,3.2564994050723097,0.4675901552425519,-0.9966679601669017
0.4373388450278135,0.08054602308013527,0.9610421081310839,-0.5259028608053844,-0.8148196665197447
0.40056288818705643,-0.40188572123826544,1.3839552691598218,-0.7716875385419881,-0.669401710786512
0.45729436702068715,-0.23437015583118087,2.3427425420875068,-0.4752190115923879,-0.9053906447084067
0.5597667180332544,0.31350300609984166,2.919458597470503,-0.010611198165397276,-0.7672229585044584
0.49699489544278064,-0.1387049549928201,1.6521664591502443,-0.7887219755200543,-0.7592499270088623
0.6442192967474959,0.4873615422322278,3.627503814684568,0.23739564108963354,-0.802930820501171
0.5946087175004312,0.2096638806473967,1.7680441773292728,-0.6065677066930131,-0.7589188418123559
0.5750249613629734,-0.05330830480103757,1.2207699046464495,-1.0400277655459729,-0.8106164514032542
0.6817630276921544,0.5550689594665922,1.3674418500842278,-0.573752688282783,-0.779320847329201
0.6760535074114054,0.3700694480080846,1.2780682915803672,-0.7440019232982719,-0.6833742237686034
0.646453532501637,0.07431120947536254,0.7450671144032486,-1.1575099857254278,-0.6430700357998295
0.6706433647312797,0.009553012461591388,1.5352738998229452,-0.9524095888875443,-0.6341530106189259
0.7644565862506959,0.5105712846808408,2.1684344146712933,-0.44274080541643795,-0.7158081725061975
0.7442852273197988,0.5437038645237361,0.3733611484895325,-1.0099315264767827,-0.8940862669365572
0.7319342285913035,0.26234545907954326,1.1154978350677336,-1.0778579081464603,-0.9345859487636207
0.6463752852693733,-0.48980985831276,1.370204684967251,-1.6029740104098338,-0.9522102807585107
0.6711479769280363,-0.25061218906938904,0.6931259836599366,-1.6355006665386642,-0.9795580602945413
0.6376554293711773,-0.45855346406046515,0.20627942719854456,-1.8792536531334956,-0.8327671399153515
0.5893772164030099,-0.7819677691849811,0.04402230290011748,-2.123892960344318,-0.8851774843321275
0.554762373217376,-0.9835607955911481,-0.13253357045991615,-2.2388589708859317,-0.8217599614859459
0.5245133329950427,-1.1683485373827973,-0.05585726748443742,-2.076172734852455,-0.7784302690416017
0.5075793453866512,-1.2347870178313198,-0.04301603275032293,-1.8124520049221589,-0.6867013627435571
0.4989153139658453,-1.19709034258743,-0.08986024421806975,-1.737450925133013,-0.8089727404772031
0.4870815041317593,-1.1962207607996456,-0.11772303844237526,-1.4845787796362755,-0.7107258855292583
0.46964678112340746,-1.2362796121677306,-0.08736779009538244,-1.4224101437057244,-0.6887140376865637
0.44406238756429156,-1.3361394408953648,-0.023843218289562446,-1.2468178152177523,-0.7408036897632827
0.43051319219818224,-1.3375369158572343,-0.016673885780025606,-1.2469888857369267,-0.7142530262327352
0.42079070813047054,-1.302094562222262,-0.05745049735110379,-1.1461713740668087,-0.7493158764379043
0.42415392465904667,-1.1520758227280075,-0.1980371395743307,-1.0133164924934437,-0.8046625642189538
0.4163664297885696,-1.1026016161459669,-0.24239778282328348,-0.9465298530175372,-0.8247041546676999
0.386623838653116,-1.2479094365778614,-0.11778584868580767,-0.9099676151649511,-0.8456647311813602
0.3636897697122447,-1.3325819135806038,-0.07655128200559633,-0.644942322571279,-0.8694145700956708
0.36219172918530523,-1.2420637867404476,-0.14852577789432408,-0.6209806001142489,-0.834788025756195
0.341178103349572,-1.3171578611591448,-0.09471062990986025,-0.532991373801839,-0.8426168581715097
0.3371099195806624,-1.2508106948318696,-0.1603903859234827,-0.4066197125494498,-0.8900993298450601
0.32561896332113754,-1.2589383959900724,-0.1614510279028005,-0.3171156729291775,-0.9160605496430184
0.3088950772552139,-1.3093329158487252,-0.1286599480290244,-0.2031710309270704,-0.9515681664729386
0.3141712067704738,-1.180120460565891,-0.18917533631806527,-0.1715349946247669,-0.9314251286382745
0.3013911033716619,-1.2461096349767193,0.1034747834253778,-0.08772449267715833,-0.9346880041643609
0.304394044830222,-1.1892326651247018,0.32450557294374577,-0.01720303431069794,-0.8775608768602331
0.29955065479737064,-1.1624114250981523,0.31519606522989213,-0.07846544193606628,-0.7748823798196209
0.2982081585187346,-1.102964771614378,0.17720595657186736,-0.17691383117586884,-0.7077873951852671
0.32073044175972265,-0.8857346842729392,0.13273684747585482,-0.08917782066155708,-0.8170977492252516
0.39859157886443464,-0.4144007282329388,1.076004299203997,0.3713677850130327,-0.9528624661418186
0.44862713984675207,-0.1743270867739464,2.0472405626891965,0.43997131405815265,-0.9024045470543015
0.46852405201399433,-0.025897127481445906,1.948535230303045,0.1081367582673016,-0.7511980294035341
0.4912253988512233,0.14644273701831736,1.6297907113505534,-0.08845273461497101,-0.6017426639976943
0.5235532596271129,0.31490666760242486,1.5835860108547573,-0.21378939250171203,-0.661056590017777
0.6105222623467182,0.7526646679689782,2.298240815116362,0.095062065661709,-0.7227979870731553
0.7002442884702846,1.2843298948266566,2.302857514793561,0.25089892466786634,-0.718210261610643
0.6861534743077352,1.1564854589136493,1.1756225147725707,-0.2328957286258514,-0.6415178866089862
0.7371002128884627,1.2269590547630786,1.8890095251143322,-0.08916042024413347,-0.5488560311748627
0.757964998325187,1.1302504402212494,2.1589116426412995,-0.19063877215195982,-0.5179479794700039
0.7590244010106088,1.119167666665481,0.846174720555655,-0.5835683659439038,-0.38118062367188166
0.7725577201669024,1.1584854016815327,-0.048172558398385606,-0.8187410862032947,-0.27410043250007904
0.8105234859652104,1.4680204162124981,-1.2290861089342395,-0.7826237709729069,-0.27879502513546395
0.7681989459112405,1.1070399946223912,-1.8230289125759145,-0.11294055729198531,-0.4030611922853592
0.5497760372094456,-0.9751313367240835,0.4415365296528477,-0.5018760223477013,-0.4170010431983198
0.554364505112977,-0.9546971106568464,0.2571281761363384,-0.5716835398766941,-0.4844094596843038
0.5809742912708808,-0.7982442936858755,0.32618627353689256,-0.7042238419099102,-0.41420804958749574
0.6252235726801882,-0.3745285831117637,-0.4789399249874063,-0.736942271156029,-0.368532108363955
0.5645821603039339,-0.9349364482995406,-0.08591970295453592,-0.6601161617794863,-0.48289187464851985
0.6029293561602821,-0.6320642196278715,-0.3131368911832551,-0.20791334045642568,-0.557667610193273
0.6013791787768747,-0.6206943740561492,-0.5384348939999845,-0.18385885214296924,-0.6955721303534147
0.5589628793225863,-1.0000468478241917,-0.24925177843368765,-0.20209252430693844,-0.6734365879538038
0.5632703532385511,-0.9591997295542511,-0.4344732366215958,0.10681831224230641,-0.6796801749404111
0.6020623093755383,-0.5959585817361662,-0.8829002051337295,0.39967500777390974,-0.7799522930765237
0.579434013718615,-0.7768178621124295,-0.724417149960433,0.09949859811731906,-0.7461767758549389
0.5616367166918937,-0.899386070442664,-0.6233408578546176,0.016388223996115683,-0.851158332515797
0.5169014659785718,-1.2601521294581268,-0.3608443646558979,0.28367790365003515,-0.9244376430640461
0.5476185089805646,-0.9687517054585528,-0.656047058816587,0.6239917231357541,-0.8321242215763767
0.5356193811655513,-1.0349941001904355,-0.5965141640440981,0.5976397474375703,-0.8229958896020222
0.5145158379836804,-1.1728649197829104,-0.43310547451336484,0.29399240261820975,-0.9382722546888256
0.47854382084857444,-1.448281488981936,-0.23839154516486885,0.5950632331215671,-1.0316675821313401
0.4668131202358414,-1.5235570693884781,-0.1833410480790598,0.6927259977191335,-0.9796068064137331
0.4729765798606527,-1.4240445079314346,-0.23572987545628238,0.49283420968597563,-1.017144904530233
0.46593289470728,-1.4343138770541979,-0.2172166832603531,0.442335207938003,-0.9984353927452345
0.4634666700753167,-1.3847481478607462,-0.29385148302236547,0.6831966731880416,-1.082468015939848
0.4413005303841079,-1.5202297955443067,-0.17117377137608042,0.6691249553622756,-1.0371530253626982
0.45404770274814127,-1.3456988007591708,-0.31547025027751624,0.6798257549011137,-1.0529508304695223
0.43341752710246934,-1.452197583770443,-0.1952460007607238,0.4944789017866063,-1.252009400035538
0.4199835203015482,-1.5192529162633546,-0.1337716269943132,0.5490943873510667,-1.2464646111210589
0.40923119820046727,-1.5498455603217218,-0.14053701523801265,0.7959334609678694,-1.231490084733362
0.4291454362440481,-1.3060925973992332,-0.34757279976288685,0.8217880717730961,-1.1937307552680236
0.4155052079951435,-1.3529960789923734,-0.2988428121377953,0.8015304260813286,-1.1778139947095723
0.3910489885774605,-1.4973025745628719,-0.1290005226619106,0.9588935837992024,-1.3166299954545453
0.41743165108855046,-1.2387803376384512,-0.12652161364804512,1.0914131570147596,-1.2860912903384487
0.4134057774878932,-1.258967508430575,0.2619637078493315,0.8527646821823252,-1.4111776407728875
0.4072720430989123,-1.3140013220787292,0.7450787707541968,0.6754696822382333,-1.4402594199969976
0.43987498850970985,-1.044306287413635,1.0438906404754829,0.7953099552223374,-1.5894942514779105
0.46957376100285453,-0.7907208887865251,1.187807701718058,0.9615551332806029,-1.4772890985657714
0.49167348043983256,-0.6532836463420425,1.6595329586376664,0.8956713955042054,-1.37066176004918
0.5335805468314022,-0.39331609776714677,2.1620580237331297,0.7419328484649094,-1.294685342986437
0.5424992051168693,-0.41431579272341107,2.6779783155552486,0.5808951892873412,-1.2848188836086445
0.6440557125221812,0.3688202294704921,2.3208898661371693,0.6523959141842365,-1.2089948775382868
0.6679286623559039,0.4141681935394796,2.7780971484260526,0.5640151875237143,-1.1266371348256885
0.6863314564779327,0.43069526064277835,2.782617139497416,0.4303505640610268,-0.8821302970551544
0.7004792078832027,0.2817508799114141,3.416455878030241,0.27043595340963494,-0.964683326146219
0.7512849566564317,0.49334619709105526,3.037960391220339,0.07542121958196848,-0.6996520702008988
0.7705080128077916,0.4666633567198208,2.572353542829699,-0.23385434699665386,-0.6210307725119077
0.9020874899174682,1.1746575132546897,2.8177968718290787,-0.02933498212254517,-0.6290270376010128
0.8614438384154447,0.6488045153039597,2.558162529156917,-0.5559795595758108,-0.5702271669804494
0.9455113220403212,1.1529700699621215,1.66523404169333,-0.3684445346266739,-0.6000291665175158
0.8738842695814518,0.46463431670082905,1.025426516376171,-1.2101727130346673,-0.5292227850965758
0.9287984175366404,0.5778730807811486,1.680191984981855,-0.9938802796717036,-0.5193143537317423
0.9072706011208813,0.3873817822798361,0.6829509494182779,-1.4361315975953302,-0.4523899338751998
0.9047575156011892,0.22601020194431998,0.6177998099103535,-1.5367677599894307,-0.4768837288296633
0.9177168328406425,0.21671483389535942,0.6357454444051945,-1.496647054636393,-0.4800701930273737
0.9189058047830165,0.09465154071250649,1.0092834955372578,-1.4362743802630347,-0.5784636350090981
0.9553838476244559,0.3277018498166825,0.9631387846555213,-1.327368986364688,-0.5995334731349189
0.8870313446189788,-0.2712851900016576,1.209795802545409,-1.7261784978177714,-0.5270557852945965
0.8919413546238867,-0.14468871818029347,0.2989162780532364,-1.9323568830666797,-0.42779708725063814
0.8305155031348097,-0.6145131260400525,0.09674368871304916,-2.2460152925773214,-0.3361097283347034
0.8289179652053539,-0.647845913292496,0.1359170078858563,-2.226889916077094,-0.35966491115876914
0.8106493372459307,-0.7326930809119445,-0.21118194997602432,-2.3590131927714006,-0.49086587040981144
0.766602339384044,-1.0613431151342585,-0.14096811301412168,-2.4357356219389326,-0.3553585614444758
0.7401082976404231,-1.232181023428864,-0.0988458242155554,-2.331134728440225,-0.2236956582922304
0.7243709430838146,-1.3022275543922301,-0.06325592917314667,-2.1826553395408417,-0.30595191182402787
0.7046461952398189,-1.3958278076425277,-0.00037933073266827435,-2.0277319539396297,-0.4379848590137881
0.7095972161345125,-1.2617739480705796,-0.15169372308440457,-1.7685587652238088,-0.3621919027097391
0.6868457759345586,-1.3674489927573739,-0.07442223634191367,-1.6752757553267423,-0.30193363395928224
0.6979066042574322,-1.1663040747425122,-0.22995067419256934,-1.7364790181379355,-0.5096472526168295
0.6596551006742387,-1.3929941736395126,-0.04702369767486684,-1.6779042326972942,-0.7042938017163656
0.6644567149935705,-1.257685691722996,-0.18409590751123855,-1.4614860296917622,-0.5918093022932503
0.6671600230724978,-1.1208554724243276,-0.3061115676981763,-1.3985146016485788,-0.6596503740140287
0.63969072594735,-1.2351059970331215,-0.21181197556046744,-1.3651795327435483,-0.8150841713750887
0.6390465300838531,-1.1335719753041658,-0.32517007748279153,-1.1226151738308259,-0.7285910536419218
0.6067512134943612,-1.29561344330028,-0.19044987463240828,-1.0618541324008268,-0.7481402467622206
0.6332801540470067,-0.9562966197669918,-0.4833024889359677,-0.9695946741169057,-0.7763092186687577
0.5902316136944185,-1.2163171854580088,-0.2363492174050207,-1.147716852434489,-0.7913591993088345
0.5865659643386827,-1.1322084414856313,-0.3300794323007341,-0.961350370710409,-0.8781371968933992
0.598506550615651,-0.9203180274459526,-0.5214614439798088,-0.8199676924314586,-0.8691781689255585
0.5566767585073821,-1.1851005120968787,-0.28876140872542755,-0.8303879714653868,-0.8665607140649045
0.5408708595910858,-1.2353005632953065,-0.2133785258330272,-0.7627122575085906,-0.7763309586787162
0.5329345774211358,-1.2296246645556788,-0.12378709385948376,-0.6190883275535207,-0.8697655987936949
0.55688011393506,-1.0200906638240816,0.16058353283120202,-0.3547907618460439,-0.9495845199343855
0.5380319523681192,-1.141035189514524,0.4328167746233558,-0.43187088867384066,-0.8498060746411643
0.5594463452172169,-0.9167666031547435,0.31247004414456425,-0.23951402683385875,-0.7705391360787124
0.5784300577289098,-0.6759691993400762,-0.16936127304493304,-0.38103313127681676,-0.7276654393353665
0.6074262580471372,-0.5211973507572917,0.26274584948930046,-0.2798033838593698,-0.6764355588880955
0.5844183452428379,-0.7492892285323206,0.5270275149053423,-0.2948654262547681,-0.7947131286512132
0.6581823150225462,-0.24216312344654503,0.6796648767096409,-0.25959337095328416,-0.8910059327623908
0.8213248605116558,0.7594410379483358,1.9031345678578617,0.6387275265015381,-0.9495787822338849
0.909659969600838,1.399910587369315,1.7263754339513697,0.6813208283722675,-0.892960998189143
0.9751307503721508,1.8946563632208777,1.1276198381148954,0.4113335102732592,-0.8344022005989077
0.9659666706084734,1.562290824309674,1.8860742163233544,0.21406888710187308,-0.7952609491184791
0.9791583892182323,1.4352540451767513,2.151973407487197,0.02734146665776141,-0.7598418194608497
1.1020688009134023,2.2313250052132796,1.605248100177296,0.3646636670777648,-0.7185513825544044
1.1639333639658134,2.4599926525478084,1.6262428976751582,0.48026042810515274,-0.6677709405939585
1.1502818140416062,2.2165481725075526,0.9604165237764843,0.047259980363402225,-0.6686286980093603
1.1578500916936412,2.3018880065193112,-0.7735755735779132,-0.39690208097333274,-0.45191721070068985
1.1240597972478001,1.7430391784799388,0.004125875764334312,-0.5370620386890543,-0.529697110974895
1.218626132534231,2.037992570107983,1.769908955141115,0.18744387551945074,-0.6590680705850848
1.099338323887342,1.1974916570200593,0.2232465562307724,-0.8892011148163144,-0.45226483903541315
1.1279074649086658,1.1817606023160823,0.683805850175371,-0.7528438179764839,-0.43768632744806124
1.123928059128638,0.9101221152731462,1.4561997360385537,-0.788817880280524,-0.6113179052662037
1.122351793127837,0.8147377978229242,1.29206430844253,-0.9643175090922481,-0.6281705902661199
1.1166186995503096,0.801657025807914,0.51124392108572,-1.2143768286530736,-0.6578768866748838
1.0831737622705546,0.5468760591859748,0.059490085194231365,-1.5014410360385166,-0.5908350181239411
1.052229494600996,0.2020479402286543,0.42291886476958607,-1.5229042693244454,-0.5646690528226906
1.014324274218375,-0.08960369621160577,0.17895760924123982,-1.7388730922179758,-0.5814940142741576
0.9840217889097396,-0.2327455950943235,-0.5016552164191188,-1.9978556294366676,-0.6396421150121001
0.9589844021802084,-0.4333052721195231,-0.4001044269863096,-1.9897424245543536,-0.6402939357462641
0.9232398025472353,-0.6416620880157411,-0.5968171019832331,-2.0867045647787297,-0.657714187531605
0.9298769040911035,-0.5024676362648545,-0.8294238369101496,-1.9584677736920062,-0.6813320634793766
0.9015123984571447,-0.6606800151945277,-0.7007294497480065,-1.996950714903376,-0.6753029138331142
0.8692864484826591,-0.840955513180474,-0.5565441027645567,-1.9440637223173696,-0.7003829762633429
0.8368162948151727,-1.0247282289145154,-0.4013726479144278,-1.8776858908205891,-0.5718576233734025
0.8308379660660723,-0.9497655530977049,-0.47283859494226727,-1.825138609037348,-0.7365063019240329
0.826318527313475,-0.8794577925531472,-0.5415063569158841,-1.702457589551119,-0.7594970052243598
0.7870217414222574,-1.1102022593882013,-0.34526964274012395,-1.6759601807175049,-0.7399086955906078
0.7738232784459919,-1.1238851414710693,-0.34132201889268354,-1.602937252940267,-0.6557854865898464
0.753789514554217,-1.2083079883758632,-0.2583884335465312,-1.6121095229726146,-0.602659823017832
0.7660226826427622,-1.017190219687533,-0.42756755979225913,-1.5301328186998449,-0.6116689753856598
0.7607736929253799,-1.0001436020527725,-0.4554099973372609,-1.394036393871954,-0.5690550737047784
0.7427663421728636,-1.086843479686679,-0.3774921265156635,-1.4221893772964633,-0.5780576826381789
0.7944807334642356,-0.5677555135866118,-0.832056940923581,-1.2802449963088194,-0.617059508872687
0.7581087370750313,-0.8219922335342783,-0.6084671586699384,-1.2908953188570873,-0.6196943166732994
0.7757250897303009,-0.6020827685647542,-0.8069115246380436,-1.1721313387656633,-0.7718315635864955
0.720091683273382,-1.008375605902723,-0.4684460503358758,-1.1187761671863534,-1.0229191916186728
0.7629629529762364,-0.5632247586001581,-0.8856887507715293,-0.8437096458599457,-0.7755835566879943
0.8545870324305753,0.30972693207800134,-1.6595619398868573,-0.42849208377618647,-0.7019616200536057
0.7755733417888089,-0.33420771307759894,-0.975037398486785,-0.5791920995161273,-0.7744670248066563
0.70958489409691,-0.8973371776289225,-0.26944597494677636,-0.7644249728348034,-0.8212569385767677
0.713749293882581,-0.8952117300920424,0.15896543027291413,-0.765779947168411,-0.8726026090255292
0.7484492384093234,-0.6196559536243631,0.2858662320180354,-0.6532475311529542,-0.8932609762135352
0.7791144450826218,-0.41760563240680193,0.53252158625478,-0.4078729662585125,-0.8734196553373099
0.8563026527946951,0.07869112961301931,1.1259569449968279,0.005381226758874616,-0.9601290076322674
0.8901842423770193,0.292223996527608,1.3602967255426874,0.22568221883025003,-0.9613491016548742
0.9146191268213927,0.3995744573554901,1.6910788601493263,0.37639119156165457,-0.987101477109093
0.9460374043770049,0.5770241288911993,1.8137139433550082,0.4916790440431174,-0.9796867871476779
0.9862726744771982,0.8213705446889731,1.8279846569293312,0.669331354026308,-0.9690278832821744
1.0088552575776657,0.8531409777064602,2.0788903583447604,0.7384802400974206,-0.9691640657419107
1.046110627491159,0.9329397027946612,2.3595869634265574,0.8253718189992925,-0.9472291069178969
1.129975424567377,1.460009144572279,1.6960024603343773,0.8987400998660744,-0.8601779197420214
1.2168318410896577,1.9484012143051836,1.2550790051672447,0.9891560548974541,-0.7593241403955785
1.2263816275739656,1.8592380771805068,0.6970211690590046,0.6845452633816512,-0.7046954119257213
1.224156965459178,1.5700678091701874,0.9056130775405811,0.6260710722816734,-0.6916933919594833
1.3182946533338198,1.9995268986906876,1.2662448209732322,1.256819025471335,-0.7513813004836434
1.3075529374277675,1.6547451807073301,1.5365583268591103,1.1650183117863635,-0.8075539925275012
1.342079608990477,1.732695023607786,1.2297314032105002,1.1760684704000273,-0.7875300424927993
1.3626079640586384,1.6952545680550613,1.0325303012864044,1.1144914329513729,-0.7924658217439556
1.398054290929284,1.881902324341712,0.3286847289472336,1.0093053869177067,-0.7787740277561084
1.374521078967926,1.6151229677902683,0.15659874832319368,0.7100765290318583,-0.7723490871339258
1.3694507342935454,1.4815255393983982,0.2610790846422127,0.5836156519875685,-0.7973560644457643
1.391144166969823,1.7025462571472845,-0.42225530823329327,0.5680697522018676,-0.8133123054339302
1.3848314866194005,1.7271437691321787,-1.0985722821387132,0.48575238091499184,-0.8346775769636745
1.3078399887863759,1.0784746422157983,-0.8269703503488353,0.1729290301741517,-0.8350632879128763
1.2197535805237647,0.38949582058204174,-0.6975164616849118,-0.23651233854997497,-0.8085369092761323
1.1552555499641581,-0.022058706381533115,-1.0465541576171669,-0.5475597601155255,-0.7571793461248647
1.1489603292228938,0.016263406213360077,-1.2992080190453048,-0.4901455279438787,-0.7515127456020421
1.1383180230318735,0.03269821320657891,-1.5174918747603396,-0.3980097419289904,-0.7248760557056391
1.0704951983028874,-0.4504241256096975,-1.1780048510755265,-0.508439921510735,-0.74086802280204
1.1469940046739975,0.3335193014168836,-1.8971163894332181,-0.14704452576400479,-0.8169832164505577
1.203093375045575,0.9389768321586135,-2.4584023114288933,0.2909528600499924,-0.831759815168972
1.131192066730867,0.4085516981417677,-1.999497091214144,0.23873623898766522,-0.7410093564257103
1.0725625426101513,-0.009040909899799146,-1.6142634791447799,0.08493165445835436,-0.8951054042963276
1.0811826247120413,0.15499659180082218,-1.7859281107199947,0.312621088498508,-0.7784451112523258
1.1913299816208982,1.214270315495797,-2.586956788656458,-0.23001248549756226,-0.6824270873075606
1.076209870367164,0.30322069732295626,-1.6900620485638083,-0.9927624560984826,-0.7464900610994797
1.1474686347517655,1.0330521988557124,-2.329006492285348,-0.7780822128429955,-0.7274876974658134
1.0831999167462505,0.5918842195740166,-1.9007732600233898,-1.106403947977432,-0.6440399517858483
1.0041190838969916,0.028022854882851785,-1.4067056165395846,-1.1835019847891155,-0.6694826762836414
0.9383942979973594,-0.409814591704581,-1.0162370582579983,-1.2661791538381848,-0.6992020469702227
0.9363813134323149,-0.28387380440753224,-1.1310231374386868,-1.1472183517497077,-0.7235233573523849
0.9458745129010879,-0.05506596996157468,-1.3441215161823117,-0.9520205429934412,-0.7367095201681916
0.9364844320914811,0.0035103857485337484,-1.405209113429025,-0.8239849594847007,-0.7721045719232454
0.9102047762272895,-0.08948487305059365,-1.330347260012395,-0.7450832368655319,-0.8006789694807368
0.9033930257927559,-0.01368215938987029,-1.405961450573298,-0.5874473363285762,-0.8225400707016384
0.850939578531561,-0.357460748524274,-0.998014700342931,-0.5912538328877457,-0.8333528019389828
0.8420276519288863,-0.34432735607198495,-0.7775224481706566,-0.5085841742037877,-0.8996879570530877
0.9033776848995921,0.23744442801566915,-0.8533148523846755,-0.14142668464276853,-0.937612071071091
0.9145421760866402,0.45358200512180924,-1.11248547171928,-0.00160872366636586,-0.8152789634686057
0.9166164988847928,0.5371180561170139,-1.0145543770667718,0.15350586581626965,-0.6511296735363735
0.8959333514123119,0.41160750075739344,-0.7144959307778559,0.14448476617452952,-0.5945791049744309
0.9654286445148405,1.0759640197468028,-1.2549108649486562,0.42228219281290785,-0.615081146138716
0.9809869014514622,1.238919609960951,-1.2609616582003562,0.4937373630002502,-0.6192937738984315
1.0289897224953146,1.4069892849827006,0.21372879266468928,0.9508533365942462,-0.5794679566814772
1.0319415760984494,1.471797506259785,0.05709476118884923,0.8706395147230507,-0.5330233601475247
1.0135681775185306,1.2561251737608565,0.5301853383341153,0.7407421782761437,-0.5111052985691062
1.0269693282784205,1.4433603797158308,-0.19221327490041712,0.5762917246683761,-0.49193516083548205
1.051926579252213,1.2827825500514414,1.8755974998395457,0.9882032735726151,-0.5291731864859576
1.074941386210337,1.4470536140718457,1.564738051223523,0.9244970298429459,-0.4864292714590319
1.0436753108678825,1.2081691588760437,0.9842545782782341,0.44337488699181454,-0.45584913525636694
1.1028962379735217,1.4271783241682392,1.8462351626966444,0.8257750201404214,-0.517953103534528
1.154765613696108,1.7486414888191955,1.6153023825535306,0.8798257002630219,-0.5930655144799437
1.1709931501140953,1.657724781404151,2.1470775184890845,0.817245349646307,-0.5460869606755452
1.1121621539986004,1.1834322067823282,1.3558464482396975,0.17284283438815826,-0.38117257648393704
1.158391553749681,1.5019312460402283,0.6991432502642188,0.13241212013967849,-0.37098487746099973
1.0906912687591583,0.8895891528090473,0.7084282674016728,-0.29234047533967633,-0.38100175190241803
1.150358192201381,1.2994979790962764,0.5161157938944595,-0.14078889173854323,-0.3863480555842444
1.1086987251646092,0.9642819279502507,0.3413382478590818,-0.4854936242850757,-0.3495353316102827
1.0926030674791702,0.8301250101956124,0.21233867353595057,-0.6722410311527306,-0.3218357144821648
1.0288247243321635,0.37353316861898717,-0.05920438253685863,-1.0289513361569562,-0.2588125059720663
0.983624073587453,0.026576646478746923,-0.025100451270597453,-1.182041516328252,-0.2729139068749431
1.0367247705497886,0.5445248232440304,-0.7067972606543672,-1.023743324321875,-0.300819532008695
1.0121732055246613,0.4258244638260198,-0.9653322447374126,-1.1898902019258006,-0.3112246388643882
0.9520023655732158,-0.006436561004823227,-0.864443419829231,-1.4315605460918586,-0.2540202404628803
0.9362552335216299,-0.04847307338385672,-1.040353005542562,-1.441721537351133,-0.24189877916960362
0.851321548530855,-0.6934247459533496,-0.6116630641610467,-1.669527313658316,-0.24648153354968616
0.8934472808899148,-0.22678155802316607,-1.1183673393235534,-1.2835411615258105,-0.28354229009710663
0.9008912371855388,-0.06567108761725439,-1.3370070023906007,-0.7403530178483781,-0.4549400546298432
0.862162266788535,-0.3028651246424158,-1.1136234090231023,-0.8635893944913184,-0.46704821070611113
0.8271068143106911,-0.5031608336124849,-0.9336037375036428,-0.8892512630550845,-0.5503209229707765
0.7926201270481817,-0.6923493609912508,-0.7689855569666461,-0.902615279613306,-0.6344953104054776
0.7875915234669042,-0.6168952814077184,-0.8459488526241209,-0.8092343464946508,-0.7468384963477126
0.7507788463634345,-0.8103977676811667,-0.6972498796610157,-0.6909325381003355,-0.7906066785442708
0.7223498655401711,-0.9211545835370165,-0.6137226071202104,-0.5941929629194731,-0.8347092273458828
0.6833228493306532,-1.1204237843668179,-0.4695840283551754,-0.34152074742813787,-0.9203436823819503
0.6451599101832024,-1.3183008146111252,-0.3199391357509022,-0.15592907569860587,-0.8299426531769772
0.6354641613877409,-1.2543553177388982,-0.3869956815139067,-0.003032567442948647,-0.90436792593579
0.5996344663138778,-1.4188433867742125,-0.26497353267341933,0.17514240683904972,-0.8992014299202639
0.5718639064807813,-1.51924727386499,-0.16455457830508816,0.11974597093893331,-0.8588289671081315
0.5856715658652397,-1.2482187093402688,-0.3814124137336402,0.03240161413277202,-0.8454892175193295
0.5627828881664837,-1.3169837969071823,-0.30826623840186157,0.006928344109154308,-0.8192517645424836
0.5472526722844372,-1.3429055802823264,-0.29680195309840507,0.17352175648270665,-0.7493055024134939
0.530947972131034,-1.3672315459203235,-0.24490579811506252,0.04382991811204372,-0.8576510844157346
0.5145771112469602,-1.4242321363504882,-0.16733820896712906,0.14569803064579795,-0.718304733441639
0.5127121957385048,-1.365255072595042,-0.10932348271712349,0.32560764282478616,-0.7573667800734196
0.5272875092419843,-1.1671536322987701,-0.08967331179171875,0.1847005214042415,-0.8673523818964348
0.5446730173105099,-1.0090070131285156,0.2234474207162421,-0.12896512906380345,-0.838249112250399
0.6673022109382761,0.07565560432488229,-0.4380569627831792,0.07206681962488348,-0.83508602072469
0.6819587022933243,0.16857580293125266,-0.06691361322977216,0.1364611313848002,-0.8368258323940797
0.6347750190328072,-0.26797009177330827,0.6113647781142275,-0.17757489206875385,-0.7091144454444165
0.7067218391013994,0.3195403046015312,0.34839565374267606,-0.009374843810619454,-0.6521615843418586
0.8045135535761517,1.0914394939437209,0.036500490673096735,0.3893067974728604,-0.649578987698213
0.7355735746655634,0.3872512273489038,1.0632430435688105,0.0503422940143324,-0.5880918276641238
0.6858310114034605,0.015662342272630074,0.7882256719676827,-0.39251325240546225,-0.38696312798668664
0.8024071750754169,0.8319894614845369,0.9679016870737575,-0.05610244185768266,-0.47545905522231974
0.8018062033078631,0.6711833837059505,1.6452246965336703,-0.07170135638823753,-0.500298993180617
0.8133500955176574,0.6999216706233938,1.5126866699959989,-0.2255891135698673,-0.44775742649349004
0.7832046137881136,0.3222634087997382,1.8863872277011156,-0.4579345081373009,-0.33220896955677437
0.8562272370162398,0.7825415342485855,1.848778836216395,-0.23991777965491157,-0.372540177129119
0.8583979201543646,0.69148717434692,1.8172429791432494,-0.40578666692374316,-0.34544763402415435
0.9189609063608714,0.896923445829392,2.7295373210352,-0.08844795879781076,-0.3637667732930991
0.9478095720108977,0.9667428229776919,2.8138196425255746,-0.09388050056212946,-0.3783092090267093
0.9240893024517984,0.8617449334202951,1.3344602114302735,-0.6762350149576362,-0.28559225663655424
0.9548354072163486,1.049886701981101,0.677235412944275,-0.7100885230876207,-0.2818088132686826
0.8755035048017052,0.29983387213157636,0.9813322074320577,-1.243257827021997,-0.24466712612547917
0.9439572918086152,0.7743764595299726,0.7760737487350595,-1.0906451360286822,-0.25461453843761295
0.8752875777443515,0.18743573438274833,0.9115414482971805,-1.5983130941939963,-0.21366526812029923
0.9304400669582652,0.6065862045959125,0.7152265082255146,-1.3092906557133261,-0.3182062047612798
0.8684865096105959,0.19133084874094097,0.288515447189636,-1.6656594772006335,-0.2547495692999979
0.8747465328559836,0.26709651888993496,0.09203145120403834,-1.7134968532966213,-0.32030839844913017
0.8420316093888086,0.06727572906772292,-0.17748771211357925,-1.9293896917495248,-0.2684008694465059
0.8160473257980484,-0.06945496513414019,-0.34669851083556924,-2.1078478145596584,-0.33844513579214414
0.8020390161675616,-0.06980803549521933,-0.7180802026485622,-2.2244762265318747,-0.3262410864340407
0.7606263963452692,-0.31844103150812175,-0.6863256554149015,-2.3345616487483953,-0.33041946069516204
0.7214068119383241,-0.5381428288289202,-0.5992057121681922,-2.390559958363995,-0.36394503817021384
0.7510136209194427,-0.14966330803791203,-0.9767763969704033,-2.172257802001439,-0.4199257774367321
0.6867399470481945,-0.567721690120497,-0.608142176378834,-2.251204721349053,-0.4453235983280317
0.6099391901793714,-1.091262061632573,-0.16076346226857724,-2.1999661831533985,-0.43126531403708296
0.586198420349482,-1.1516280133997694,-0.12166335797489945,-2.0301235944004654,-0.33939883098371604
0.5619101668199791,-1.1975175937059308,-0.0574406364100365,-2.2001815238019176,-0.4415246409578152
0.5549022646258083,-1.1025628375868726,-0.12553272213953223,-2.245717258610811,-0.43974918970455085
0.5739952100197262,-0.7800225392209498,-0.39424628683678686,-2.202922849202648,-0.45137627250754925
0.5169442632870482,-1.1327579856556067,-0.07964384301375341,-2.2170071012563204,-0.42320016682077594
0.49921769751865014,-1.139324870940177,-0.0891018765958172,-2.0487494297129314,-0.47631192766301766
0.4792131526507882,-1.171063581575351,-0.05914144327372789,-2.02035312111355,-0.5164089994148975
0.4718702938892734,-1.0934493435552395,-0.1194908380093756,-1.9923688987701125,-0.5177528387206657
0.44222602264347816,-1.2070658606049571,-0.016164260373704283,-2.020901244901115,-0.5218039186694334
0.4332416802432906,-1.1483598886168405,-0.07461147242518872,-1.8981128409645118,-0.5540546940389713
0.4227564806627379,-1.1140221551296345,-0.11294565387108041,-1.7623610846456044,-0.45402017694874114
0.40117752398161083,-1.167608624315128,-0.06156864033655355,-1.7420188962135843,-0.4860147781134322
0.39271459393520763,-1.1107124060009386,-0.09297280662097429,-1.7258413985473668,-0.4795603041670597
0.3724606742328427,-1.1711387361140173,0.062058644559995685,-1.6545457699533737,-0.5460216492118539
0.3663895496660638,-1.1489985633174316,0.3569573741695087,-1.7012101657788967,-0.6058686421713211
0.35790462034517107,-1.1688258694088483,0.7616266478909873,-1.7381707122417878,-0.6939185730860383
0.3659017281866468,-1.0535528242584067,1.066131886524112,-1.675976696184275,-0.7271109697338007
0.3793268996493791,-0.9295698888639021,1.4455536067285617,-1.6017877459191392,-0.7579481177332305
0.4214512536045599,-0.5747576799552317,1.7025964295297473,-1.3443007229364576,-0.7724534773144643
0.48348665734928176,-0.09962200657090066,2.0079220440136476,-1.1279823254960368,-0.663365729228348
0.547279464589716,0.42003694120274204,2.051688840897871,-1.001411083169877,-0.6224975202612264
0.5820527652310648,0.672831569950149,2.2679092165685266,-0.8108885791337107,-0.6012881809385057
0.5989176583542412,0.7523991299984841,2.5967362730270684,-0.6735160737328457,-0.5954004612522971
0.5957618239760673,0.6458341747850324,3.052052335948955,-0.6768388651357167,-0.6211146402759409
0.6187845896444591,0.7246558324269127,3.2850698140255368,-0.6398692979386338,-0.6212518540905344
0.6237645203073797,0.5733996858579368,3.6575268488674566,-0.6362394040371655,-0.5959839256174455
0.6702434805771664,0.7360543695038428,3.6697405166161072,-0.5288962238408678,-0.5530947326722921
0.6984987519160627,0.7100781530038746,3.7890431836278333,-0.5331145266710355,-0.5054282600667507
0.763907776891702,1.0037189993171727,3.558325223486416,-0.43210395884156105,-0.47414036712765223
0.792818972281022,0.9874894886547102,3.4155110792909404,-0.5138662437380389,-0.5115511400274065
0.8729347874957885,1.3811697747677212,3.0686534608788927,-0.32147311813867024,-0.4363512976278413
0.896652085245239,1.3176713938893994,2.9226794882112856,-0.39814758582959237,-0.41653660813792526
0.8869275634105805,0.9891113098273202,2.9951228082108736,-0.6496133902203058,-0.4271242510578682
0.8721991790376367,0.6441535629914322,3.012821797275392,-0.9290922653491928,-0.4265121516716817
0.9631806519363997,1.2890555932437964,2.091508165524786,-0.7797159095829651,-0.42636685724661244
0.8966241399190371,0.6563898932709606,2.276198901242576,-1.2002434587496764,-0.4796557552966208
0.9447238282978278,1.0761817796518183,1.4599245424737888,-1.1394275847463688,-0.4876130142892659
0.943923184998358,1.1092510135742197,0.9733212287361728,-1.2647099087659464,-0.4891111876549842
0.883413814290338,0.6447091831580162,0.9284816478816199,-1.6381203329688783,-0.5095352805646844
0.8658982344895659,0.5550618555820648,0.5151399153120033,-1.8577904867955664,-0.5258139217500162
0.8373739035966238,0.3762977558239964,0.2081531531910229,-2.077290564687268,-0.49926533260549627
0.8026336767556681,0.20692209038799658,-0.23635639186770793,-2.280570593566822,-0.5118269133472203
0.7692272551097458,0.03840943796991509,-0.4873585509406998,-2.392253584905115,-0.5056526147418592
0.6723739821289082,-0.6477995901286995,-0.3281546543341938,-2.7031488818376976,-0.4420654797642368
0.6603951064678747,-0.6290571805024265,-0.4659746616520516,-2.594807678365685,-0.43664732144616136
0.5922339922745318,-1.1003192978196088,-0.06721444785965403,-2.6656673180799477,-0.4803201743402791
0.5864214579135549,-1.028703370232316,-0.16017395140247634,-2.386828011139409,-0.3980482394091866
0.5685856247809967,-1.0409224823795138,-0.16252083218368138,-2.283386957078965,-0.4008873492316861
0.5605071036610562,-0.9644761771973656,-0.23761377382946483,-2.1641071617727614,-0.41896068692285154
0.5303429885654488,-1.0804435640327528,-0.13312052186869902,-2.157182314250589,-0.4200291964273777
0.4897880345107368,-1.2876323612434417,0.04333923143606603,-2.112410578248863,-0.4295900621552123
0.4901040570441649,-1.1372096509397518,-0.09816223789298364,-1.962314191619958,-0.4511240801849022
0.46690571927950614,-1.1910136456871396,-0.058222665697843186,-1.8860090965363543,-0.4816643419231323
0.4645518681660012,-1.0694457124007024,-0.16097021504438525,-1.8121974634040248,-0.5018466726910581
0.45584163018585006,-1.0055553560934156,-0.20738866424906321,-1.80182239003683,-0.5222093261358719
0.4474159684345815,-0.9413456099409644,-0.276967869366768,-1.663036443016671,-0.5731927919458167
0.4321700579603031,-0.939885567253268,-0.2732923698353073,-1.6335571198322507,-0.5997303059870303
0.4236348920551699,-0.8819912555086014,-0.32317184670845167,-1.5768193409244922,-0.6435941817002966
0.39230443443022006,-1.0260182473872275,-0.19228484106353383,-1.5872681872455874,-0.658883763357834
0.3942387878190179,-0.8839526994816786,-0.3258499819061945,-1.42023590277202,-0.662788093666945
0.36920477200285967,-0.9764354671610004,-0.24793629263573902,-1.3427118002759355,-0.6976805142248884
0.35938641441707,-0.9630030858538913,-0.1467156080971947,-1.277148519484363,-0.7364478322278916
0.3505988372364998,-0.9804021470210412,0.1882982976296431,-1.3789038606362654,-0.7969520401436097
0.34120039601155094,-1.0108521352312763,0.6040648978126586,-1.408909617752302,-0.8882540425697844
0.3802861004365953,-0.6341041927520139,0.6423089254538293,-1.2659456246086136,-0.9273230544011957
0.3980057393693067,-0.4791711659154449,0.9548298422619748,-1.061096547053373,-0.9215365109280991
0.43519927342207665,-0.19350617260685732,1.2800891477011695,-0.8721362873372508,-0.8737149517515701
0.47087481306384077,0.02537313321283034,1.8467218023709586,-0.8796833219537702,-0.7783721601589252
0.5380085747314451,0.5495231238249328,1.8879663284425918,-0.7647409803405234,-0.7727964170976169
0.6090796421123115,1.0918433201150948,1.8463200358507668,-0.5009228010194231,-0.7714519302733812
0.6309378643651572,1.1907616622210198,2.169659620914769,-0.4433977989366519,-0.7577202588345039
0.6940133386451032,1.6412587078847856,2.1508451114356655,-0.35152975514636775,-0.7586383289617287
0.8080057577821745,2.4949752118044404,1.675259716045445,0.06124410008024612,-0.7314533183051717
0.7692511414581342,1.9497488917882984,2.4023512530782427,-0.08483380790199517,-0.7063689276142658
0.9367704020505752,3.1764627086853268,1.4662311900048626,0.4101761519771336,-0.668408073437385
0.9710749046992645,3.205111383696348,1.5526968173946665,0.42428148973508006,-0.6286464564607955
1.0120661805217286,3.2788840684594094,1.4938565317461732,0.4776029542916822,-0.625894162550561
0.9976106837701398,2.8811878201421064,1.682835433640071,0.27419878548011634,-0.623038980861207
1.0099465974949688,2.6758630504322407,1.839985919463004,0.22333456930435872,-0.5864419162631358
1.0404378793269133,2.667115585573504,1.6517501184612593,0.25147156034935514,-0.6097223893381254
1.0772187575333534,2.7386221806101623,1.367636017488563,0.14680072848671027,-0.603491456724381
1.1716407633105725,3.345064697242602,0.5380951624546002,0.2869436981210747,-0.60128380226419
1.1134882739057936,2.6749120270318665,0.7748110013549846,-0.11872702204023519,-0.5855985383043572
1.145852878057293,2.8905760938805427,0.2022978552328313,-0.1397834077487705,-0.6133592578939294
1.1441980567658845,2.8536048649405257,-0.17636670818883787,-0.35698471170003915,-0.6155190509861448
1.0686982324957883,2.218264008126268,-0.07003921826691861,-0.7651011241766552,-0.6028833952595144
0.9320085045144997,1.266530554383547,-0.7992643313534804,-1.6682802162197223,-0.5389818806473591
0.9522349780736616,1.4104382461009481,-0.9044593486487071,-1.5599945433916653,-0.5210649248264064
0.9684843192078788,1.6148548977616521,-1.4550550647500735,-1.6012192086853054,-0.46912940089163907
1.006940891881382,1.9139230408962737,-1.4096435810365433,-1.4550546594398854,-0.5082033116171383
0.9303443129698813,1.4329362794109368,-1.9227509646544971,-1.9900151992779929,-0.41679361833851314
0.8094734454557331,0.4640444728346115,-1.3394455780801164,-2.43316932471473,-0.2548108364279819
0.8161537100889528,0.5956568605270047,-1.5571575952664285,-2.239612614609001,-0.2070257733772388
0.830172554851723,0.7902251082264725,-1.9533304023234352,-0.7440286451000617,-0.4086281842603729
0.7193763409598631,-0.10587115454653331,-1.4474621328761312,0.8556813134792983,-0.8587404597378415
0.691457990294831,-0.2900149551924763,-1.2281644743812743,0.35291182127551224,-1.0244776832612115
0.7123942766306526,-0.038465388751780134,-1.4648090899743411,0.5916339353216299,-1.267969578871815
0.6677977816266878,-0.3528284366282856,-1.1980407936240023,0.6560880971479311,-1.3343809654462098
0.6853158643318927,-0.11699661153831316,-1.3902206035284042,0.6210278740275096,-1.271498646913051
0.7219297509194417,0.2964935722934601,-1.7702561694078234,0.838017585546177,-1.2392985195072956
0.6409912203835686,-0.32260596641322403,-1.199880421758393,0.5812020379150565,-1.1579650627225087
0.7097902991169002,0.3726941475545255,-1.7384538565906331,0.32530401728805663,-0.9686920091734786
0.7053281944731786,0.42195044499965434,-1.7320999679757385,0.052372154412492544,-0.8129337331153232
0.6622260588927371,0.13241798575825325,-1.4602156102382426,-0.06123963063945434,-0.9019302678663066
0.5830119634221812,-0.4754181053607136,-0.903889126561047,-0.278740742218051,-1.0613701642233249
0.620440162623644,-0.06141817830242338,-1.2905818596064214,-0.022519456634731108,-1.1224327695312368
0.5999477594696183,-0.14989076111851155,-1.2222715660665116,0.005234275828205334,-1.1741746423097326
0.5968599373049884,-0.07774094286307105,-1.2573137397516938,-0.17414197096355435,-1.1570534226342035
0.5630228569063487,-0.2667809857585131,-1.0790963798025541,-0.2279620294209411,-1.1571026832184714
0.5163383736036693,-0.5844985674211083,-0.7130860338692182,0.004385553357176748,-1.2346196040963253
0.5083275659122625,-0.5884339808830724,-0.42412097860846126,0.2968841398791513,-1.3565903889012423
0.46980971423845913,-0.8707266848610272,0.2060384345096506,0.12023810275592975,-1.3850557507880092
0.46031161490860045,-0.9086605239201487,0.6269274733428049,-0.02644005031141629,-1.320737686311492
0.5196380145113018,-0.36475361350910374,0.5955415082619551,-0.14707733755185345,-1.2749416755486724
0.5681235758807817,0.05869350372947392,0.764741426728548,-0.41774375468438296,-1.0696264068498929
0.6385385136252029,0.5713211338154295,1.356726434071042,-0.7657804187437848,-0.7792420825655582
0.6102155813701573,0.43703764233121273,1.1114988778472712,-1.038793493502615,-0.5510354605837624
0.6661883716944064,0.7923591280717981,1.707069633773774,-0.5936907020223926,-0.482892752301639
0.6763663357649992,1.0528162830995327,0.43780184266542055,-0.7434597665040421,-0.40222975176174197
0.6641722587826518,0.9009777038359686,0.5781506482786397,-0.7799069638885867,-0.41470260085943905
0.7481642708878705,1.3493701252717232,1.4781768096218952,-0.2554971286770087,-0.5716432713061342
0.7740777409760483,1.2907319328679934,2.6685750889048214,0.07625976797246822,-0.6704465786528541
0.8444884566374407,1.7884150506641887,2.1946387068446787,0.22350381909346653,-0.6537494533744523
0.8193686799545945,1.555400140915712,1.5442861059306714,-0.11389790343059392,-0.511494114432403
0.7691273454773294,1.2239063938715746,0.27375876355819406,-0.6702698520940356,-0.4161991998476314
0.8344193924785244,1.4685898956697097,1.006100309925707,-0.31601684755178067,-0.4299351597230631
0.8971536026434811,1.6095395267298553,2.391030315568222,0.1788549057776007,-0.4019351583491095
0.8470344947329256,1.2497084397710085,1.2899486617273812,-0.5507803467637598,-0.4307618911574039
0.8453463902966657,1.1442228085968156,0.891013077005539,-0.8089617006554481,-0.35713790137853574
0.9191099707330002,1.4874557708780511,1.449446019609589,-0.34671184712178416,-0.325796831670937
0.8449255020288824,0.9817148171551361,0.3224526666447177,-1.0819404644120196,-0.28570017472325654
0.8416736255271299,0.8178948946611743,0.6364174328939628,-1.1376913356937957,-0.3140830629428858
0.894934706343607,1.2435121416831403,0.08357235990109564,-1.1087738835496703,-0.4458187588560274
0.9108586668620896,1.2589341800796798,0.5297646026614998,-0.9892100360568881,-0.6039929438278013
0.8707328869479845,0.8897482122895327,0.8029795205133466,-1.1687354383646449,-0.5724832896191621
0.8421737417421199,0.7101161243567438,0.3896534058436512,-1.454761788498231,-0.5976740839007851
0.914780275063291,1.4271101229437628,-0.8475772770457138,-1.296480848821042,-0.6284207864943192
0.7872936356029011,0.517244690433904,-1.1127022340801491,-1.9127328384212754,-0.5673550325514786
0.7587393268730046,0.3325691419098026,-1.0129782121131123,-1.916125388335547,-0.5685946139611857
0.7455591992907559,0.34180301884943504,-1.2796808986567547,-1.890429569114357,-0.5382889501194129
0.7097215496900112,0.1370330362094472,-1.1887534168479825,-1.8770824635888517,-0.5498604256830899
0.6535352634782198,-0.2379406784928741,-0.8901225748988223,-1.8696953811914516,-0.6262083211978797
0.5973094014555379,-0.6059744082892373,-0.5697543138240301,-1.9149173460337572,-0.6701818501208392
0.5254394508717827,-1.1070795861291611,-0.16466018678125857,-1.7540428298963349,-0.5796722531688924
0.4940447286191999,-1.23993055446185,-0.06861559864591024,-1.6162856794663776,-0.6158969589494261
0.4811726468059948,-1.2132024368156489,-0.10103951174248327,-1.4967397900233537,-0.6369622318353774
0.465951947752691,-1.2007339529699745,-0.1337878851615294,-1.2904484970528725,-0.6981566112596574
0.4479636541771105,-1.2121373125518842,-0.14023826648336465,-1.1356781459847676,-0.7344497508223337
0.4361770363588864,-1.174245513410253,-0.18313138104463839,-1.0106879192651526,-0.7518939638675218
0.43184858117754227,-1.0736590826166434,-0.2684503841722659,-0.9480038563809403,-0.7861389932973186
0.38739860753008354,-1.3141180129094523,-0.05779190717110301,-0.9799031714750454,-0.9248406469091232
0.38204638780897077,-1.2242615882282246,-0.1461980015240242,-0.8377130699472907,-0.9759946882790683
0.3610884435518144,-1.2870666485385194,-0.08821142476112247,-0.8023254174767045,-0.8664073552740293
0.3525568286314943,-1.217709116859781,-0.15113603673156514,-0.7362240911632669,-1.0271115019025232
0.3388766762972031,-1.2224588543716088,-0.13976532073494655,-0.7169853769521849,-0.8975193648941042
0.33312315491699984,-1.1573044572916629,-0.1980441224170062,-0.6387147362141958,-0.9178206333888076
0.32721270679646275,-1.0897087362115503,-0.24382615111758335,-0.6204989949590212,-0.9253990869483861
0.34432218226272243,-0.8325047686647855,-0.3801703729890507,-0.7044477049568599,-1.0326137199376635
0.3398171559386973,-0.8004551597354849,-0.18988411752112108,-0.6714917716786913,-1.0806651236955445
0.34441076512058055,-0.7907059339329462,0.5573345238651525,-0.5988623333759011,-1.111065428948051
0.3960325049138611,-0.31359256000743263,0.5287961029707854,-0.5583600144309392,-1.144957320507219
0.5021691350746754,0.6266521854028612,-0.04848442791749231,-0.2396991913704723,-0.9484743351209208
0.5711789231892662,1.1624272930932495,0.16729010018712212,-0.007404705269651992,-1.0891703973523335
0.6263947451165401,1.549167695585562,0.46074672458088145,0.25529738630335735,-1.0340117097774997
0.7292036361125294,2.3589717733099347,0.24531061186116745,0.5830075127006803,-0.9740095833964143
0.7049221447960713,2.0643885960939374,0.9226493313405578,0.514158783002364,-0.9510262995379557
0.684368765001703,1.8741615875985498,1.0292444358786736,0.41042069759650623,-0.930056604950419
0.6944680157672573,1.9288173635604897,0.952652784574554,0.43348962389311757,-0.8830298301389266
0.785614760712955,2.4532655103031193,1.6025097819715386,0.9993133114926087,-0.8005321945099945
0.7418523962476105,1.9362523884285596,2.0286799697485436,0.7501952599982344,-0.6987482541612856
0.8275144011386388,2.6082297783606374,0.7874321648896362,0.6735256392167134,-0.7159169070307655
0.8344861627072696,2.274836611879154,1.970631723431293,0.7840607239394513,-0.49961810919284105
0.8463637891316841,2.2427415190310303,1.4015741131011363,0.5591821615787104,-0.4625552326910886
0.8634015722996261,1.992703490326646,2.3945043865111426,0.6392422957124257,-0.4939760983005833
0.8980666337087587,1.9707374476569386,2.661835036558886,0.6180041221732191,-0.4805625744297444
0.9072456223274029,1.8166704136282612,2.504580791658363,0.36745200884439244,-0.529376077392615
0.9816966909162905,2.2145171377217103,1.884747456040762,0.45279700531165973,-0.5279715962156686
0.9287735902890233,1.5201352311392529,2.2152594369498155,0.0072942433200840675,-0.5007821427055493
0.9337886719065572,1.395496586929959,1.981453142166177,-0.2019271099088762,-0.5032760033598194
0.9280378731801459,1.2992697986116213,1.6960409585300331,-0.45216140426178214,-0.6629095947665169
0.9579379941498136,1.5467797866394088,1.0513327391536318,-0.5077884437579679,-0.6537943496945614
0.863751784781822,0.7450181074877736,1.339903911865353,-1.050121747639599,-0.5155275844951627
0.8308827122286397,0.5231592533109745,1.0193134987066133,-1.3785874862028449,-0.528170493224111
0.8722359638656785,0.939045361906458,0.20152479002857313,-1.4127283075797448,-0.6537644511501803
0.8036443156415916,0.3918872245484694,0.24950308291112608,-1.8397264033411471,-0.6193647841336463
0.7696366498283657,0.20500212027848247,-0.17764702324082576,-2.069511756716389,-0.5221167395358084
0.7330475671093518,0.019748477059794194,-0.4681555395938938,-2.243092838050129,-0.4689946484403728
0.6777940634909618,-0.3016097813567052,-0.6458426264465007,-2.432049028463557,-0.4038154900874586
0.6341881874204247,-0.5584520647409802,-0.5387070839850673,-2.377443881613833,-0.44740249388735714
0.5494062041750088,-1.1721945802629319,-0.027637551906631298,-2.3944291317293005,-0.4468420240350417
0.5344752408581038,-1.1620113242738423,-0.06339458577125016,-2.1916012856121734,-0.47554100649080366
0.5222343988592271,-1.129501409969535,-0.10493621363221263,-2.0391350942770115,-0.41974089907108136
0.4930896387331075,-1.2385080217381779,-0.012816379904216187,-1.986023283104469,-0.4700560635447542
0.4970217590756327,-1.0634417854081362,-0.1679040909122346,-1.8747164482758034,-0.4856921694477116
0.4648132574085379,-1.1985761429655952,-0.06717549493859257,-1.7499705475615943,-0.5205399346911552
0.4507406824785084,-1.1808168615790866,-0.09367246607158773,-1.611706172129949,-0.569341627716035
0.44474923821054657,-1.0937113836922656,-0.18418981698465256,-1.434652970721783,-0.5420611669171292
0.426486217552428,-1.1236016958531858,-0.1658047356860404,-1.3457112380446818,-0.5464403782770507
0.4058058901241013,-1.1803749661197844,-0.12371785930912835,-1.2786594559220028,-0.553659507681078
0.3846820940755878,-1.2408054234566506,-0.055206539748325366,-1.3412705333219657,-0.779620501845617
0.36653878968232506,-1.2957309889475201,-0.012159852371953415,-1.2573547962844671,-0.6644321377714866
0.35604921185872834,-1.2634741016351276,-0.04625082768676516,-1.180897568113083,-0.8065164551997189
0.3488787325918762,-1.2203337002014958,-0.09037144267561409,-1.0759135527885333,-0.7249569342329424
0.3429157788340351,-1.1589453491562853,-0.1509475866711163,-0.9723074459304691,-0.746598095219596
0.33471924289991395,-1.11922367845935,-0.18977334033862392,-0.8629799101709282,-0.7181412057809339
0.324815665696275,-1.1126626296922693,-0.10797788737731645,-0.8179373146270568,-0.7212421896096044
0.3188781133950955,-1.0977736755792804,0.03664351153313733,-0.7410456560076502,-0.7350476025031045
0.3185566901079055,-1.0633492912945668,0.26678173275654227,-0.6339445314395553,-0.7315199551315867
0.32090579922738455,-1.0234028049651285,0.5114350691892523,-0.6202420812423395,-0.604854612544695
0.3720182127774554,-0.5862853996995385,0.4833270409561977,-0.6504952131405629,-0.5311577095452367
0.37541213408835733,-0.49583402941793,0.15328240641248198,-0.6822889780617261,-0.4897044074166379
0.424367450352099,-0.25208018783245345,0.9594832831963593,-0.4712147343450267,-0.5353227783058756
0.4027476479536757,-0.38908836954271225,0.6481379959732751,-1.0099225036497281,-0.5824992446038065
0.4425590860374427,-0.21669634606976457,1.2476613157448682,-0.8730081712427983,-0.6274200329307269
0.5622903347166156,0.4954826669817793,2.196731363178813,-0.38660893635757854,-0.6654986992754133
0.622724168251188,0.8152434538397656,2.7348218174402703,-0.22147732926459993,-0.6980065359411696
0.6860669953896381,1.37652031524912,1.5597318196613832,-0.414058983554467,-0.47125658921931635
0.6015002427696827,0.8130046709100813,0.11152876921149274,-1.2256690333607387,-0.34864243687362717
0.6903432585564647,1.0094357122387918,2.2588204424702987,-0.3368755147674578,-0.4548379912653601
0.7484404725753613,1.4338875275091099,1.3472035952418906,-0.3619955558529634,-0.4277580426840829
0.6599770581833426,0.5828148973392383,1.395199410770684,-0.9749478630144977,-0.3071733038254304
0.6338485082297242,0.4076849487916721,0.12485016978417462,-1.4016363660701485,-0.2418487210985339
0.6794026541519269,0.61265436513807,0.028738427751703727,-1.152582033883385,-0.26427676363563146
0.7226644095744446,0.8204544782672818,0.007018894169423649,-0.9913762203121526,-0.32528709848493753
0.7594849559997495,0.9918005758199132,0.07549190231360534,-0.8225389036605896,-0.3065909444015573
0.716189114154957,0.4848277376472662,0.6582697117692485,-1.136293181578345,-0.2974421787646564
0.7363131290430657,0.6538840496221044,-0.05597851548971555,-1.2593172009867983,-0.2863999516035182
0.8394745791794049,1.2261081879656524,0.7413852974297935,-0.6746063252520816,-0.4959906790632028
0.8930301362754487,1.5410240367597638,0.7713490887511161,-0.5173454476641544,-0.6894813563735455
0.8324867625794511,0.9935028368275952,0.8589285272033691,-0.9171278288168008,-0.7114508053241776
0.85651298604637,1.221726849227338,0.04133788731321781,-0.9925295008820847,-0.7478915566305555
0.8191326339284617,0.8862976626730728,-0.14323522357230162,-1.26349434648072,-0.7314999048992422
0.8085323515837083,0.787622895982202,-0.48127883857084064,-1.4335582090593213,-0.7228735501721855
0.7875756363391427,0.6346913322685283,-0.778280918211114,-1.588399869280607,-0.7197172201192988
0.7558341309583929,0.4054099861568493,-0.9231981214305868,-1.70364455305254,-0.6691209738898805
0.7579162352434098,0.4903477812175927,-1.307979530353104,-1.6802370835603486,-0.6454873264653496
0.7019354314800134,0.0713674071026711,-1.1307012079685284,-1.8343156680655932,-0.6398779320565929
0.6462178833372393,-0.355950772865734,-0.7952824655516282,-1.86693580252532,-0.5662036992594033
0.6299548319363075,-0.4259862271549102,-0.744808726438313,-1.8045766112767665,-0.6104446573679407
0.6248062732701952,-0.3894274660140955,-0.7828998062634185,-1.745508386448947,-0.6916932428395344
0.6395996502251066,-0.17268584149863417,-0.9953135127089824,-1.554740871483935,-0.7074085051273555
0.5996419464817964,-0.4333204757366132,-0.7679849602629562,-1.6008604582722101,-0.6616249903762714
0.5641630965027791,-0.6560005757870683,-0.5734733856593944,-1.627828716771543,-0.5984885854580568
0.5556262514023943,-0.6455651365861026,-0.5843378890157513,-1.5898242716339273,-0.5958672298404031
0.5536618531996279,-0.5917413560203352,-0.633365110950789,-1.532338525027554,-0.5980270330660186
0.5572116826119219,-0.4922943725581447,-0.722397010145185,-1.4645987368240538,-0.5947053455438391
0.5159949831241915,-0.7919722929520597,-0.4663766888837869,-1.4692889837384686,-0.5207582880261078
0.4959516034496517,-0.9167778125611838,-0.35355052944625537,-1.446077925387696,-0.4789964905828229
0.5078126755395657,-0.7640353916707713,-0.4623245118723112,-1.537529009862459,-0.5433915653208695
0.4650668737784675,-1.1007987274336573,-0.19001139218550922,-1.4958900523137766,-0.5607683802030741
0.4949049527750276,-0.8120437582972301,-0.5342047627079485,-0.8743491300670796,-0.6674742883862229
0.48399443676986037,-0.8818950655470762,-0.5178624200465263,-0.5900718991658124,-0.7465701128279474
0.4483401033363139,-1.1722375346872613,-0.3024092189861831,-0.31717620110355593,-0.8256343632158403
0.45347610936039295,-1.1109307527712844,-0.3016676183528912,-0.3704925220395163,-0.8432510865798714
0.5143750327943982,-0.5630385475621369,-0.7055506771614587,-0.4410511732252853,-0.8099547009403842
0.4647801590128882,-0.9789836630236055,-0.3800978291167783,-0.19079091032759107,-0.8306157667939312
0.5780686674538084,0.025919767342848666,-1.2253873432968998,-0.10379765411351627,-0.8443095680780929
0.5909786560704553,-0.07393887736914287,0.1552153893559792,0.34892394806989063,-1.1576618328166393
0.5516876801271686,-0.4914883040614732,0.8956775110495165,0.34154140938823985,-1.1440983896906745
0.552759737211573,-0.5211194503561049,0.9785160116927957,0.3192715771871703,-1.1416662253401713
0.6136794543973021,-0.29561367916717896,2.319029072866211,0.4656227751186507,-1.130415609553734
0.6401762404476204,0.05703152828874733,1.083847767597163,-0.15254899220339746,-1.0392278077164385
0.7326493483521208,0.5110509638898366,2.3000431680738833,0.25920554352199243,-0.985093073205009
0.7804077082469771,0.7846410348368275,2.3998943810330675,0.41239054612869996,-0.9716105436434972
0.8181333075840866,0.9427744047296384,2.52072073351808,0.5663628906165362,-0.9647549696012455
0.8313447719221867,0.8466015903285232,2.728111395084058,0.3945650310353885,-0.9222367328304535
0.8652932535637339,0.8462787734177629,3.0227299685415963,0.3763421980498199,-0.895446495300982
0.8972475296762974,0.8267925029961211,3.1452805783049085,0.2869473725734425,-0.8808239823844278
0.9525949080270049,1.0118680883760427,2.8798575739314196,0.16704585475814238,-0.8286580325473256
0.983773077576881,0.9223610503088393,3.095636899629104,-0.0655417374577329,-0.80006199699496
1.0712656732764745,1.3013011586279002,2.909015115233504,0.04152725346100488,-0.7061735088660633
1.0636047480801767,0.9871920403508868,2.554836609760347,-0.3259949672938708,-0.6534672444093932
1.0709150881261027,0.8753913417700127,1.7164341123862525,-0.6499519743266092,-0.6625896020250603
1.1539832980157563,1.3795572061822337,0.8090464301533392,-0.6581764608047593,-0.6712356799761228
1.1190478983045318,1.0686143256145595,-0.19945635088643643,-1.2361481902182436,-0.5765302277922464
1.202449152475688,1.3031042327296058,1.5092532742048126,-0.5750169878536407,-0.679288758014484
1.1799116937582113,1.1015490119764275,0.9788757434460514,-0.857944755571128,-0.7009921173998069
1.1293278725653801,0.6722942133564919,0.7312992785035519,-1.263524509138028,-0.699672662393795
1.0509213645535647,0.14339447807965183,-0.119081578637318,-1.8839725875065334,-0.6494132874513155
1.0940411151814926,0.45493815915870645,-0.35144660313017134,-1.6451450841345991,-0.5876030807834985
1.1275867949786997,0.7121099369742588,-0.5635021235792269,-1.4693425801502005,-0.624581378352629
1.0755794120777464,0.3546914880327055,-0.879920006443385,-1.7492627791578057,-0.5620324160421171
1.072343716563528,0.3991827797839535,-1.2742591935456133,-1.7335865098967347,-0.5683590764185606
1.02945712432309,0.10004368906455952,-1.2463893870729217,-1.884472739619059,-0.6203143505682299
0.9200844747768853,-0.7765134386512073,-0.5853949748230798,-2.052691382238754,-0.6095796756703445
0.8770646751327255,-1.0611950925085647,-0.3736412009609229,-1.9923145449514503,-0.5812784699554038
0.8714742970850162,-1.007638027493503,-0.43633570388348475,-1.8769215461779936,-0.5865572975288732
0.8921570731425925,-0.7198562810101842,-0.7082731838280257,-1.6435844663713886,-0.705170243574538
0.8861385224999225,-0.6644000202348828,-0.7747100878185177,-1.4852466341611243,-0.738906891522306
0.8786065858648024,-0.6148864302481073,-0.8370153686397324,-1.3216883893744031,-0.7410733490029326
0.8035694132110573,-1.1575507338190667,-0.35261382086414894,-1.4541909026590245,-0.7783162032770141
0.7799453422903122,-1.2553028969127562,-0.2702575677354697,-1.404528030895195,-0.7536817189587284
0.797383418723324,-0.9984896141194249,-0.5216462884330579,-1.142523302722869,-0.7021962957016076
0.7935125920500209,-0.9332905524555446,-0.6009855986009521,-0.9435175967052076,-0.6616932581080367
0.799433329400228,-0.7980262518773946,-0.7080089286269855,-0.9506302104270958,-0.6811693466226062
0.7633164251568971,-1.0423038802491003,-0.48914397573811935,-0.9922387320884378,-0.6325876278113213
0.765222625524196,-0.9570691940106604,-0.5331266359682145,-1.1220123132596904,-0.6555771685989157
0.7785451149133471,-0.7718698508974214,-0.7264183990458488,-0.8729292707857884,-0.6822640188744751
0.7454104978284776,-1.0019667021721266,-0.5245925088240613,-0.8990158505298386,-0.689885677023936
0.7305618178479758,-1.0754350945608147,-0.4745381699018503,-0.7980466887082642,-0.7523624924544557
0.7126245377564815,-1.1823194314287764,-0.379079362721585,-0.7576106419321851,-0.7378467006747208
0.7040824536103977,-1.210992202897698,-0.2746820563422669,-0.827614623547375,-0.739163020659554
0.6993305682155704,-1.2173110714671203,-0.1631278709038294,-0.8426331811297789,-0.7133964497635669
0.7116627730500843,-1.0548643321585816,-0.2977815705493377,-0.7417120907276301,-0.8617036610644891
0.7499505503862834,-0.6910927797050155,-0.6060491150117421,-0.464048827421212,-0.7633529858762498
0.8220221499397764,-0.11443896319089795,-0.6289226551723461,-0.2761872883207547,-0.7563459413356561
0.9528888277052717,0.9844122004693633,-1.2827520861402124,-0.03045096407923958,-0.7172008288432156
0.9078882922883986,0.4146516854184087,0.15594887615763406,-0.13648146842970443,-0.8505676014448394
0.9714995267584633,0.8021527579053206,0.5873230778181082,0.06348287832355301,-0.9259736985271618
1.0508680553519425,1.2368164281112874,1.4037214730788088,0.4238956062873889,-0.8561106131486115
1.1262740618697136,1.7714602075441632,1.3137863909660612,0.6151501228998937,-0.8048756557684107
1.061074762494991,1.1657686507534377,1.5646446226857686,0.13410477215052907,-0.8119731682947683
1.2059505543608848,2.25319478250819,0.8975483730002426,0.33927762222735913,-0.8139548309269641
1.1903928867286715,2.005841189072686,0.7410494956947862,0.00044952340704847323,-0.7139098100862971
1.1657732183220224,1.7111811355463655,0.33056275196945395,-0.4431109053145576,-0.6207069436346138
1.222646927053159,2.030203830863918,-0.03286123137519706,-0.41441928536015904,-0.5731168494674472
1.2279806069341246,1.8148205055080435,0.6067834154578523,-0.34852273684203683,-0.5439884575892753
1.3162614204862952,2.2654494186615257,0.9435945803818343,0.014573705885657656,-0.6065675819169811
1.3438731623734745,2.4069540918580987,0.1945176642134964,-0.1250873097103783,-0.5289030226444082
1.2880724803163983,1.938394116679175,-0.6189498784790115,-0.7189393111737166,-0.45131021229709684
1.200885248038507,1.159404213479446,-0.7964617244246371,-1.2383582617208464,-0.3630665656324069
1.1824677396729482,0.9444037055177277,-1.0133013360001062,-1.4085980894285908,-0.3206580963419002
1.2094684825674211,0.9948077567242339,-0.48660033828710997,-1.193520130349887,-0.37111368619303803
1.2617085904945922,1.283942643286398,-0.14636457059177144,-0.9128603870809822,-0.46966043980247035
1.2781314658295648,1.6244238345035895,-1.990674650375677,-1.222828500297584,-0.33721099662544246
1.187746748220588,0.8274394440087842,-1.5477876695401631,-1.6123986724509995,-0.28162369079496624
1.1654542310267548,0.6755450206720726,-1.7464479932106685,-1.745129245469765,-0.29864527795538426
1.2689612277160847,1.5679007356193408,-2.470641743587382,-1.0276194208388916,-0.30386222125696283
1.1111345144599527,0.20715426397334324,-1.2177436575602272,-1.6317638033754274,-0.350685609641357
1.1040582099569127,0.1858613613638117,-1.3846888135200843,-0.7154838653098442,-0.6368128597826144
1.0635349339468494,-0.11658957831563789,-1.2466685992863222,-0.6346296620551453,-0.6591656287058696
1.0283947545390524,-0.3566476472556528,-1.1957065297877598,-0.6103995894414936,-0.645703193211951
0.9951488166258383,-0.6023077188341661,-1.0466265225250975,-0.31281858023890086,-0.6443878062921499
1.0816573933795017,0.21626083775574031,-1.889677315105501,0.6901515373293825,-0.8648570272326305
1.0201627841797258,-0.2672790374591737,-1.495983506480992,0.7890976736550779,-0.9563745377104128
0.9685316187805786,-0.6671445982385988,-1.1793845490688184,0.9265373039668855,-1.0010412436290985
0.9274425036637279,-0.9696002007789416,-0.9579407125361156,1.1387176161572699,-1.1361188087285523
0.9294425924943892,-0.8960629264207077,-1.04752425221691,1.3591158633378377,-1.2245951203067726
0.8753999367387115,-1.3209625879668558,-0.6805056379512505,1.339461039009186,-1.1636444892489344
0.9001002770370912,-1.055360574608091,-0.9184744542041609,1.448625682942205,-1.1825410174349593
0.8665264325391641,-1.3052604052031538,-0.6896282963153603,1.337790695493505,-1.239397620013208
0.9523884903456216,-0.5059306646590186,-1.4132406298281706,1.6697755934419454,-1.2555147669308027
0.934046591141474,-0.6168825969700804,-1.3081209132385665,1.6129063841056224,-1.3016845970623203
0.8509211987167817,-1.3011337402054894,-0.6768333402955762,1.2992573884199818,-1.3718654721374837
0.8284222877464155,-1.4549888156336424,-0.5232952964802975,1.1745683360101824,-1.3656265051999303
0.8389525410466002,-1.318417278774132,-0.6509147518963145,1.2717874279407868,-1.3544648679327456
0.8572943023290776,-1.108571173415524,-0.8424594027570032,1.386156045077242,-1.346998374258779
0.8380414456497307,-1.20957750448567,-0.7338799363457108,1.2822573925629654,-1.5359574856160898
0.8806715762376278,-0.7752393056280726,-1.0931170162517756,1.2966351516430978,-1.6072964371576948
0.8679760974074864,-0.8306613224992264,-0.9727238085947882,1.360300852083516,-1.4190861848084038
0.853656301799592,-0.8998733497998358,-0.7865136683085687,1.243577490758713,-1.3734742396483977
0.8506283390798771,-0.8476933644759399,-0.8998628389203198,1.5027825578754501,-1.34456452053791
0.9450772238660661,0.0037421025797600496,-1.4090054077656737,1.489126275788637,-1.281647294500167
0.9106973382801651,-0.3069259860624988,-0.7665809886328292,1.3317346501331677,-1.2965973042835937
0.9176897882431962,-0.3089898901508091,-0.2310177490481267,1.4671161463723545,-1.227679427018132
0.893676980612276,-0.4942490417728224,-0.07079413013898,1.116405418436038,-1.1974562365439099
0.9295651477924921,-0.15716910206356643,-0.5128503579778564,0.9850046245802069,-1.0571944605529262
0.9252798670779859,-0.23607804498182205,-0.2443609822354657,1.0775173997869438,-1.1111065733909025
0.9829829397758112,0.1665140087474533,-0.0536479193021451,1.2201714651181315,-1.0345719062731604
1.0248474146652429,0.5728745458525001,-0.6988730427729685,1.2678999806456424,-1.0444106030344973
1.0787718413916858,1.0635891811808507,-1.2913130325248245,1.2057093810237087,-0.985797646141387
1.124659516340957,1.5380726889468483,-2.2158639154765347,1.872389357953735,-0.9514530614836761
0.9966888526664561,0.5079223101802762,-1.8167057368773598,2.0051764302664297,-1.0985441023798472
0.8881865964638218,-0.4721421202197012,-0.5613353491720461,1.828500335292773,-1.1049678770592395
0.9118208063016578,-0.33870014255068576,0.04176637073073051,2.0919073046909347,-1.125798569617358
0.967700120484979,0.13900849732160134,0.0035290044113335077,2.3502543484399245,-1.2010678402215973
1.1613611627323073,1.5489229368202733,0.5568683540564577,2.9787262772666288,-1.2307961918480939
1.171001550479528,1.67483908318875,0.04862124897047742,2.7971421222166306,-1.4046649318874147
1.2086003178720612,1.7335173029556377,1.180091910659903,3.0193313836188715,-1.4249231091092107
1.095343127727158,1.0752471034379052,-0.4864140161333654,1.9751817173128894,-1.4497669170341865
1.1106944865702737,1.0737632503054793,-0.057151977584112036,1.5361036157790002,-1.279803669128498
1.270271598461118,2.2326278950363174,0.0041216541820114595,2.4538212294893813,-1.210898170913214
1.1258468191125537,1.2073758763082107,-0.5699585370010097,1.302700189627882,-1.273315834812734
1.146547590321428,1.474544448999441,-1.366421502392603,0.5044215353479813,-1.0373432219943137
1.0410670152234214,0.5904579335795225,-0.8302529307445332,-0.09466178865039457,-1.0147280640845464
1.070071462763512,0.8867327034462044,-1.3491632437873238,0.14387265948206354,-0.9818942964927646
1.0037104407673085,0.3730867673309949,-1.2598964564239077,0.5799162258980455,-1.1479867599066775
0.9520568561609901,-0.025925723095835025,-0.9712098922174657,0.24195124378984367,-1.1575360489187558
0.9344044995378201,-0.08637467336194629,-1.1175531588032839,0.08529467655258097,-1.3014966956821001
0.8592680050278506,-0.6470362387036537,-0.7804206495576689,-0.1331975562227424,-1.2718834474153469
0.8521501276115983,-0.6067335825447114,-0.9449295067830539,-0.22432751319135635,-1.3894354995948164
0.8084437563036073,-0.8891237172668546,-0.7597557421355977,-0.09900113788148844,-1.4410611676623426
0.7998089246536799,-0.8655223724953266,-0.8027967311547319,0.07721151114556714,-1.6192123062819987
0.8142519906072793,-0.6293693298348689,-0.9654142247413418,-0.19565473153380206,-1.5481165320959873
0.7608960337398705,-0.9886263798077739,-0.6050879522998893,-0.563245939620927,-1.5373559376033938
0.7129618889283712,-1.3054840771593246,-0.3133597551233473,-0.6485973427684391,-1.4265436321931757
0.7078638146941776,-1.2293600957665478,-0.38421504795820177,-0.5566664799296105,-1.5151250085490164
0.739531154650128,-0.8353495454631545,-0.7137452720197534,-0.5365093238931158,-1.4903919549330715
0.7302014101890555,-0.7983890463889467,-0.72684895891039,-0.610741100435168,-1.5138565000179796
0.6978882451133827,-0.9677453549901085,-0.5280039216029686,-0.9597127016703824,-1.5002077685173727
0.6670658962732834,-1.1196769633413206,-0.37385824341037877,-1.0784709313352645,-1.4658483689253567
0.6392262989816935,-1.2422572495429427,-0.261277769124273,-1.090006822264992,-1.5615792770102954
0.6404435970778652,-1.1179512178940179,-0.3591367009583874,-1.036827734811552,-1.4767855207093286
0.6190192132052765,-1.1918100145342727,-0.287043547627095,-1.0312082679855534,-1.4521518128298032
0.6402813287167423,-0.8925881768104664,-0.5557697129020325,-0.8356345974357388,-1.547195546062593
0.6131717989287682,-1.015245949800651,-0.4360905175898816,-0.8912442995614626,-1.5108631983497567
0.632683566938162,-0.7358462716751148,-0.6774289505244956,-0.7052212871788879,-1.53863063707294
0.6004058439963509,-0.9467854363409118,-0.27090259075621975,-0.8920451774428136,-1.559573297810746
0.5921935147120243,-0.9536677398247605,-0.006369963590255984,-0.9965165066078743,-1.5437306696323931
0.5959268726868423,-0.8936532295779626,0.3990499622349207,-1.0543748976263423,-1.5683441737664487
0.6733917468044632,-0.17110700382236926,0.1270683821996993,-0.881521095592346,-1.730961686437494
0.7747342184108215,0.7396567471717409,-0.2850756800735498,-0.6340842321266378,-1.7031484493265507
0.7943927562997563,0.8832484322790667,0.2032013867587166,-0.518407753370507,-1.6648728387158833
0.8313110737270278,1.1302254926930708,0.797194941223935,-0.2445240995457526,-1.600474047442173
0.8887032192000711,1.6214032836245922,0.8472007003800298,-0.05894045765090287,-1.5411011669637833
0.9334494428692711,2.0115895491136473,0.9301650137008892,0.11758508592682934,-1.3589601906974507
0.9421321595158219,2.080304924854172,1.2352539315752245,0.20894690231187907,-1.3360018783248317
0.9820242721668869,2.366750319225599,1.5353650493524424,0.44400769457114564,-1.3482223016896824
1.013275423274737,2.589609817050748,1.5764101774060653,0.5525459485910923,-1.273447886083313
1.0106451091798447,2.4858129418877355,1.641966756040342,0.5613737496573012,-1.231992860337492
0.9948445962936484,2.229127927242924,1.7951894386176266,0.36092084660797524,-1.1667551621304446
0.9743581592107317,2.0883618754484967,0.7843168573307203,-0.06622107868309637,-1.0043803390030066
0.9135001331199086,1.5395812221251095,0.3961424645496489,-0.5837911351180508,-0.9478365323715204
1.0057310837848905,2.0840443005858087,0.5305034291785689,-0.19435761045743935,-0.9643853606783195
1.0401111509716974,2.0281694358541413,1.852332956737161,0.16006206129843625,-0.9835079057597165
1.0311010910037621,2.0763871922922132,0.2728991463062916,-0.2778418341710464,-0.9728001609525198
1.0514986257377452,1.9675125800077296,1.1241000998634652,-0.13625025105607239,-0.9078946915769592
0.9942003434457692,1.6742936377276145,-0.5887688557104305,-0.8928194582504035,-0.9672809849220988
1.0869079094811493,1.9923098465437172,1.200302173778728,-0.13668185303720862,-0.9572562714069193
1.003382180550751,1.5032454412195688,-0.15143181086277707,-0.8077680299992029,-0.9079397202528479
1.0459584024070068,1.5650861989806464,1.173723319719111,-0.21914002024633944,-0.8428888404028526
1.0455007550720943,1.6405376813352603,0.4110690812808894,-0.27632129593803256,-0.9821869440126889
1.0088484751100801,1.319001525291546,0.49263665744559504,-0.4523385436710132,-1.0058729723024131
0.9682425353571038,1.1070975248772683,-0.45665306976959646,-0.9091005385816961,-0.9183477563157159
0.9870675405473808,1.3080623580009845,-1.1177691587965646,-0.9347256608008514,-0.7991459537749128
0.9988292001317564,1.4957284120267313,-1.8720562112931964,-0.9201255305315305,-0.8378286527494322
0.9443270209545818,1.085259579867939,-1.8418781476787995,-0.8588487876562332,-0.9028402490022942
0.9095554420538894,0.847494075629489,-1.8447162608782706,-0.9001052234967636,-0.9691156189727778
0.9005918485519416,0.8364155145846179,-1.9986883719308874,-0.6742580588142782,-1.0034144742602444
0.9207115000721746,1.0790229090295753,-2.345837836159441,-0.02862408649233822,-1.087684922975989
0.8948575447754014,0.928099690314848,-2.2900468650919272,0.4496472855538975,-1.3808342765224395
0.7849406296929367,0.045483351949845804,-1.4903265123982097,0.1286010567519626,-1.488959814722025
0.7688265348652908,-0.011782548443414262,-1.433805126392972,0.09520751030985863,-1.4991725366059812
0.7921069230261452,0.2811979795906214,-1.6897770072093927,0.17956123375807584,-1.4919386855388517
0.7701109098122468,0.1774105729704185,-1.6011945449430494,0.17935896892607162,-1.3018499190041852
0.7621089842037381,0.20081673218278662,-1.679769721281984,0.6244133986942589,-1.276040330477629
0.7134682229000481,-0.13858526177262795,-1.3582684609174214,0.4045389084752356,-1.2704125059145177
0.7303729488274708,0.08371981554786057,-1.5499478386908527,0.4752783781900947,-1.2448768727906359
0.7473201810470086,0.29758682508672635,-1.7206737929011646,0.44862502026290163,-1.222612554305522
0.7204261103248173,0.12361994264040294,-1.529325728276916,0.18492269774232303,-1.191668039368273
0.743228346762841,0.38039868074686817,-1.7326270073902796,0.12058208539625108,-1.2045553902794828
0.688420195746492,-0.045299895813001284,-1.3406071001654958,-0.07411610543814859,-1.173597041837215
0.7225125582515656,0.31198407739654577,-1.6466349738093886,-0.0060147823248651285,-1.1953303722509065
0.6874474343384837,0.06805013108663607,-1.4149581308631336,-0.13815149569789018,-1.3560550734003072
0.6884952740060548,0.13847472258873614,-1.4533368682888006,-0.10169245429864429,-1.4408728558066313
0.6750105474740865,0.06973576197374232,-1.2720502599430028,-0.08755876375240274,-1.4449321359939296
0.6259361031601443,-0.32060366476197494,-0.7473597702050746,-0.25341206147905665,-1.3602353298308676
0.6449438765784018,-0.13038074799787305,-0.7001097733156192,-0.11186783751542276,-1.2025354824426464
0.6736064729048793,0.11734360531919859,-0.5975285103388556,0.04768503632214205,-1.2376415843458581
0.7311112636309386,0.5802212856202114,-0.5953701962795895,0.3011046060564792,-1.2972717531012674
0.7299991314540927,0.6346621592451981,-0.9136104293004712,0.1671456484515266,-1.2855582860416026
0.7429664506578889,0.7740648614998091,-1.1542124217168617,0.16907934506357,-1.1523214649475513
0.7934386550631096,1.0738023541208597,-0.6190612909875564,0.42076807930322824,-1.1153078112769474
0.7462910355870144,0.6486009341307511,-0.22019497953947695,0.20814398011430774,-1.1072245729148793
0.7890077185391089,0.967040971629503,-0.34446648573888555,0.25570690545163555,-1.110079709222102
0.8234884524101631,1.1724308072547414,-0.2108680371345524,0.42241731041840014,-1.1048436244393725
0.837642173744996,1.222171675293825,-0.1494521061009656,0.41697435663560706,-1.1129725051211
0.8448271505681265,1.2254518510299903,-0.14573203459325237,0.29175266361892416,-1.0833930293256329
0.8352650269889339,1.0772829216209554,-0.08821899208758355,0.21625844999278296,-1.019825227999389
0.8038362982048226,0.6558477588248928,0.6627175170966327,0.22499674879766762,-0.9982577074587723
0.7908593299983608,0.5539696985271291,0.21884552433818222,-0.019675747074278434,-0.9845413158460498
0.8237852038911545,0.8450942786674706,-0.5139743640099229,-0.10544110552980789,-0.9252696272626362
0.8381894055863189,0.9299838756130782,-0.7317798476610752,-0.17458107253739963,-0.9035354184740197
0.8879363327556088,1.1384069242735435,0.057643508783678694,0.19654497692986916,-0.9373434569319918
0.9290547342148432,1.4612990283904477,-0.3204673855751028,0.1815661211554728,-1.0265331451501596
0.9024233162534899,1.0621629173746392,0.5854219840191922,0.17593996165184078,-1.0239252762653206
0.874738664080228,0.8995474100435016,-0.20012665965185572,-0.17310653922895267,-0.9131921458467747
0.890861530516267,1.0887835469739868,-1.0875489831094454,-0.2983554601133656,-0.8921639949154693
0.8364613562293299,0.5477658229465531,-0.5426872313850604,-0.5673343615912629,-0.8858023057606977
0.841928662327443,0.6171320107057877,-0.9532777789792417,-0.617859584882799,-0.8737908855816235
0.8545953147446165,0.688273035823012,-0.943209769662216,-0.5425073161689994,-0.874427366345435
0.8583891346066745,0.7535291325111657,-1.2994595397010043,-0.11018057480372383,-0.9970873017103857
0.8262715502693928,0.485569589544834,-1.2172766154346895,-0.008792153240928902,-1.0336554432723246
0.7198487312993822,-0.41441415852399194,-0.6533310069824514,-0.07043013813821508,-1.1725379058381302
0.7198843012712516,-0.3833334828831976,-0.735226332555342,-0.4916093166221087,-1.127947304416469
0.6906223774399138,-0.5874441972644144,-0.6665501377581281,-0.6663591102791466,-1.4104620842554703
0.6743296699845324,-0.6693701636995293,-0.7400315785819737,-0.5356869296423579,-1.4289074414878287
0.6847078307880634,-0.5152619368050155,-0.9592269643781184,-0.19815634356687847,-1.4264867401369006
0.6785446347567777,-0.48287602254535217,-1.0667816125070684,0.33998179067477075,-1.3461621504201622
0.5820981794359485,-1.2283764271507882,-0.39842515112405286,0.11602483570406351,-1.3110126218667457
0.5642464993442565,-1.2744444673919724,-0.3626247387733546,0.20115729396295035,-1.6321511881718567
0.5529014007725028,-1.2842358729513799,-0.37943273882112294,0.4161262240331621,-1.5722576656422367
0.5184651507075698,-1.4808508558462505,-0.22322071690561465,0.5292534044394798,-1.6059529915984072
0.5176667962207747,-1.3739720932205148,-0.33096283486769235,0.6955298381916094,-1.6337716303813448
0.5042980600098937,-1.3723392514908483,-0.34730862570495574,0.8175217250369462,-1.5879072948223971
0.5323851430747272,-1.0183160904174207,-0.6708579133123171,1.003899810777832,-1.5195903352594076
0.4915318217334399,-1.2803937038058684,-0.41828954483994407,0.8270982283956455,-1.4627386932679962
0.4742030149192862,-1.349777148241163,-0.33878425029704223,0.740394706871134,-1.4687447659855604
0.4835938771324913,-1.2006290073684707,-0.4624022748408186,0.7403734243086636,-1.4351685017512945
0.47076853384827316,-1.2508229646413063,-0.4233506832865201,0.7810104583761927,-1.434056153921977
0.5658034599553474,-0.3661478498061589,-1.2263266884208839,1.2085167949109035,-1.4623569643670862
0.5564634989985642,-0.4004743598521949,-1.2202034412052616,1.4169078691063517,-1.5749828511514163
0.5127025144691162,-0.7366483279443913,-0.9352642795562819,1.4422289628352651,-1.6183332795585654
0.43556764064999404,-1.3648963663845255,-0.3555982983130962,1.2616299698790063,-1.621922026522248
0.44503257899533516,-1.2482200107117596,-0.37752394242217946,1.2771182840054527,-1.6436816974189763
0.478286496913133,-0.9434161702432983,-0.4861418984542408,1.2459284729221751,-1.5971306594217602
0.5138321126604993,-0.6512753992250493,-0.40811438645907666,1.397260027418796,-1.6789299480552349
0.5030280665879016,-0.7230783380492843,-0.2876015033930402,1.4096857835327994,-1.5593823523690697
0.5728038292958861,-0.17259260346166236,-0.3154204075733245,1.734481673599925,-1.6352644795521807
0.5858555850909315,-0.09910757770826091,-0.11180418206943873,1.6496049479739554,-1.598901709403039
0.620491247816499,0.12592050304906358,0.04307869310912167,1.612626146669898,-1.556368249623793
0.6414687006387503,0.17199890372851478,0.5922305880711687,1.5943976964677304,-1.4946362632391261
0.6739062827969325,0.48949946464545274,-0.19989849393382214,1.6872676988995179,-1.446588734386552
0.7389938777718259,0.845569968153665,0.3422340212741158,2.057634980171407,-1.4407318080196745
0.7655780270143734,0.943852275499055,0.5976373097000149,1.9188636231623397,-1.3790256271051322
0.777506699705814,1.0525860736355845,-0.11709002043430582,1.7893949563351867,-1.3745166413278576
0.8364435229250313,1.3798610236555326,0.06366517535894184,1.7939900306332206,-1.333550295337718
0.8517505307228265,1.3925260019764696,0.1191249075234895,1.7765965089242082,-1.336920711429508
0.8691036344729406,1.4757794067471663,-0.2903582592774544,1.926195388701492,-1.3289367343082183
0.9003657690480251,1.4882270582887038,0.5244515300224989,2.1031081443363813,-1.3270934034919375
0.9624051347043775,1.947724451801116,-0.013661315697964426,1.8050423211465882,-1.4218721014959126
1.0700525610054987,2.5871284810735915,0.35873572584398183,2.286249318092973,-1.3300408541981292
1.0386719070065833,2.2847059603334428,-0.026083682071496306,1.8393077346343527,-1.3482334772378721
1.0668661022691428,2.3764224635644715,-0.09150366274691359,1.8285102523016297,-1.3519963373213086
1.0567381788464973,2.1994518792631435,-0.18867684187828415,1.5694254120895867,-1.335031996056749
1.0767913837737104,2.1548894741413367,0.532068207946135,1.555745490112568,-1.3732667678090194
1.025318819565397,1.7748837228232335,-0.055631502998668224,1.0411750875032495,-1.0684273055668358
0.979795297579699,1.485183318147266,-0.9231521744053381,1.1138872383248766,-1.1494052770099608
0.9156750876825143,0.9423055448652687,-0.9292955715923341,0.9281323275130283,-1.1848904277236543
0.8805304184349524,0.7087311975821965,-1.419435825940498,0.7257592085179032,-1.1682066444546553
0.8778083951403383,0.6978078165888264,-1.6435206880428554,1.0250773524759005,-1.2167258148402653
0.9516443692919863,1.3068339740648989,-1.9491055619146067,1.5124397207004234,-1.486166933707634
0.8716990680440592,0.6673357076658932,-1.6429578663285602,1.1000696193829196,-1.4073419957917725
0.8683728679105716,0.7065962540752838,-1.8694036576650095,1.0368605735723266,-1.6148910171819075
0.8848456477503882,0.926713106464458,-2.328160677810899,1.1471205730302456,-1.5582715675527754
0.8704910394901947,0.8567766110745146,-2.3248830915761554,1.1569890637901206,-1.59425212088152
0.8047334290330759,0.33627245273918277,-1.8663996565644496,1.003743792502904,-1.512167316180186
0.7510732906024021,-0.0785447428639648,-1.517938865102635,1.02083932247988,-1.389986170038709
0.7013324963754667,-0.45631857050296903,-1.192506646773596,1.025058485184682,-1.5392577613149399
0.66776245986814,-0.7024864402006212,-0.9645699655059429,0.9379748580368691,-1.5066265832827832
0.6945548771226011,-0.39274219476480837,-1.2427486078951668,1.0303292152821222,-1.729898355507119
0.684980800973467,-0.3990332363334495,-1.2299208954255594,0.9932768192132232,-1.7432161275871647
0.637974815825682,-0.7251171227116922,-0.9463647837671286,0.9490517462323013,-1.6284668929805368
0.6287640487403373,-0.715513634167569,-0.9625055910015153,1.0262444101313108,-1.539443291323664
0.6100193871483871,-0.7899434470299884,-0.8815323916203058,0.9903076744281758,-1.730679353571041
0.6629360475011689,-0.24581978300734794,-1.3475451026863108,1.0422096491483865,-1.6672649646638695
0.609081383907554,-0.637481787300733,-0.9907518854114841,0.8901789409636387,-1.6388281980822608
0.5608617413934133,-0.9744503644614729,-0.6925774565686624,0.8973258596219672,-1.7950953643359278
0.5743819953273782,-0.772381512467549,-0.8770186113220293,0.9981195805627259,-1.663170518149805
0.5104653566508403,-1.2451837420463525,-0.464316837154748,0.9294206498065959,-1.601517067761402
0.48621143342110357,-1.3778173311772142,-0.334193095773729,0.9914626789071735,-1.6100929899238925
0.5107371781395394,-1.0828975430274737,-0.524186595341043,0.96300492058744,-1.5864559462997194
0.5797105392096573,-0.4219349491432569,-1.0038552903664864,1.2758522084651376,-1.6116963518915752
0.5714913841330919,-0.45996646089208487,-0.7954005841064227,1.394494973936993,-1.616324739007158
0.5140479439807975,-1.0272190571525828,0.45473677094491277,1.1349478721417394,-1.7892220726502615
0.5871759963968421,-0.4465592694135456,0.4680974125050594,1.2869308333745415,-1.5254226516950797
0.7176706018649633,0.6479880630809879,-0.18133029396526115,1.6647641628711705,-1.4516320063000185
0.6194742889135502,-0.09329823710187775,-0.21535842158317686,0.9376486906396645,-1.325844382679026
0.6291951426103494,0.0033826636387954316,-0.39434121386531423,0.8033939881388914,-1.3984314526226815
0.6953506543753274,0.2902079536680144,0.8736839176378468,1.1373079589764703,-1.54037072232762
0.7307930773611304,0.4800240606300554,1.128565446765767,1.0547169663459017,-1.317987298546989
0.7285626292558194,0.574924289782505,0.019358106399499555,0.6540635906815291,-1.205350537197697
0.7292564219776299,0.6222846873786682,-0.806342554339435,0.9116197136485203,-1.2171403205006002
0.7886812064857086,0.6756442103719928,1.2197933032416441,2.023079911160595,-1.3912994617068295
0.8285754127166334,0.9986272647428538,0.5696949183462737,1.539428780120203,-1.3439028055535245
0.9229300397542646,1.2337125592237705,2.9966420392929427,1.8766603578174497,-1.2699755554380818
0.9598315539509523,1.6798692151627288,0.8466114206911657,1.7054075846290981,-1.018948757476468
0.8114411489272729,0.30804533652390326,1.327104267218853,0.589927914394365,-1.0152158020396167
0.8306482899560411,0.2920155876466244,1.2026595874906505,0.2352704919758266,-0.9643596947447685
1.0107079369624616,1.6188040258232743,0.3866620465976241,0.8169870655474974,-0.9112561289904795
0.8488973641349036,0.4317503937186307,-0.9130249123697273,0.8946685651844453,-1.0598261919066498
0.8470617033347674,-0.19882135917514307,2.5379477701276065,0.8979178770583628,-1.3378323221930422
0.9701620948726509,0.7689009809550951,1.8769424756077067,0.7046930786682118,-1.1315220888608741
0.8418479580699764,0.10467600394014,-0.6082021754169935,0.2396739780419214,-0.9124691332979589
0.8686214044292346,0.028365376219190313,1.057888593058196,0.5377626425696631,-1.3954119506737919
0.9002211085843955,0.30318429854262763,0.7205515207440271,0.2901999742142509,-1.3354379184755738
0.9975647319643699,1.106437518337536,0.15526456309168002,0.3168614850781649,-1.3616102132451797
0.9490552237621013,0.7147761854965278,0.055887834143618656,0.028562255224456677,-1.2999820691466395
0.9610180918296011,0.8537427940704123,-0.5561574335625173,-0.011385003814822912,-1.1748271458031732
0.8738809869609937,0.20875896022821952,-1.0102714526110648,0.5479051861531644,-1.1077441640892827
0.7808809617764333,-0.6015288909133679,-0.30455325041749864,0.12909786438750423,-1.3670924737254404
0.774836547463568,-0.604801587483036,-0.4819091872455106,-0.05829763295737361,-1.2615500767282166
0.7287105568359915,-0.9298889641071336,-0.42525925256430347,-0.2626873724885658,-1.037886170191258
0.7909095330945264,-0.2872507000437145,-1.2212395411802452,0.01483038507646894,-1.3818738448783752
0.7791397537603217,-0.31100480514508233,-1.2687732556045426,0.41681935815588766,-1.5432249626676948
0.7202206417635647,-0.7578859482710563,-0.888264941442513,0.4635808510099623,-1.5096531676147618
0.7353015868775963,-0.5345365813128993,-1.0734612400321273,0.45975405843922873,-1.5130426362253007
0.6353827205813489,-1.3026589665657606,-0.40829596713951044,0.38673782133094303,-1.68357634138573
0.6144039156692535,-1.382924582293257,-0.360997974703862,0.5628975338952139,-1.6898123043582913
0.6102704556172726,-1.3147649127177476,-0.4406307261041466,0.7631350016971644,-1.7488353762453435
0.5924897106326303,-1.3782335590373687,-0.381285373668438,0.785656579703227,-1.607670065885966
0.5908009427397637,-1.2798907687425958,-0.48480399737281515,0.949815627480985,-1.6835296941465048
0.593163844956086,-1.1692646068521309,-0.5944711890554955,1.103772417279089,-1.5296696552637576
0.5863565826765353,-1.1198105043246542,-0.6281363637430252,1.1100853448373453,-1.6023039328582436
0.5399149617768628,-1.4353042183056794,-0.3407618675999733,1.0024850017954294,-1.4621096357311698
0.5504445473328435,-1.2326620556179098,-0.5261106273365558,1.1431294716361515,-1.5678850367558617
0.5651403543602491,-0.9989765433501631,-0.7225521759307061,1.1649221412727875,-1.5491804482813956
0.5116906498179474,-1.3737460969554467,-0.39611001937216966,1.1545185374879787,-1.406064426442036
0.4977976110518481,-1.3880421041134976,-0.378290992556342,1.2432825040349273,-1.52424224057316
0.5077946999836314,-1.2171189876654214,-0.450856835981481,1.1586961134510243,-1.4913323148332245
0.49703595324112104,-1.2604938541388324,-0.23547939734292211,1.232064058730942,-1.4406189156051687
0.4756298348591834,-1.38427331003584,0.032600776534955286,1.2088966941710508,-1.6312589178504924
0.49017767138369994,-1.2349685582514758,0.1905577638842179,1.1323755823169268,-1.6160165426243494
0.51300850107016,-1.1238715448248924,0.9753152185856934,1.2482662910224813,-1.8070132163585144
0.5265775038176856,-1.0429426835582218,1.4510328695046475,1.2919347014926894,-1.952409766426839
0.5618055914271589,-0.8365967992940464,2.0153956649518854,1.1168558106517914,-1.7052709894757037
0.6099486356546122,-0.5409994470957125,2.589456149159592,1.0112297058326003,-1.6197064766751128
0.659106300919661,-0.13769921609866434,2.4055976792398357,0.6679944276611407,-1.5050259861883313
0.7421904077485063,0.4301677728491804,2.6638860844260197,0.8706968060905412,-1.3501090558435729
0.7731114719955469,0.5388375119556259,3.209951004422293,0.9345320347090611,-1.1556589962453225
0.7399416014047019,0.4456344732269944,1.611777666683315,0.15167568558632666,-0.8970492743556115
0.8715747259131074,1.3007995277214959,1.5376352961467303,1.1527308475002098,-0.9132934212262412
0.9078900455686908,1.4793892396267818,1.133160069993933,0.9766180716291901,-1.0117962180653846
0.946102059456548,1.498536770391127,1.8291609015423682,0.8747637144229519,-0.9531275651062378
0.9487058483550712,1.295206325430255,2.1663338771891905,0.7309153142807687,-1.2176586426743874
0.9674031043388618,1.251436785825676,1.9849425793155,0.6287310271521854,-1.172927127179656
0.9701708342665503,1.306360016292975,0.2636829186415243,0.3497176629973376,-0.9709941453863917
0.8602189993716479,0.4102034780163839,-0.5985750705524758,-0.6110424566184721,-0.8121349817811113
0.9281456953635392,0.6910577185218175,0.11050455838098121,-0.5295931267388257,-0.9372337480681757
0.9765737119747894,0.4843589380866484,3.2876817389739963,0.20368619243779273,-1.062814576325705
0.9976081762275115,0.48934059677491565,3.545449247049601,0.2794631831251163,-0.8870560099815539
1.008293094158526,1.220526139877131,-1.415696561120888,0.052461668013044846,-0.8341123078436546
0.9300858306817731,0.3755568105775658,-0.19845156086069335,-0.04348736944557275,-1.3008340523217532
0.9272193153326691,0.01935838646024031,1.8595715637992203,-0.02050504839389642,-1.367710040418958
0.8739731840717926,-0.3934310984680662,1.78104929646401,-0.7628497468749066,-1.2786138167639511
0.9095010048888981,-0.09135390045111112,1.158345761505255,-0.7959100109062295,-1.181761123976306
0.9070786072291664,-0.029308501246213436,0.14422057325303675,-0.8117718121903048,-0.721906520492688
0.949056320963045,0.4724906810624557,-1.4351035778452514,-0.4773315106683675,-0.7128997710878962
0.90529603659464,0.11994145108728281,-1.4382123107822702,-0.030518510165439324,-1.0168372548966613
0.7667770339806722,-1.1020434448190597,-0.30364510468510925,-0.12915359220582345,-1.1258248886404632
0.7480447286646562,-1.1965967480029671,-0.3806360301660465,-0.27565227444091367,-1.25608595647249
0.7210663777037685,-1.3611431781857906,-0.3640070439216098,0.14704273208440755,-1.5165879865819034
0.6910046897463317,-1.557464324884129,-0.23497483171410466,0.38737830454092254,-1.4827754303308538
0.6855887289936482,-1.510062728449525,-0.30299235786750267,0.6094039137146323,-1.4917905912470242
0.665287518597367,-1.5830513609126624,-0.2594799984467254,0.7575982910176803,-1.4219337646718315
0.6659084110122389,-1.4624955657723464,-0.3486277404792768,0.7214538709854196,-1.4899592936146329
0.6439549595435581,-1.5391026181529057,-0.30072468950023873,0.8883429509849236,-1.5258684177245538
0.6511832121910498,-1.364714918742674,-0.48683872073732415,1.189432380857198,-1.4709781226442848
0.6447527537336218,-1.3159973465377834,-0.489974921475198,0.9519626932147458,-1.373038192111574
0.6263306235424597,-1.369992736181605,-0.4399553230519557,0.9839396098960427,-1.471436317552449
0.6191456349278858,-1.3342289207888784,-0.4809685260507714,1.0937284729605776,-1.4219508706789625
0.596385969423611,-1.4257405666059961,-0.4019884094876003,1.1310594655730095,-1.593379397092926
0.5866718333300769,-1.424078183365245,-0.4107712714571151,1.210337304851724,-1.414408212773365
0.5840025621047954,-1.3579255530497585,-0.46974790536411115,1.2732721321302112,-1.4357868169017982
0.5601436029800921,-1.4733959646712769,-0.3560086745623152,1.2103281395533667,-1.5513758961962156
0.5652784209590517,-1.3558825682607127,-0.4542126736053944,1.2656000743076175,-1.5041035920504626
0.5350255228351309,-1.5411237512382865,-0.26649351605767574,1.1891449496588127,-1.4910604438825754
0.547245404178106,-1.361432779902662,-0.3220117155852861,1.2751379338754398,-1.6410745703137917
0.5752807123293351,-1.0805079590555946,-0.3805798129989158,1.4736913763406194,-1.5704883484120664
0.5356631238577524,-1.3619118674643995,-0.06184795908846237,1.3267072938270692,-1.6171565101731793
0.5317403001614309,-1.343994697075289,0.11728206410359866,1.348067495184417,-1.75518262274032
0.5336444193442954,-1.3591326908084203,0.7298889549283494,1.3975955928885653,-1.856247673145061
0.5951451715355869,-0.944732014158803,1.4620252301680359,1.2810590348842987,-1.8578671538397957
0.6695540305253862,-0.41083000219672455,1.9579428706781477,1.3615180049170972,-1.7633698522139738
0.7056421822046073,-0.1770028318034812,2.3738113057277808,1.0850323153107495,-1.705807094944485
0.7327110622460479,-0.005173157489070318,2.5687472285828776,0.7613122120011446,-1.6452002923316482
0.7662863863086076,0.2522057887250401,2.4393746421760336,0.3174559182210721,-1.4616397135272778
0.7264213579285385,0.1343574480149164,1.0425821128426482,-0.8279777393374077,-1.1284558532713946
0.8147015774453369,0.8339541426596601,0.4886673259738386,-0.9489988135875398,-1.0019769957389593
0.793204647169101,0.41085546710597437,1.5213682273721003,-0.9915365194285051,-0.8484810000447546
0.8551721436716935,0.7260168084239892,1.7407073406661722,-0.7363626478133927,-0.9291961216069943
0.8403494004967458,0.5593285046007849,1.1155251748969257,-0.9816869635638416,-0.9045474581525729
0.919700055004331,0.7965111296473224,2.476597914554405,-0.5585328693985039,-0.9660980947750604
1.0097113400553788,1.3888712598065052,1.9176059565945809,-0.37137288256452844,-0.8999079282560724
1.0269395785068447,1.440720224013717,1.1091861117036235,-0.3479533304354859,-0.8754422323576255
0.9167837568292952,0.4371109108521824,0.9582433731792184,-0.9917425398848203,-0.7143955011275723
0.8510662110066578,-0.15519992331624338,0.41789260416963886,-1.4209294817761762,-0.7531578535178837
0.9984881679124857,0.7052721950602251,1.1712786518315759,-0.6312378746234812,-0.6874685552097163
0.9990872055083286,0.6805640038664753,0.6609707409385249,-0.7664564212572612,-0.702407062229029
1.068988424844357,1.181910251510358,0.23074755063753732,-0.6818833540798148,-0.8434898621381988
1.0707254030434683,1.094547310796473,0.22208058923146587,-0.6798190422896033,-0.8366396174600779
0.9873728049988447,0.4516013258158788,-0.2776823434354597,-1.2788746836312779,-0.760796732249085
0.9505262274119731,0.10164669088449849,-0.34055414007278867,-1.4748050482479313,-0.5440384348018567
0.9711314555157763,0.2853213075270258,-0.8015637220888359,-1.3070503939300437,-0.5636835273366498
0.9242159906096307,-0.12853608654012222,-0.5741183787187485,-1.5641721626066596,-0.5695080453730113
0.889212547155411,-0.4018608585774348,-0.5272640774648221,-1.792350989912787,-0.7305640245048675
0.908861495642909,-0.1973892797513797,-0.9304775786660262,-1.705907647006146,-0.6462471387357299
0.8971117234439747,-0.275636034755542,-0.8806534405823394,-1.5757260417935224,-0.7180782485372483
0.8467114971324419,-0.6548917666551737,-0.687766684094348,-1.5950885798218009,-0.8176619303509244
0.786401996943843,-1.1198499412809135,-0.3133380651353733,-1.6859620623041347,-0.8882609964020497
0.7542236722463875,-1.3160092572997326,-0.1744004134000842,-1.550461444088953,-0.9815941962195359
0.7354931523646461,-1.4017270370408053,-0.13882278878000998,-1.283629180546322,-0.8433406949402079
0.73038143070743,-1.361447513500062,-0.17305662520346582,-1.2422670083562808,-0.950164873762753
0.7320475590474581,-1.2591003270407692,-0.2878034391158448,-1.0259099238334013,-1.0789324313616797
0.7166176173304777,-1.3020016256246116,-0.26496577747496886,-0.9226462447563611,-1.0557485647133273
0.6925379730191247,-1.414824931762983,-0.17415824253893025,-0.8796912893651343,-0.9627719104682891
0.6858751257278746,-1.3703898064796585,-0.2105485594216881,-0.8443712368607145,-0.9992245507131754
0.6718042972575452,-1.3971831285950334,-0.1958758605986934,-0.7668161143056453,-1.1072371927650542
0.6787665229681878,-1.2578807514272474,-0.33027693432537897,-0.6007341832490087,-1.0421118659436583
0.6583984414151209,-1.357426881007654,-0.24429226251805117,-0.5911542617429081,-1.045791205017495
0.6343413713805193,-1.4970316382524682,-0.11790803611580161,-0.6186116558186764,-1.0491516699844285
0.6334763718109554,-1.428702523993188,-0.17663648786454206,-0.5636091546313544,-1.2018369868966554
0.6205376427357042,-1.4835636245718853,-0.1613997999301476,-0.3396670187053398,-1.1048432396120407
0.6016036875537275,-1.5884525331792154,-0.05960211322104254,-0.3943479633653726,-1.111524264945436
0.5983351336100646,-1.5482830470950408,-0.09187611730123753,-0.3590357554673173,-1.2474796015390752
0.5960687323008378,-1.5250647134746331,-0.11445844953670721,-0.20423095288270424,-1.1407731614640269
0.5949055371375487,-1.493179337716709,-0.08606548240977287,-0.2130348195825512,-1.1327726350210057
0.5834277529635985,-1.5577930540033353,0.05899231770455221,-0.2111169067422022,-1.1458530200938706
0.6026690582146066,-1.4267925342062713,0.4096178562634029,-0.10327538537473566,-1.179562850786943
0.6292568277388403,-1.2595316640062333,0.8368797677770934,-0.08444860472904826,-1.2498420828717118
0.7007125190722229,-0.6896455080868018,0.7142331844006133,0.2521804653127712,-1.2987705011157316
0.7017143965385263,-0.7932431158551775,1.3444425400315296,0.12042745175762187,-1.191753004257938
0.7041049746453318,-0.8463006719892394,1.5796060472326718,-0.19427148251725743,-1.1659285990370574
0.7529718437073155,-0.5543585924083981,1.6851120699956748,-0.16492587350430127,-1.1434944920662105
0.8073559282784611,-0.23807765545300355,1.743135631844675,-0.07187348987478973,-1.1062972616339302
0.8952592158840543,0.2505732584225892,2.1646819350743707,0.2500418183707434,-1.1143032869323397
0.9547914847409755,0.48849540254886986,2.6717732310975704,0.11413228266574643,-1.0107577225009106
1.0319827612342358,0.9421935204775354,2.480866864775999,-0.14413055833695584,-0.9512753284404287
0.9958121447681026,0.5415531131200606,2.030136826937298,-0.5605413479016038,-0.8662338640242057
0.9434839651456836,0.053527200346494386,1.347378218797582,-1.2037745703338647,-0.807303485667593
0.9581293483556552,-0.042562368817609726,1.4832747720513062,-1.2560736221065665,-0.7699579691377065
1.0043717408433834,0.16653945363856199,1.4043556978907101,-1.126412556432921,-0.7552756177168413
1.0431378830503264,0.4697263718967023,0.4161925565166946,-1.171754784223218,-0.7081323422625011
1.0333274180550713,0.24364655095257468,0.6070151222752874,-1.2243768903659837,-0.6899520152919836
1.013054951684176,0.014221730690413817,0.48981960660717133,-1.4151263326817638,-0.6554245638107817
0.9600194901396643,-0.3780714085987802,-0.11417825354756304,-1.848022985161676,-0.6165230622308395
1.0036339510462613,-0.06993143326862862,-0.3462529656803585,-1.6717544991977378,-0.6701894541145627
1.0225837433047578,-0.058194678428377916,0.28884204769103794,-1.4850796994818127,-0.723361822272267
1.0586417879506214,0.22813996864222008,0.01273675338131445,-1.3434552325490072,-0.7365580708653205
1.0342077100027707,-0.06561184775263654,0.49027615946525177,-1.4250055294865611,-0.7022702776995626
1.039487617091407,0.026671726969036264,-0.08994618749258844,-1.5608495436184144,-0.7009724227967067
0.990065565642427,-0.42526502196773597,0.19986309575140068,-1.7192608895138546,-0.740758397485696
0.9601416286091874,-0.6693894689556653,0.17621900874989635,-1.9308390313588928,-0.816202055675915
0.9500111751104693,-0.7206874785308945,-0.069253936381777,-1.955513846392333,-0.9587295744633965
0.9044090638531228,-1.088092041317957,0.06595504311863658,-2.049332262967385,-0.8790136133723452
0.8957378968447091,-1.1229258965404043,-0.004264115359088191,-2.04984363023391,-0.9488055347021405
0.8776607402290604,-1.2002837073557113,-0.22979994720901326,-1.8113788205795833,-0.9949777098035072
0.855201138165698,-1.31501874968506,-0.22625242447939226,-1.570908541428534,-1.2046950104219254
0.8419428889436319,-1.3468632776870693,-0.22724508829081672,-1.3823662694224301,-1.078461381550032
0.8198746188834557,-1.4204049371898242,-0.19504039685010743,-1.1570663755511044,-1.2867306218192127
0.8003321747310191,-1.4726715086157431,-0.1645452864434123,-1.0366908757064788,-1.33270836513252
0.7882686499233392,-1.45924716144586,-0.18104826754823808,-0.9842494043091685,-1.2091730006864954
0.7814165016504081,-1.3876790173770284,-0.23821477792181014,-0.9766481324823245,-1.2029468771705747
0.767869094724764,-1.3760027656923395,-0.2589605622102061,-0.8389810278558896,-1.2323278514683202
0.7572065414109264,-1.3338656132227558,-0.30474228512929435,-0.7122056832516169,-1.2595917576868823
0.7265110958314096,-1.4751211224806926,-0.17550137128197815,-0.7153286640291545,-1.2732544087326885
0.7145258056930178,-1.437119007721896,-0.21561645654717865,-0.6261431766668045,-1.4428115269907575
0.6994864416367338,-1.4555894755345966,-0.20667615892502267,-0.4944762150119618,-1.357874824924867
0.6723013062510385,-1.5579980851741988,-0.11395130352164906,-0.48762327618435947,-1.4745309582992563
0.6520152366583243,-1.625111095445371,-0.06900819916634823,-0.34720096711113096,-1.3679751173014065
0.6493272300318321,-1.526762475665773,-0.1691096840257638,-0.18613491856044787,-1.4107934399806574
0.6270820548095575,-1.6064267070772302,-0.10162983132962378,-0.11903421742711903,-1.428265818934237
0.6140412045525112,-1.6027720196040725,-0.07355253433150712,0.0020778308492684205,-1.584286867668371
0.6234569574737157,-1.4560207992950311,0.014362610327909777,0.04339028775878422,-1.4945168220463871
0.6346391427322373,-1.2877608288386626,0.07904294842261654,0.1726472811524221,-1.629339209198566
0.6469644838623254,-1.1499576585394051,0.3188984701739986,0.26546465143276166,-1.7070823311905352
0.6215184143255944,-1.3368228073528978,0.8060426670637333,-0.23242427669902388,-1.6971899610139825
0.6516242570795931,-1.0712136122757963,1.0709418998097653,-0.03355117424111065,-1.8634009862039134
0.6904761510998987,-0.7983741594715624,1.4979908596512077,0.14128027939604473,-1.7505214105894165
0.742812162531033,-0.4465206203998338,1.979892033649639,0.1382875393412274,-1.5813695512815886
0.7753961343980659,-0.2372045864681072,2.2866637679261883,0.08629609111042327,-1.5148391160573902
0.8114010881752332,-0.014420961213715609,2.5843115400850594,0.041335451964705665,-1.4882097465130382
0.8934033891329495,0.6177731938671976,2.3246532287815795,0.24879335208525014,-1.428843047162934
0.9651460849307483,1.11986166518831,2.24636230953607,0.2551007057529086,-1.3796966912167583
0.973156685890524,1.0003065277109968,2.7560246652067537,0.028841592134328818,-1.320420777601052
1.0081037955726175,1.062154585778873,2.8852809892593534,0.15294628576119354,-1.2513622850377875
1.1011408413358077,1.5787573230640277,2.609920595269728,0.16323248755097403,-1.1828963597488669
1.1390146835683264,1.5826819951569837,2.7387779635748153,0.12365359758817318,-1.1307054173883178
1.2105597995043598,1.8709070926772502,2.517809306876787,0.2748083398701536,-1.1114250202759677
1.2409011593149288,1.821808066360946,2.4327583891421853,0.2767735951721218,-1.100178569277756
1.2974664552616484,2.0218508092113168,1.9488536828061271,0.28829701703370375,-1.016443527279854
1.3062875289250688,1.7105461242779416,2.5712890499246304,0.2813905976476763,-0.9936178464931531
1.201981008522568,0.8600178144316315,1.1594239471560255,-0.7736065224597243,-0.9491401936989063
1.278097355399749,1.1597354506565316,1.372579362172012,-0.48138457945455804,-0.9161985357663238
1.2331905608762876,0.797169343539475,0.4426993085669005,-1.0321684820076018,-0.8224890847186489
1.3035623940593706,1.3188443706848638,-0.1932897558622722,-0.8491430933958664,-0.8317061079588157
1.3431615671988333,1.272003811817717,1.6317668788164674,-0.3549772898008973,-0.9817322288491052
1.2259229316911884,0.6262985768142153,-0.3353368673029802,-1.4478071427821066,-1.0177713408894489
1.2899552582199219,0.9588020422574891,0.3170746712965146,-1.0357386693085802,-1.0761985118584427
1.25015163657925,0.6763837740119545,-0.10087262390335465,-1.3544144597283858,-1.052125073792173
1.2018992813959248,0.3290253820308202,-0.45228978311211865,-1.7069673469635303,-1.0075324725475943
1.18904777440408,0.267943728398088,-0.811188363088593,-1.781354866426934,-0.9974172157277786
1.176372051521733,0.19721850741915228,-0.9247942984970471,-1.7663425717091754,-1.0340456490864967
1.1612379617761839,0.15837542938673035,-1.231038378175216,-1.7851537099916588,-1.0544453198483394
1.0984440388142953,-0.29841099536803467,-1.020718503402753,-1.9529689178816572,-1.0844758156134469
1.0822837642727017,-0.3408865272466161,-1.0631258795629308,-1.936311759727028,-1.1015014220414785
1.0817155639926457,-0.24664293740582988,-1.1584321379904985,-1.8214749217680226,-1.1602313305660563
1.0073659623713491,-0.7872267954760385,-0.6717847156644392,-1.9864424014286537,-1.1312154612404455
0.9625754537196562,-1.0710683098416462,-0.4181622787285382,-2.043301186538829,-1.0139483555443856
0.9492914168067876,-1.0820711432277923,-0.4186437327865757,-1.9878892508620933,-1.0760332901221057
0.9517787329406844,-0.9573948704026933,-0.5319076602643655,-1.8910867745842581,-1.1449027177387512
0.9165160782091941,-1.1590736376414552,-0.3615218757125487,-1.8621658120221127,-1.2959301484818972
0.9089146838241151,-1.1238704079778772,-0.3921974997847051,-1.8509404334568185,-1.2780422894303418
0.9267339722157286,-0.8582406128421073,-0.6295239951633972,-1.7213624694386083,-1.3213743523259986
0.9142669235128235,-0.8543618241084856,-0.6471723068514686,-1.5938649232993225,-1.3502975881443353
0.8958690193295401,-0.904985259835011,-0.6170378299382118,-1.474652439704584,-1.314983922960683
0.8546552464371238,-1.1571075844341436,-0.40314670081475434,-1.4274626109580262,-1.2549813720074467
0.835131201270075,-1.2389549843942758,-0.3371376232086351,-1.3211768898009,-1.2495992321419576
0.8308026197414204,-1.1874670316279374,-0.38554837832112715,-1.2731666622120108,-1.2445374842070027
0.8163830963842387,-1.227709011344753,-0.36678405604625386,-1.1212421646870243,-1.2331857669374
0.806664221991872,-1.2460667875071996,-0.309900136607208,-1.304631104548043,-1.1654789531491068
0.8921309971510527,-0.4344195190323088,-0.9821096925347161,-0.9955901469006172,-1.2217329803692243
0.8987195168018218,-0.33994144850290003,-0.9054596182905047,-0.9091075681631277,-1.2926625184797789
0.8800730918116569,-0.493995567532063,-0.5819641192423174,-0.6895266258529716,-1.3453667235916607
0.8392103497000006,-0.8401647298339546,-0.13624945838741118,-0.7573987115539867,-1.3409117817475555
0.819131781836417,-1.0470491308112413,0.2697872185723418,-0.7590627917696867,-1.291930947382731
0.8718886918404731,-0.6094227028610804,-0.004485599866631727,-0.3150147946338782,-1.3478410028494203
0.9297397979685965,-0.1410939431396632,-0.3210140428514941,-0.1583592351854053,-1.2803668999160263
0.9116816974105909,-0.3781447741189892,0.0901415384195694,-0.15942227111570173,-1.3206815487309007
1.0313316580271672,0.595591692511946,-0.6726012347848352,0.2374218069082546,-1.2966689858134153
1.1764252489474976,1.6480554741151958,-0.8047761920416167,0.8681441774435771,-1.326964400009823
1.2649390375992555,2.202945596810804,-0.5555315991422926,1.335406227231405,-1.4427113493867918
1.3329763580823732,2.66305907194693,-0.8309066562687897,1.575383152465086,-1.4608200326871976
1.4182352636627797,3.44656611554225,-2.522000741329228,1.6606807835285715,-1.4299755240028948
1.4555965752521656,3.6881618582394107,-3.025549751535105,1.7064835462817847,-1.3970930835666513
1.3085685217668925,2.3275884439598937,-2.153085306742603,1.7455124256264762,-1.4415746824339208
1.4745478977619617,3.642464758897869,-2.983877039357605,1.9273207388279752,-1.4534794140610137
1.3524106821436452,2.4534060733084027,-1.6937867904888275,1.4043395816982367,-1.3145961233383103
1.3780061732299458,2.7871095709534224,-3.0201695183826316,0.9560344205532899,-1.2296261391088856
1.209014503008688,1.3358089630883747,-2.1902199278070325,0.4398551826403102,-1.241705114839465
1.3091818268766335,2.205194765522625,-3.112159541183012,1.2388571267009472,-1.3232078213374476
1.1735757575891588,0.9034832730344774,-1.372338376270473,1.48257587881933,-1.4415701099530307
1.1514801035412552,0.7589310355084463,-1.503789904514951,1.396748715314595,-1.3845069097638603
1.142852530639707,0.7319857711331258,-1.8647412748806913,1.904618615427709,-1.5957299419849043
1.1633283768398288,0.7836433045875316,-1.0989176036062764,2.195500973673447,-1.626231021180902
1.1468599666693833,0.7543371465239471,-1.625641516452584,1.6685525197870514,-1.6343472662565837
1.1878316235366182,0.9456539312299245,-0.8207529405998443,1.9653398391633001,-1.5938885041537356
1.1146637809752604,0.4703312018789748,-1.3120976538886222,1.5213870661970357,-1.6625446191892699
1.1018088968625552,0.35482152158544916,-1.1604922366554193,1.404702946440966,-1.6336660294807435
1.0204690317021878,-0.24880874585090643,-1.1549491986482674,1.0215860174776346,-1.5201586298337642
0.9902805001022721,-0.4526547701452208,-1.1742521092472007,0.9403972319332642,-1.51769976839291
0.9595807429613304,-0.674845418033614,-1.0113255347243297,0.8732321672357534,-1.5791954387416631
0.9612382925408945,-0.5865569543388596,-1.155730554753686,0.7879761343784578,-1.76948679833893
0.9122511250959949,-0.9362299284007433,-0.9080699732876184,0.7317703341006648,-1.8070497115523976
0.9104109934858466,-0.8573574978039162,-0.9837218158992537,0.8131345806306687,-1.9406129688455886
0.8818777139709564,-0.9997457547527339,-0.8455975126867047,0.7225947265639706,-1.9392362449082996
0.8601300533056052,-1.0739723664369107,-0.7883120445353932,0.8231317001825348,-1.9847030963782566
0.7927581427583859,-1.5488077586236066,-0.4147790429743319,1.0829681871110513,-1.8821060838325794
0.7696049819670365,-1.62283469718222,-0.3536988984065816,1.1111319689303731,-1.8820597233395926
0.7707352060552676,-1.5046753822235621,-0.4594852529602255,1.2062044470034652,-1.7077120379604809
0.774375318580399,-1.356259417264523,-0.587748235167387,1.273121521672634,-1.7013952615791552
0.7654052502595728,-1.3194467961712304,-0.6146572824346113,1.2893404132943322,-1.7129972079376565
0.7574830295419582,-1.2710925636737098,-0.6479771486237577,1.2958349375454814,-1.8126944369004723
0.7316591298119886,-1.3842715090468547,-0.5409440773795909,1.24112119392717,-1.8212738551244199
0.6889874345592611,-1.6486153063227236,-0.2935494534279759,1.135359450583956,-1.8092723218002777
0.6924701041728155,-1.5253769274198694,-0.40105247556995655,1.2192646542677419,-1.655751198438677
0.7069882773517148,-1.2968771700952972,-0.6040378031479651,1.3310069222756598,-1.6211011248810239
0.6858244223667664,-1.387373501385218,-0.5163041559600108,1.2921217474192626,-1.629955965243831
0.6537285993354619,-1.5720044596236789,-0.31489126296864745,1.1981651330492173,-1.76568576472736
0.6419693128863235,-1.6174709539301726,-0.18829026833047988,1.233000156032968,-1.6232306375365493
0.6422654264913831,-1.5707005275544674,-0.034875347746633964,1.305438168879751,-1.659695658600205
0.6504732701434197,-1.4573320411173727,0.029408603541570922,1.4120796748019775,-1.654055617477212
0.6530304811581553,-1.4276779175189862,0.2949145205312355,1.5259939264041358,-1.7027572629845888
0.671539860949788,-1.2786149238842586,0.44472809206835157,1.6606215363909649,-1.7595573773771673
0.7110882219802815,-1.084307502681191,1.2215709339059069,2.031630137115051,-1.8737801944109183
0.7824570745113595,-0.6294326063709769,1.7425753623870566,2.4527076892861195,-2.020067190971351
0.7126893120294329,-1.0785052294833528,1.1008647344066396,1.8252228530929444,-1.970414717747364
0.8689645728340482,-0.1136694586660305,2.3810419743187508,2.298628259192175,-2.112230470714873
0.902805560470503,0.07607651518913336,2.728121052958651,1.4241821763443658,-1.8667479777245253
0.9330824636848745,0.24440538493277583,2.9526457960766725,1.0732353935370464,-1.8029461105168618
0.9842060341266855,0.6742291681647711,2.186230773847361,0.8558379933499785,-1.5940889900749182
0.9877411280395493,0.670700087585049,1.4828777311386583,0.8090960569669502,-1.4462836709298064
1.0250132460180674,0.9603364099817623,0.47662448513880157,0.5096880381276867,-1.4676350530010458
1.1932973820257091,1.972283697468374,1.2526401686985895,1.3726684305173193,-1.3599875025217878
1.0852625148417663,0.7879959545773789,2.7773107299977657,1.069003046200944,-1.3905003815039194
1.1509863103905618,1.1531943245606469,2.423606601903474,1.582126719495026,-1.3524400231733413
1.3026618403724957,2.2052109232531785,1.7481830988405136,2.400137662026233,-1.5484587377552075
1.3098452814362307,2.0081706974261637,1.9970057180007046,2.0031005736307166,-1.6480764074344023
1.2635440402311602,1.3964324063144684,2.16944830278605,1.1673006361722118,-1.5149089738520884
1.31263442556966,1.6321788765137486,1.473805222645379,1.09921749280686,-1.495011799331349
1.2576140228571495,1.244278284479364,-0.09004343296641672,0.4673460676652283,-1.3697586760591467
1.1614514991231777,0.45736505466463245,-0.5601905557560494,-0.30254249387713006,-1.2224225212062734
1.2391084421435261,1.2562113451154728,-2.505799657830625,0.4815430264345393,-1.1953156047792213
1.0806410371278092,-0.14085458261559455,-1.4845328899136085,1.2121295834943546,-1.4282369871675265
0.9412423420659758,-1.3232994575489556,-0.37817154430863154,0.8692891246477016,-1.5758276799191746
0.9121222349457777,-1.5258162556612496,-0.09524282523971123,0.6995730605645475,-1.5686959606653919
0.9258803276394584,-1.3875144301710376,0.1839569426936895,1.0718436163358072,-1.7042870968755148
1.1086955713148554,0.36961303042234406,-1.879786943929514,1.6902755442181507,-1.691126412008988
0.9350296485025889,-1.097419180002488,-0.4650704395264717,1.1640754466275307,-1.715601713434466
0.8985778910580133,-1.3325695188129467,-0.2948878734241023,0.6943955405207168,-1.6765517360408346
0.8790333727564974,-1.403077069912749,-0.4556762960017026,0.7610970775065854,-1.5892572826692735
0.8614692533423697,-1.4497399526307813,-0.49736440598566695,0.9041101693847932,-1.7334224936083988
0.8907960437285576,-1.0917508317664022,-0.8571106679156169,1.2510756688624078,-1.8471886705523621
0.8277339525296805,-1.5500980100140087,-0.4560952501323526,1.2089919782659717,-1.716755189323821
0.8075030170260185,-1.616512181065104,-0.39420618085149556,1.204196976854169,-1.6098142377050562
0.818842955366433,-1.3956002849177678,-0.5809703202484604,1.2529055786019492,-1.7842177260666654
0.8249362422512411,-1.2356955511056211,-0.7255659997137479,1.334157554531708,-1.7166858070783382
0.9058023803393678,-0.4319125120091486,-1.4481196146931106,1.6812953149159844,-1.7797639855348126
0.8358296948741781,-0.94660780871605,-0.966327105687393,1.3951487006693852,-1.7386775408577129
0.8640113554598668,-0.6104600069356207,-1.2454220717124667,1.3874168329383632,-1.7105370086264566
0.8281458683071254,-0.8399501697296109,-1.0069469361742776,1.1324930258630748,-1.7212781504615098
0.8215662716337079,-0.8113809243123633,-1.0374456140524226,1.2104172508894533,-1.744032722320551
0.7882660361692789,-1.01104151860609,-0.8552817566022396,1.1752566590409967,-1.738872417887562
0.7802943047708665,-0.9805571163777155,-0.9057200949057225,1.3879179521448444,-1.7816731503555254
0.7290726487965362,-1.3323305912368766,-0.5828684680472519,1.2518176252829452,-1.7909478654797297
0.7128366108172604,-1.3797468755125142,-0.5360401456026294,1.2675673012220978,-1.7903088845291166
0.7074916758566486,-1.3289799644607398,-0.5573723349410863,1.2955968549691665,-1.7717215239441255
0.6886061938687374,-1.4298836707896587,-0.3576409953584575,1.312225887694526,-1.6620105862064092
0.6867982807670366,-1.3881205534242826,-0.17275677644026224,1.3202578657594513,-1.6775410839619507
0.6880610116398117,-1.3404146860004664,0.19026458261688076,1.2478409243472113,-1.8294019195991862
0.7015832980660217,-1.2372009707250122,0.6588825611294157,1.441019325091652,-1.8956247370647943
0.6912945494604261,-1.2551479807129016,0.6922747332412942,1.4259534323217697,-1.939781220522729
0.7157936865476933,-1.055588957173747,0.9870112892651757,1.5947156798139737,-2.0668115894912904
0.8106038721809611,-0.38053310275597574,1.5537013575189045,1.7970671754391667,-2.0640789906230514
0.8485548607646572,0.029484908500087996,1.0456088883238432,1.4074136818563228,-2.0750393960602103
0.9064126908367096,0.44162639666785475,1.3761986616559192,1.4056907884537113,-1.9538936673693656
0.9138881055399009,0.5755558573031648,0.9065483034000076,0.8959639782308196,-1.72959601516448
0.9855669631777706,1.0721562109652925,0.9925982957304478,0.9626908490910489,-1.6859365799157573
0.9919362123991742,0.9861310005879339,1.3877813040497502,0.8872101139355995,-1.4003836840740231
0.9239974737069033,0.46063309342551756,0.6618913570951105,0.6401487399597648,-1.4725332986251212
1.0827111632798823,1.5085218741112072,1.000353141943673,0.940712398545787,-1.5255465755543138
1.0800703081127925,1.140951416076793,2.4478023231044306,1.583080666644565,-1.6202509294429825
1.0121860941334357,0.6136788695826743,1.5196137133656362,0.4574054613200367,-1.2764656956648537
1.0419100172778515,0.7414821087633107,1.0260652909234702,0.09072833253907826,-1.2402355662660014
1.1979596578859935,1.8009667136170648,0.8184451884066853,0.2670026384098279,-1.200679435441255
1.1401491844449667,1.305727450548109,0.23071849884487494,-0.2672063926728015,-1.0954187975600416
1.0864525053996834,0.8380123236057841,-0.2320858803908721,-0.4276791453830037,-1.010307035154705
1.094757002331161,0.7257147310173412,0.2686306272624472,-0.22590946377943502,-1.086693412632925
1.1557638369416,1.2800428519120777,-0.8401726735225167,0.10782358186244086,-1.231432851769395
1.0796273278293105,0.430223503249617,0.7331926678025772,-0.3705123666302218,-1.2957679908969173
1.1497103839799128,1.0408703212254813,-0.05098004999273232,-0.16181073674119978,-1.1888040198616412
1.1175968014748665,0.7266679732604743,0.2057001086176067,-0.08911942505253634,-1.146923386605755
1.1912096490330715,1.4594199812310438,-1.0138417785593508,0.18799897088487752,-1.3678852722497032
1.2489414159682142,1.8373198325925102,-0.7663901283149896,1.1660414730097852,-1.7203557481864842
1.2125629385077696,1.6008835961863424,-1.0444193690657686,0.8341199077974928,-1.6164364697846076
1.061773702317343,0.5481763936144919,-1.545972627728382,0.009149353776856821,-1.5000093965363033
0.9973559305379006,0.03940832882777367,-1.2801301074652203,0.21139256296423367,-1.3920943959077572
1.0393222213737592,0.5133580596864074,-1.8370958558027128,0.4600262648540931,-1.521019662579067
1.0247165315958058,0.5026605397460385,-1.9742367348567507,0.48131960046064765,-1.6888104398370267
0.9453979868336877,-0.08485810969852661,-1.5313678613342006,0.44319863719531793,-1.7905452358785658
0.962609592624827,0.17172594872525038,-1.7824840160249722,0.6414014466966734,-1.6833675561287722
1.0124093168006478,0.7230655653796394,-2.271599998298984,0.8479507191425232,-1.6888337995770453
1.0010088661530168,0.7385369961216617,-2.282667434489948,0.8728818672413691,-1.652893646989631
0.9653058783225549,0.5430217650729514,-2.094327401663204,0.8031132042563769,-1.8430148761100986
0.9425148788345908,0.4535726498897849,-2.0068102953388616,0.7411280096411388,-1.8691290888819643
0.9042189770256495,0.2332982305982405,-1.8068628557977102,0.6847603520791421,-1.9541701407853753
0.8788596402633942,0.1258766071783607,-1.7262059420887184,0.7875462077925556,-1.9986990675164973
0.8533074979124027,0.018095899615490026,-1.638490521388667,0.8458809041367591,-2.013419638798081
0.8296453669228109,-0.07656199241307848,-1.5293353679909878,0.6978953352379922,-2.0165383798594823
0.8123389399324774,-0.11402289287230497,-1.4837913985457774,0.647886832795383,-2.029352073082799
0.7981230391892515,-0.12242985266409472,-1.468211187229627,0.6277854916384821,-2.038274946887411
0.7688402980515291,-0.2646843011712202,-1.3309484730805385,0.5616680145027588,-2.0416081101369934
0.7378694234303862,-0.4274030261859152,-1.169391778425204,0.4474336160899889,-2.0416572138963067
0.7156675865819758,-0.5124393479023962,-1.0891603656593785,0.45834384159370983,-2.042219428454062
0.700824380253299,-0.5335812271202309,-1.0491585442608473,0.5207772434014903,-2.05828061535131
0.6898013312718508,-0.5641198915441484,-0.7472002038815369,0.4944077449463602,-2.099537400950679
0.7119295089387432,-0.31921760714109126,-0.6366101630105241,0.6068359390009296,-2.1563765116151323
0.7449780429968416,0.039506065529358536,-0.7387436261882117,0.5651160343545715,-2.1565712136508397
0.7846959556354353,0.4117840209540184,-0.5867302752046681,0.46376675898532577,-2.1015416717541533
0.882219225419899,1.2730216693736185,-0.7974653438947948,0.304380835675125,-1.9710239665460392
0.9634509287781621,1.9476576922224547,-0.668939118083523,0.35085035954270777,-1.7910330382743151
1.0483217468659782,2.6694113833180904,-0.7908910267556265,0.5273857987360993,-1.6706981191168864
1.1223645970192753,3.31774400781158,-1.0237681712422129,0.7508508086842877,-1.5326731293574303
0.9093266265184352,1.7843713041807996,-1.315114203317655,-0.27623696404030257,-1.1824465800437887
0.8685099111529216,1.4535556951602036,-1.1155687320010237,-0.33893187974981104,-1.1573585814041187
0.8797902144240183,1.4202259821665144,-0.4653654850128744,-0.0836596653214359,-1.2169749258537776
0.903572121335211,1.7333983001635176,-1.65374267617048,0.3074853848564477,-1.2604537409849843
0.8553444484344305,1.2837723992652335,-1.5548809744764203,1.306564256368625,-1.498548375587858
0.7652180539750429,0.35424697025171814,-0.24056398601831566,1.100916859777175,-1.554813498057538
0.8519117965569133,0.9631628551311189,-0.12122001496484966,0.614041337749653,-1.3778953941964331
0.988560478037398,2.2897170214014695,-2.4742465693033315,0.8710369917733819,-1.3306762366546305
0.9282974780951208,1.6624070388652754,-1.8864934067558952,1.3685542929868268,-1.494381272598926
0.8147344666420502,0.5835976858733833,-0.8294739534616328,1.4215491417286368,-1.6084234282627548
0.8335435092223341,0.5440617056204654,0.08082644078152328,1.348999450207598,-1.5804423302011392
0.8172578681636915,0.30470328369397426,0.4829019817627287,1.0093010972932779,-1.484952911049208
0.9055758789666913,0.7037703696869957,1.7973298677238427,0.947596827765854,-1.4565559657951919
0.9376745955319865,0.8530801319915284,1.6918608977498575,0.7031936431801618,-1.2104904278822173
0.8892108167713756,0.5709594716331827,0.3520798952953172,-0.1398507494884898,-1.1283623747236853
0.891188930438703,0.3620292950316863,1.03821785535989,-0.1445048115746069,-1.2302693354024388
0.8974488126427859,0.34353072369653337,0.8014600903497543,-0.3769724432395828,-1.3814256494913022
0.9317789190639698,0.44025787052471815,1.1905071901459527,-0.3219617021328808,-1.4653181277484622
0.929648817305039,0.5307752020933965,-0.18684193948941286,-0.7866366160661058,-1.4516304127693882
1.000350055293695,0.9746079751061862,-0.15682878871638548,-0.5734082228760604,-1.5437751622207587
0.9938139422185204,0.9646939014653302,-0.8021338565441973,-0.8644724989103094,-1.53850630695203
0.9517927279747498,0.6352067591206947,-0.846910782336134,-1.1481994763484151,-1.4482779355097097
0.9033116488490965,0.3169290913864098,-1.0732319688421583,-1.4229299626472578,-1.4673108197672835
0.8562810008714832,0.00613088712826143,-1.1788366766732323,-1.5756878103383711,-1.4234950231889851
0.8400826775615688,-0.061271248551431665,-1.204810381492037,-1.4543797250003891,-1.484004809343263
0.8128382032329712,-0.2109698406322915,-1.1097274976541276,-1.31845932373724,-1.5323795999284804
0.7336927173722753,-0.8027493338412895,-0.6154627102054316,-1.2926164086499101,-1.58584103585669
0.7144149845449532,-0.8602597785799422,-0.582361071557645,-1.158204081931058,-1.6262654054807122
0.777222887108812,-0.19615299825868743,-1.1709048033558023,-0.9320222549601213,-1.6393657737962046
0.7876899000160377,0.014022853693003847,-1.3654531890821906,-0.7799161713598182,-1.6792994507253645
0.7057114553296433,-0.5919955062528052,-0.8084213887199653,-1.019795546838296,-1.6463238674980878
0.6936723580860454,-0.5824560454744416,-0.8085009377730096,-1.043029988267483,-1.6468632909964958
0.6567568179510574,-0.7932749990335253,-0.6241853452701825,-1.037530764377778,-1.671189065598223
0.66917500132563,-0.5740930459593173,-0.8230036172779732,-0.8972723252481587,-1.6825163217001904
0.6664174435679976,-0.4945522599937411,-0.8818229039086688,-0.909635693958335,-1.7076950813798126
0.6709767943157386,-0.3516967340456028,-1.0109244765299896,-0.7979488964056182,-1.7258298705746051
0.7059296557785182,0.053963481046431346,-1.366710063469418,-0.6495995938491067,-1.7407216618983825
0.6316741911463138,-0.4999622144258322,-0.8596970732582434,-0.8612566745098998,-1.7468151150992959
0.576295998237744,-0.8913951497241688,-0.5151411109559116,-0.9005562422988453,-1.7347069776720654
0.5433423339822736,-1.0920186253133235,-0.3215991368541504,-0.8433449224659593,-1.7831978554475902
0.5607081163814752,-0.8800049897552352,-0.32890375737388305,-0.7489088960348425,-1.8102748667081596
0.5251375040403848,-1.1604843227492805,0.22704273533889166,-0.6539923534472194,-1.912324513555156
0.5404822666578335,-1.0024359741526545,0.4582371325691347,-0.65693632096682,-1.9292087182820201
0.5580873670506747,-0.8344033593120198,0.6555993653969096,-0.5896996378467411,-1.9677563218786147
0.6607763122309739,0.05569388239720873,0.27336920561305333,-0.21379156596998758,-1.976312747446388
0.7631006370491942,0.8865595760118014,0.14781536596548364,0.3344400709890046,-1.9542851868511586
0.780830967718453,0.9247259879853039,0.8685657885886564,0.6385863919242101,-1.7383528047037025
0.8645223814541279,1.6581926333200823,0.2561340632320576,1.010367348140663,-1.701747047210363
0.845376996067918,1.579737743590981,-0.281487386997938,0.9369363956448873,-1.5673553960885578
0.8437157851526238,1.4456573919565625,0.17669707602502482,0.9385632413066409,-1.39442705102072
0.8917410395701769,1.5774240311138623,1.1305488448767185,1.127666880954399,-1.3804337991976776
0.8614031001272988,1.022415387105501,2.3485915538478745,1.133901695666687,-1.3176073615548904
0.8229485129979062,0.8941033924634402,0.08851969496147065,0.3974040259807427,-1.307979353553334
0.8737060483285204,0.9519885936753929,0.9075691104312663,0.6259593764371849,-1.2956715697621
0.8949977800251473,0.8620562335586651,1.3365916450360198,0.6417537299641186,-1.3269200999438537
0.9790138065111664,1.187896168988859,2.1148879867055155,0.9909945362045126,-1.308517680300171
0.8892332178421595,0.48571868241799565,0.882106028150264,0.0629721701188308,-1.1563454284541919
0.8986444928012199,0.40180117261657544,0.5313109473632849,-0.09172185805052524,-1.078092397075738
0.8847386890101216,0.1906287791216807,0.09320192736434088,-0.34609275431340963,-1.0484097104449401
0.8652497722585474,-0.13887119422081085,0.354765531575726,-0.48618897820530216,-1.0424285464486511
0.9430006031450637,0.39459925706059107,-0.012969274596990009,-0.24374206264566137,-1.0630585164953168
0.9828711613456678,0.5263532522723824,0.46893140649268394,0.06155062197868502,-1.10092600210838
0.9852041279973376,0.38855750152473784,0.8685044458045038,0.2141883314901571,-1.154133357213644
0.9421085374088728,-0.06681898912039097,1.047997211533002,0.023758155857260325,-1.1666648312723142
1.0272716577733396,0.48926469423056956,0.9694695359273374,0.27547200937243516,-1.2730140704539579
0.9544880149959223,-0.1279689325424302,0.8334268574514785,-0.31167089143964954,-1.40589659897027
1.048998450234108,0.5644264937970156,0.3880815545634221,-0.12118557939228213,-1.3596525136558237
0.9576535513268435,-0.09088007386717417,-0.30335031414437935,-0.7161920421301009,-1.1238777441842491
0.9234332947035282,-0.35206890887216,-0.5733710738559609,-0.87039137011289,-1.1591836545172387
0.879814962362051,-0.7072856069380469,-0.5116608210026109,-0.9188524058840768,-1.1382003540199606
0.8827839870127244,-0.6524441282938237,-0.693140427151134,-0.8006621082982852,-1.2225059503543518
0.9026432780994524,-0.4304149992685401,-1.001097356404555,-0.5635392313022903,-1.2681719897667687
0.892920769769368,-0.45066713915855494,-1.0730608870752538,-0.49178670883365627,-1.2497067568017972
0.8620452530210856,-0.65251194206083,-0.9098484545100037,-0.4828501417964273,-1.2679237737286064
0.8169668591370391,-0.9751542699942846,-0.6272946930633656,-0.5606896509639894,-1.247853616766467
0.7523522742955753,-1.4744690928857247,-0.2000746864886485,-0.559524180733144,-1.265780147717302
0.7475967047723561,-1.437573332774581,-0.24109892999655588,-0.47579084968429186,-1.4476632579688986
0.7375235896071084,-1.4665455957850353,-0.25061021901871133,-0.2085311861333402,-1.3481488381392408
0.7245308601212003,-1.51677689983585,-0.2114697293512209,-0.1533923864074235,-1.3534406998375674
0.7192785576579714,-1.4983691009672144,-0.23148110131377067,-0.09523109250953082,-1.3800711069249523
0.7011372849628864,-1.5993233691275637,-0.1321124668474517,-0.1919696527542278,-1.3763182661455855
0.7045749943921281,-1.5121798356766443,-0.2234302897043211,-0.03623889047295341,-1.4047194138638466
0.7031232914362853,-1.4697248751223768,-0.2599587154539115,-0.015211644206649118,-1.4353170462963978
0.6878341763536734,-1.551110308280222,-0.1853877714686103,-0.02527707509920222,-1.436835575609838
0.6950191166031386,-1.4196907172174213,-0.3204647753352098,0.13975207557899652,-1.6252900988073467
0.6825236356264357,-1.4769914908816213,-0.26356821377635997,0.11289016830372704,-1.6258176553601642
0.6689359081933588,-1.5536852109661017,-0.19547956173490308,0.12238264179302571,-1.526921833780525
0.6673523506964191,-1.5076438560802687,-0.2157057038909396,0.172739019294287,-1.6691332801029546
0.657716806794754,-1.5674125187745798,-0.07224941410819874,0.24680238933208767,-1.5811517063268372
0.6677297171545946,-1.4507352618440064,-0.03881347184858513,0.33886444786232633,-1.568427153556609
0.6874404292163581,-1.2687981474129633,0.061273705411673735,0.3432613519727444,-1.67330451554398
0.6994064665347749,-1.2303563242311597,0.6241469239091896,0.4172242715666177,-1.9091055814744766
0.7272699889608919,-1.0651681846029524,1.017748545656703,0.3098440204099835,-2.010169168238043
0.7604278331663559,-0.8756314736311082,1.5483340821233904,0.005434372925969725,-1.8661942877536666
0.8322885348464456,-0.371958352271443,1.827889585446702,0.27807213484590854,-1.7471923046631184
0.8670561734055143,-0.10561317463416624,1.7744722802275275,0.27959793525759025,-1.794954646088761
0.9021665232797194,0.12956131164997217,1.8013260341900008,0.39486405416882353,-1.699932375353939
0.8546068291323767,-0.25888873311501875,1.7138384036471612,-0.0068707105877726625,-1.5641987983488133
0.9452448766023417,0.25062271509029854,2.446485242992875,0.614512657237221,-1.4490707804311724
0.9319088130166844,-0.05587259763702012,3.1864119724828677,0.6206055672515584,-1.415479442956955
0.8825294560164825,-0.32649042696201086,1.5307860884409645,-0.21933868771546464,-1.362358421674657
0.9343345058877449,-0.006939457075894715,0.9059787325354256,-0.2999209325837223,-1.3567604295069904
0.9827706501608924,0.03104198077282789,2.05797609943734,-0.06849626878798594,-1.3036665913105756
1.023827088463091,0.012328485325124872,3.1460549702769995,0.15178357480553495,-1.1381147444345068
0.9859004838702824,-0.2094159753311412,1.4685361735424258,-0.6257153850785223,-1.146981206908289
0.9764403757890765,-0.42291082666016433,1.1751437982878268,-0.8872217219413666,-1.0506100758728987
0.9969868859488101,-0.46658423395546506,1.4910733905152922,-0.8100447474559341,-0.9784752109292841
0.9661044702255328,-0.7943988657480515,1.2723774103360754,-1.1411968579084641,-1.0191905151057998
1.027298017058425,-0.5140561861081296,1.788003420468524,-0.8503721538216552,-1.081932743105782
1.0268247555660779,-0.638466968463662,1.8797250964846197,-0.9358174259893725,-1.047865613255545
1.0335507684853955,-0.6298036479047875,1.415093618985374,-1.039692330259993,-0.9766287716955135
1.0190245073859525,-0.7965350112706872,1.180790035928203,-1.2568842938700444,-1.0385133553846888
1.042213272893308,-0.642821377756587,0.8777464021645268,-1.2572568475274093,-1.1566545654267368
0.9962105883689577,-1.0182058158467708,0.6211085762601879,-1.5882286448168281,-1.0160194060401786
1.0555240013822151,-0.5944553360166922,0.5225974523416587,-1.2970806660882694,-1.0628530809307264
1.0068107638283719,-0.8991257971841683,-0.169358971348588,-1.5754110417105895,-0.9211421118605596
1.0099652119753257,-0.904775999323775,-0.033841582214203275,-1.421524807589796,-1.1744027211385686
1.0076214683026872,-0.9112708827748979,-0.08043332277368888,-1.467563094427242,-1.3161930461335338
0.9895121692706993,-0.9964959067860591,-0.2922614606412966,-1.413915995971874,-1.4080995604077942
0.9482991676470971,-1.2754084157490677,-0.26263101700048336,-1.3550065634491508,-1.4693904345014188
0.9260025335157991,-1.3895268383225547,-0.29072336856609654,-1.002516078087966,-1.487953677758955
0.9117099271240325,-1.4198277609223529,-0.2922908915380429,-0.8436697618114245,-1.4858423168785473
0.8852560255202027,-1.5213726389185729,-0.2157763128239072,-0.7919493807799295,-1.6284972386036949
0.8782037327309908,-1.465001948893893,-0.28947316213000457,-0.544806052360766,-1.5646377079880256
0.8570443924677218,-1.5163439417415472,-0.23753499354337917,-0.5746155454929038,-1.5750662526663348
0.8331988281987794,-1.592124527997432,-0.172178340975898,-0.5130993850469671,-1.5696282985380603
0.8244688289517514,-1.5308524014254037,-0.2472539239077033,-0.3064755085313083,-1.635742047879449
0.8201288175538451,-1.426494522819848,-0.3350447660519655,-0.24457609257019203,-1.7636847888694542
0.7890406655621474,-1.5656151437940957,-0.21561909728094586,-0.21602543988409656,-1.8035685810906463
0.789905600909543,-1.4378271935831992,-0.34672057045496213,0.04093060941227645,-1.7058010112504538
0.7865264822331722,-1.333087333448295,-0.4405034436555781,0.12251107461448485,-1.8591785458817873
0.746376915124842,-1.5613249710410215,-0.24187784450214667,0.14095147352734894,-1.8748302785333182
0.7510071845253964,-1.4155923822436316,-0.3768544651734731,0.2941687391060724,-1.7617213434117904
0.7279407236928971,-1.497494729175843,-0.30145625083773997,0.28521733338858374,-1.7565473588549576
0.7011438020474894,-1.6251295934610175,-0.20234379797948215,0.42924392594473665,-1.7557063236148867
0.6919377812889218,-1.5916559299560367,-0.20629573274661234,0.47666723404228023,-1.9079591319376445
0.6836376915591106,-1.59696415141848,-0.06102118537229008,0.6276446717915861,-1.8127660911784471
0.6858075202399347,-1.52296457574955,0.09323761344276185,0.7094380251977032,-1.805089138741403
0.6779413522560686,-1.5876469826686115,0.654604838567179,0.4462168053881133,-1.8842921405386046
0.6963982429023251,-1.4315544420912862,0.9901246502380533,-0.06182198626644961,-1.9733065736680249
0.7202231735222142,-1.2532240273080693,1.3202111692378993,-0.037954602848364355,-2.034125576882877
0.7622751734501669,-0.9403049086311435,1.5393388692659664,0.39009392785706554,-2.0376957824405313
0.8019732461349686,-0.683327171557816,1.9012679007612578,0.4893705417331492,-1.8956243230977625
0.7914376539158631,-0.7042701999964381,1.4593169349027084,0.2264911596081957,-1.7323613570577774
0.8685034195380305,-0.3219973268076057,2.5198743004915887,0.5968323312365786,-1.717148265920466
0.9174303791250796,0.09009663902428995,1.8123236162366552,0.264418395011796,-1.700504559379437
1.0413210037922127,0.7503071443912693,3.019279104784448,0.597897908444499,-1.6348477054837023
1.127884088227662,1.254803050276532,3.03094708207625,0.6705808563826635,-1.5210948349674025
1.0897358167469446,0.8168515112819207,2.5689401587425627,0.03994637449035092,-1.4462219601811737
1.0945629320709842,0.8034461770888512,1.1634931149321455,-0.41237063396085877,-1.228701474464942
1.123786865345314,0.7677416436726634,1.3001238887280266,-0.4110447500490907,-1.2014822741137494
1.1057512032872898,0.35119420814771046,1.7140090473960536,-0.583888843020926,-1.1523168990689554
1.1465929378924342,0.5325544893413001,1.2751995460429777,-0.5874461664378788,-1.2868207813130559
1.1316701355582546,0.1776036132905962,1.5103940785379806,-0.7475786668177309,-1.1488049696387477
1.0206959217563147,-0.6918823733170874,0.6237678744764386,-1.6137567603393765,-1.0722126499456492
1.24268591337531,0.6962304843748877,1.6105846977464195,-0.18961063947012124,-1.1560709588977034
1.1300399009371744,-0.14927003169896658,0.7441063631531006,-0.9433168959121166,-1.09730764170122
1.1570505447392385,-0.06779942286443905,0.6444087264379293,-0.4110821747717341,-1.2534957461142133
1.1978147880563117,-0.12846480317680523,2.5682322648218996,-0.22365945855643968,-1.3961973505089353
1.1914441897740196,-0.20812534840544752,2.1766004184361782,-0.6091433401032501,-1.3163417932241008
1.1198529228857381,-0.6959969622994912,1.2132234045498647,-1.327467788328302,-1.1307302022951289
1.1777656750485435,-0.2699903550614559,0.707859164901241,-0.9214280540524428,-1.3206808643703565
1.182099361817966,-0.3519822986741064,1.1246376458072787,-0.9707940672825139,-1.3436840263486514
1.205966661872519,-0.09332867906414298,0.25987932148763937,-1.0336113202088317,-1.3267792509580625
1.1429720948746194,-0.5725919472737364,0.03835736487111766,-1.1130533595805185,-1.306378002304634
1.0775984398469518,-1.0627651384932115,0.038443516332126254,-1.5113686842865943,-1.4610300204928832
1.0443824166064601,-1.295809921065318,0.009467606755803631,-1.5038345130687085,-1.3965100844153282
1.0314944627640308,-1.2865417623213053,-0.30738860166966386,-1.3606031670193142,-1.4924169115953985
1.0252050886210424,-1.2361353360224074,-0.45572852232553407,-1.129138135165172,-1.5548935829052506
0.9911664167504195,-1.4301629672503209,-0.32537626725223556,-0.8985968142998637,-1.54757528886446
0.9628898530681674,-1.5360605540331398,-0.26611560843805004,-0.7071946713846632,-1.7279428527285527
0.9372260154137692,-1.6449066758082305,-0.19963666517187706,-0.4523660147541572,-1.6242837113801063
0.9392423446191038,-1.4914130931757332,-0.36202222283708824,-0.18635810410321527,-1.6797503974967516
0.9226157848555466,-1.505348965785027,-0.3648840055119008,-0.0032483153689046138,-1.733466925420969
0.9049206358940157,-1.5260050516710104,-0.3451101437646701,0.014704374603247427,-1.7543395112241094
0.8725810272840726,-1.6673784382814745,-0.2309980802104453,0.11196320294048467,-1.9177013883563823
0.8859503279621616,-1.4359477821441886,-0.4482046761599176,0.3405568610191815,-1.815342152637921
0.8417227947099993,-1.685264365352963,-0.2365631337655585,0.37780084349360327,-1.9678517338358976
0.8343884125233874,-1.638446001657167,-0.2897295448265102,0.5382051452520425,-1.8565942173458543
0.826904391230322,-1.5830628490158487,-0.3470776884201827,0.6601555351828784,-1.8894562328821247
0.823433227557324,-1.4989865531167992,-0.4107521835821024,0.6699262197922706,-1.8947270628727937
0.7986700057534246,-1.6081638395923163,-0.31487123309398807,0.7162394882136345,-1.9374631399361366
0.799963925218619,-1.4841177583879799,-0.4335447345709651,0.8637343888608597,-1.921454083868824
0.7832250406650889,-1.5255492806077322,-0.37929566371624013,0.9364235937572201,-1.914737392362106
0.7861679710847658,-1.4222133432420139,-0.33243574970424766,1.0806452694854887,-1.901335482580084
0.7613150506904088,-1.567395894286322,0.04493209563495503,0.9260278546719772,-2.1262586514802195
0.7582418340436106,-1.5941892310181986,0.5314801850538743,0.8074922680499217,-2.0959212163617593
0.7774295280010998,-1.4056973624898086,0.6262772134574434,0.7883153040434866,-2.164055608891284
0.7846090769930331,-1.3110544985075918,0.6756738276414098,0.8017587685616137,-2.205902839102276
0.8270936544309077,-1.0447815094472623,1.263058941812255,1.1214727151454835,-2.24816555275213
0.8817055323898142,-0.7135350452177885,1.8866938759740266,1.2411728846261065,-2.161173437769618
0.9109094995611974,-0.5415073024760927,2.185910955233983,1.0014092919185746,-2.0738735298552435
0.9483337006373079,-0.3247976036197788,2.480773628379162,0.8177775291470145,-1.9952305395049914
1.0017582593649836,0.02366579484932285,2.5924330769146167,0.8471430686171768,-1.941744578040296
1.0405235916342161,0.22507716726148824,2.771942280993099,0.8081967984479546,-1.8916960476664606
1.0893937751298455,0.45955533899712525,2.8362100083092803,0.7359363938379957,-1.8328959762538717
1.1277031557623842,0.5088140494669545,3.0493672885403167,0.3217662070029371,-1.6978563304992247
1.2874350391665514,1.567051637281694,2.366168943777166,0.10536394999236742,-1.5982053023862395
1.3074580187800442,1.3650875573960455,2.6626765391163447,0.008329623534350471,-1.5188891679674785
1.3902307968408933,1.7117532658854941,2.377544818987326,0.09948601601524293,-1.4819183755590213
1.4324088848504242,1.7222700841031253,2.2064271467028416,-0.01860076298772548,-1.4786684442071174
1.5057173255263079,1.9813211462369524,1.9878989522319712,0.05299320330225033,-1.408237180610939
1.5181958282461832,1.7548013232801956,2.032830239669633,-0.1162493683869634,-1.3852006013690905
1.5553242839733592,1.7899602699372497,1.683691943180099,-0.24085119600247792,-1.3581632464292686
1.5962214390038476,1.858827510504327,1.478877181944386,-0.26332393385729236,-1.33631032050037
1.624293901473314,1.92185092327483,1.02570056952042,-0.4273314584090878,-1.3363485657590017
1.5997578411528972,1.6301276963472748,0.8548828601161216,-0.7312091918528092,-1.3595858897031172
1.6202996845210658,1.7694458978329224,0.3605072281235347,-0.7541408285098888,-1.3692473480808087
1.5644623615979927,1.2861350490626515,0.3163258025537491,-1.0924638262936053,-1.3777753915655433
1.598928680110245,1.6167894448256368,-0.49173013006690036,-1.1516957354515198,-1.3730101714363956
1.5444106478602675,1.1761334589277697,-0.5464245834061411,-1.4372066562251964,-1.3638987869118013
1.489196843022039,0.7529281814221543,-0.6387462280184142,-1.647833121466158,-1.3552768166533686
1.4232766353854054,0.26571828431611566,-0.6554070539096261,-1.9380907970290346,-1.3292193417707543
1.3610744607031904,-0.1643062345915942,-0.6521547843490848,-2.158101314383217,-1.3287959938136384
1.336521496364099,-0.2430832558652381,-0.9194818503591626,-2.178124381541062,-1.3271738031872558
1.2641662809792547,-0.7378017085352113,-0.7242644318820588,-2.349544346540105,-1.34070882513162
1.1749064799075148,-1.3938128788599358,-0.24152098094094498,-2.2676311989217073,-1.2346250585520926
1.1391165648953339,-1.5677179038986244,-0.11962948698270687,-2.158511267318245,-1.2571747875387727
1.1194589722517507,-1.5841546600213012,-0.12662416842316676,-2.027170675642803,-1.3749740186703125
1.1238394381612709,-1.3990519717419119,-0.295949489961213,-1.8673294965371405,-1.426065770582706
1.1072768625322427,-1.4098063729175883,-0.2940231124888196,-1.7587313807166935,-1.3190015469085734
1.100826558567227,-1.3222703673697753,-0.38584166750486903,-1.58243966164009,-1.3858173963445986
1.0742926284396759,-1.4099641016856108,-0.31754794701027134,-1.4953284095561774,-1.3703445040598121
1.0470997072831545,-1.5096264444446612,-0.2279430491870557,-1.4952536636521245,-1.3821715432528057
1.0414785521948555,-1.4199093983428035,-0.3414550646867074,-1.1640624119932765,-1.4352510019286768
1.0120406781754128,-1.542009290403692,-0.2332995456806995,-1.1615061514873104,-1.5330074153551418
1.0199315336467862,-1.3667863624252938,-0.3782861477806659,-1.1122852454058771,-1.2982915855029786
1.0125441443160326,-1.3093301359225824,-0.3703488805162602,-1.485546465320947,-1.4948604186371977
1.1343619043266333,-0.14070352489872115,-1.3853162975100408,-1.2757538631869891,-1.5534238995634884
1.0205937710619164,-1.045010315531923,-0.5899040342847991,-1.3753282166732304,-1.476946658306633
0.9987522436262121,-1.1289750053586987,-0.5084542626742004,-1.428471741042859,-1.6416372753338764
0.9763152525045709,-1.228241796043032,-0.43063026876377397,-1.1906659801478756,-1.6887887348237296
0.9540572425781838,-1.355487175170961,-0.23430350977183,-0.9376284886078877,-1.6035948111775746
0.9558016254913069,-1.279705619584856,-0.0325111458897743,-0.8837863605114639,-1.7665649474860443
0.9554781727178064,-1.2468472398750639,0.16499460070780492,-0.6512995655203987,-1.7400830988822633
0.9477582202141608,-1.2702396195919965,0.3517802050279298,-0.5295160351190128,-1.7443574058467726
0.9736159375665964,-1.0786517367319837,0.8020520077155867,-0.47914014891052464,-1.9152744063842224
0.9705838005228307,-1.1769780676549455,1.4342866660602656,-0.26863436648363076,-1.8355305067004053
0.9953840414606516,-1.0540633129878616,1.9537813698089246,-0.32516051051512157,-1.7987230556756433
1.0425609288612179,-0.7316150325530758,2.1269178868441894,-0.19687297336077073,-1.8934511567779428
1.0712630614633685,-0.5918046626623351,2.380107833001191,-0.12617641342347885,-1.8317520767365694
1.1241217324437907,-0.27299245324767407,2.5926654440146684,-0.3482572295304028,-1.680533658873638
1.2237113735176715,0.45786517432126206,2.256170750183066,-0.30591317953555985,-1.5249407226056138
1.18998001983621,-0.03062081479362377,2.9280983011479544,-0.5475659256281544,-1.4757300092217756
1.3007869633231897,0.6892557748672639,2.445168248873573,-0.2561875760555713,-1.4205024276670264
1.3210559147205305,0.5453650537585892,2.852120829576379,-0.3181577865784072,-1.331922508017162
1.3527166149049399,0.5014637098469977,2.971431247801783,-0.361606301163683,-1.3009309215755611
1.4101976619314447,0.6650680823127594,2.966655710298279,-0.3835406938563748,-1.3748992124640556
1.426009249004702,0.4759646711284853,3.073466949302251,-0.4503280430063678,-1.2264899903500306
1.4617711234109376,0.5548248056024394,2.5401391189367786,-0.5603616844423582,-1.282524579182249
1.517571533519964,0.659709819726116,2.7700440590547206,-0.36366827515891265,-1.1314780561400546
1.565667708420955,0.8750906735732762,2.087475510042308,-0.42130983674654415,-1.0550799613717547
1.5212568486994116,0.324761363535433,2.0560522845355775,-0.8291987269687672,-1.1146214721099297
1.4923078079927927,0.08256439928811622,1.050013182043457,-1.294205499670807,-1.2697308178285918
1.5524611257718417,0.4299899443833318,0.9209989398582825,-1.0210594294530744,-1.1086693754599133
1.4430552379619537,-0.2996814455807141,-0.1994194004059368,-1.799345283566775,-1.0357624410992945
1.437822155968804,-0.40258063133308464,-0.05159954730104778,-1.7792539963772482,-1.0139865177413552
1.39345139331891,-0.7540222854909333,-0.02862109383333284,-1.9895323160481184,-0.9980146018440239
1.3507048536793274,-1.0963623810934855,0.1288502257164879,-2.031589256376779,-1.0450775074666616
1.3235441587847416,-1.2857975332153526,0.16362388654283394,-1.9884941226848187,-1.1161666386042843
1.3382154531553214,-1.0743871816959447,-0.2791086857706958,-1.4958572302070534,-1.2128543964490932
1.3472561689437776,-0.908517696939034,-0.5742330817914737,-1.4230242730759282,-1.2213623553926034
1.3632127695269762,-0.6723516453419932,-0.9284540680875732,-1.268536772022558,-1.2337211430420938
1.3111932015446388,-1.0115130627772393,-0.743183970385462,-1.255718622966804,-1.2641000769004163
1.3310235142413205,-0.7242423609097397,-1.0453518716862873,-1.0550384889890616,-1.303454869306167
1.266372858944152,-1.1620560074671626,-0.6855245949825097,-1.0153526318440722,-1.3491764427803248
1.2387214680039802,-1.2768169404938334,-0.5942963960006972,-0.9511789647142593,-1.3993434982184993
1.259511349042698,-0.9717973230947747,-0.85712844002252,-0.8468702394090699,-1.4428281727004555
1.2426065212268655,-0.9933210533876625,-0.8484957817346059,-0.721721118324966,-1.4908446508804136
1.2702549378235433,-0.6207112127837154,-1.1880389507916247,-0.510133985070312,-1.5359559057676193
1.193064594311158,-1.1627892486331417,-0.7154657679298976,-0.5764122054011629,-1.5800234054816895
1.1546340070311227,-1.370944898546596,-0.5299431749487771,-0.6036334380376154,-1.6092045781710327
1.1972733379016758,-0.8777084216679052,-0.9541515301560693,-0.47726687566581916,-1.5741640837996131
1.215590399090898,-0.5867351692106929,-1.2401425382219677,-0.1931011140935892,-1.5716358884546735
1.2111203642671957,-0.512717518670502,-1.2790530752414269,-0.2344371080266513,-1.6483726520125015
1.2002660233784255,-0.48820433602644653,-1.2997815733346623,-0.2038264601913669,-1.6744681937932298
1.1761588419667155,-0.5780992486039322,-1.2365520925885818,-0.08405301849263111,-1.7013679234274748
1.1793022035387892,-0.43707334209577,-1.3561329171098944,-0.014830501985868529,-1.6925432908202163
1.1782534999083405,-0.33789731742460155,-1.4261077906387776,-0.010776437708868433,-1.7244326946851218
1.166955246969659,-0.3350241192010491,-1.3719513829238321,0.05942648155312811,-1.7363129829226176
1.1619402753648997,-0.30292730426167386,-1.2026111560771735,0.11299383972588427,-1.7706697375385019
1.1281062257097034,-0.5624809970899172,-0.5766175452357001,0.13404001673393814,-1.815740859462427
1.075188056642713,-1.006284153434093,0.18742815960579381,0.028967134786945653,-1.8295404071151127
1.1136305192864697,-0.626209683621148,-0.02477967908502305,-0.06595534272163539,-1.7947648891371153
1.1230604961169592,-0.5988867374551355,0.4668120279559681,0.06210604906795242,-1.7430996125084068
1.1335143541138668,-0.5657884586066125,0.8264813068661889,0.0016786805298304973,-1.6480702018797795
1.1539270157203976,-0.3873237568594191,0.48529401391273086,-0.04860666930600224,-1.5847689354274856
1.164919659776517,-0.40253917896371694,0.8435018711083615,0.024891454815756116,-1.5917253959011828
1.285154116472127,0.3937289049018055,1.2425871588045296,0.6128321032008962,-1.5893611205860665
1.2928487237435995,0.5738509933696218,0.0542277695046812,0.3211503178872773,-1.4322042294446873
1.3016267182122438,0.5664542376732004,0.03964081859846217,0.3466252896863361,-1.3698360906000038
1.3560827239647975,0.7497684692421982,0.953848498384449,0.7512008848117596,-1.4094157120473627
1.3790651357565025,0.6811360327592164,1.7983101977377194,0.89867957815103,-1.4582326226838727
1.4456093564702706,0.8885895400830822,2.681961323156884,1.1788564791244986,-1.507380462010921
1.4614094105261415,0.7936030916422508,2.7405897460775175,0.9309725064779791,-1.4585521195172342
1.4979657739395107,0.9771897357237962,1.7789671195710834,0.6759505612192526,-1.3505449988709122
1.443200279242111,0.5573408495606713,0.20704274864729275,-0.07349483306492519,-1.205058479916155
1.5374972954532116,1.065767670621449,0.2756221600012112,0.20426795786127458,-1.1501522971499798
1.564518848561764,0.9675505163374125,1.2815156625992372,0.3427327232497569,-1.1576762480349352
1.594908470981359,1.1065800622521833,0.8867674524359539,0.35124304362051983,-1.1003796197852314
1.4553078439537208,0.3010575680830872,-1.7089528567674441,-0.6123120672391813,-1.0305160767274573
1.328136490576316,-0.7889626341852882,-0.8390371384108499,0.20661387536262035,-1.3763670719997323
1.3827221474623599,-0.700751087479823,2.4603367935930898,1.6385927780765976,-1.6948752270907845
1.3450674763261405,-0.7595201694201328,2.323259822437112,0.7518875778571613,-1.7404912178414875
1.3895338817950187,-0.27542704123787387,2.1034147137338004,0.2817525725160768,-1.6566227625635468
1.4669350064835829,0.5007171424938031,0.7725087543873789,-0.3836708419542519,-1.494172717439674
1.5462057636966573,1.1889081964923829,-0.30517258024474403,-0.6035428977353847,-1.3376005444490946
1.5037206382069708,0.7928781174103452,-0.26453226845536343,-1.042649847152449,-1.2643739259447146
1.4674963247199657,0.5484182498622598,-0.695647643040893,-1.3309737259183991,-1.26962773178932
1.4517264620648154,0.5001018624147667,-1.125610489762471,-1.376772494723173,-1.262207391723452
1.4375341807382835,0.4965370251676259,-1.4839879986945512,-1.3790109795911158,-1.2605959620462663
1.3869902678455788,0.20155190160497408,-1.595189421505693,-1.558840771785814,-1.1983682738348134
1.3508746298965346,0.006047424779373174,-1.5327262786168199,-1.637727443152527,-1.22233827247325
1.243357887595871,-0.8178842341217726,-0.8347322640220106,-1.7521317835370556,-1.287203406396514
1.1488770839592515,-1.5185084334213936,-0.26210978006917024,-1.5446651092157788,-1.3318536096050422
1.144338237277379,-1.4159925743025121,-0.3714691652125047,-1.3883435868143006,-1.3452034666144934
1.1558438217873244,-1.1731149983744125,-0.6025091080906959,-1.1501929500111796,-1.3860302741994468
1.113204486155822,-1.3979825755317647,-0.40703087802589755,-1.1659700933519626,-1.403565200497721
1.1016153508151052,-1.352919575529539,-0.48062170294317924,-0.8317416065585777,-1.4658983527723692
1.0891069660600612,-1.314160739268641,-0.5156800839997517,-0.7558438014075533,-1.4779831819418587
1.0761873625907576,-1.2808237318751634,-0.5569993801115632,-0.5953307770918137,-1.5325837273663963
1.0241902455643825,-1.587649320375493,-0.29972182151802385,-0.5169987418088803,-1.5618443781824487
1.015266325108594,-1.519906289901704,-0.3745839206981512,-0.32115297226567213,-1.589340276252922
1.0086982625570426,-1.4369077346584018,-0.44412560587616756,-0.2569004977148783,-1.626954124204904
0.992497720520109,-1.4357241492595727,-0.49165813789403745,0.12037641512814919,-1.7149758140611517
0.9809225275749058,-1.4056979548714668,-0.49844796038537187,0.07060178447641448,-1.7073284767376893
0.952958360981187,-1.5196331361635598,-0.40342215980120244,0.14854459898493252,-1.7256667957697691
0.9423376028854018,-1.4877977136461547,-0.40893387126646075,0.3237876440320526,-1.7379547044517136
0.9321532874301652,-1.4918049631765986,-0.1981290383409462,0.3903624242937007,-1.8000282047774616
0.9214725020755499,-1.5056658192929717,0.0563386423580702,0.28317696409069837,-1.8468274189402916
0.9408869456357293,-1.3374557056395089,0.5628876503391361,0.3715145658811514,-1.8677398333434465
0.9431989683180462,-1.178081939737854,0.11436177554912111,0.6450760838743662,-1.7288576209394575
0.9213049003886614,-1.2906633524290985,0.23672746272877646,0.4806529431914935,-1.6033512289309129
0.9869789326794859,-0.8222548708160603,0.6935736709390992,0.8038563437056535,-1.6116820445949336
1.061759656100064,-0.261767661137948,0.8225011932962814,0.8241782421638844,-1.7168790566173044
1.1353580052843848,0.169744124513822,1.5884869515774347,0.770623793854201,-1.6704262891594543
1.1833622278845073,0.4784180871504539,1.8465183658213788,0.6242854834978835,-1.5782262547206327
1.1997789546933857,0.5779159362209605,1.8539964787588525,0.5866199576294218,-1.5372965346757177
1.2600767703210884,0.9318118386938654,2.2875511401026114,0.6025859401208484,-1.4333529244203447
1.2855376384386878,0.9744552974447286,2.585706991984297,0.47693545824398736,-1.3676927262562497
1.36065038932184,1.4030858572583198,2.2062417660697027,0.6309081480207195,-1.3012589617022896
1.3200842046536372,1.1599987625787258,0.13471343963892068,-0.09669382563337876,-1.1986330576722941
1.3152454216772471,0.8861365195741054,0.10561668054127289,-0.16924989929881354,-1.1141204517324943
1.3041472640388694,0.4658100819369659,1.0468780241632765,-0.18664349112035475,-1.0515459428064384
1.5447885948936853,1.9558628357290224,2.0827438865725316,0.8781120806441726,-1.1644849624515843
1.5361958153385114,1.7941754407709105,1.3038955390629867,0.39333585767299906,-1.13969590814638
1.6292737442413208,2.1257099278146416,2.0614208484131544,0.8003675090340977,-1.0703580188225559
1.6145433077641205,1.7451330318445568,2.1486335872013345,0.5234913696276607,-1.0735446591871907
1.5814201529924554,1.3991974287930544,1.1003358407738015,-0.027565154419774748,-1.0095254692558033
1.5301139854604422,0.8070375582523466,1.0248542827307403,-0.43324388488335774,-0.8493992423463959
1.528543468634898,0.6296179670055233,1.3143436815929246,-0.5975685320772741,-0.9840701328598614
1.5690248983729815,0.8682806369813769,1.2642979134727534,-0.522115024546837,-1.0367503239934384
1.5375867584853418,0.5446336398738789,1.4317904760497422,-0.6955259417644716,-1.0885023914486962
1.4950143526419841,0.2586300411624975,0.8431490299086182,-1.0695566955108973,-1.0186732462191601
1.4228431749135677,-0.11916977627321952,-0.5591975239196486,-1.6943101091152752,-0.8641525616777919
1.402826811725853,-0.30838840539541423,-0.35829992919610554,-1.667947768662076,-0.8697953806495192
1.334055566316362,-0.7926412727071315,-0.4423663890576469,-1.8927043701705515,-0.8622077586490046
1.2766332823321396,-1.2177953863118216,-0.1725118337603172,-1.9743022173485738,-1.020594142684476
1.2406920216748167,-1.45471945746446,0.05770204137430441,-1.9520741427287038,-1.0271354313191037
1.2253423181398995,-1.4441425912771566,-0.21010595943371188,-2.0117070957894185,-1.1609587079415309
1.2138175233827957,-1.4078136183525316,-0.3451759890687738,-1.7860320956460378,-1.2296165485513129
1.1903884969779688,-1.4653629429127697,-0.3428665639970234,-1.4763172394900013,-1.279426877005564
1.1513520102103498,-1.6477090200068003,-0.1979577007565318,-1.3581191191651654,-1.3023413849933023
1.1394945562367425,-1.5881689310554359,-0.27632297369296666,-1.099616999800115,-1.3585940656126405
1.1240077842921414,-1.5523230289410295,-0.3129535546996915,-1.0474581745917575,-1.3726039587080274
1.1025860664642109,-1.5765753489182615,-0.30324189288523823,-0.8736088996731426,-1.4258195576380779
1.0803856198352024,-1.608399616811919,-0.2758301628424547,-0.8215831645231888,-1.4101182509053378
1.0647327612522637,-1.5813435287221145,-0.3028674200560295,-0.7335861860422103,-1.4335189606964318
1.0559488672919337,-1.506015067899474,-0.3773378883651671,-0.5757619193960142,-1.4212258387398942
1.0340873063423135,-1.5491732415772177,-0.3461321371010619,-0.4682757578950237,-1.459882094379538
1.0326709847907405,-1.4156483350517803,-0.5036807478680799,-0.07262351607961813,-1.6410222478941159
1.0003315266059172,-1.5580864602274174,-0.39907925549410955,0.08767875393002003,-1.666074829044383
0.9728821106813118,-1.6616928190646068,-0.32676255843866114,0.2815218130389434,-1.7083126484212268
0.979799360705613,-1.4671401786543201,-0.4919514456548214,0.36752841298405214,-1.7141059186827028
0.9607260483958213,-1.5022985072279973,-0.4521954424596031,0.3591194513754999,-1.7456934613392305
0.9474795543274797,-1.4882232709926395,-0.4328429208316066,0.37291448458585735,-1.747540767196668
0.9369528060061734,-1.4861035187738407,-0.20402125592170886,0.22589738031285247,-1.7594485290435504
0.9461971094074293,-1.3233407029685846,-0.0936481995652933,0.17774374624655714,-1.812145766246028
0.951266517514921,-1.2447870190186592,0.29450266173908957,0.37236325772640255,-1.9390182528560953
0.98194255299669,-0.9200885153213075,0.28224748945520656,0.6605546528390566,-2.0034871791261337
1.0001737945555578,-0.7350651637981211,0.5192391406354623,0.6204093981153334,-1.9673041917797627
1.0659320484007841,-0.15180389362107394,0.34724877666255555,0.8147916897145505,-1.8298730876853384
1.0456854163550682,-0.4780236158791463,1.7586743159901004,0.7460416047569086,-1.7343682676739143
1.1087007799288382,0.0020606263390265988,1.8719347703250337,0.971601948798287,-1.7202772577358878
1.1935957062975062,0.7220959853804195,1.3581713721833213,1.1033558374928703,-1.6713830041683222
1.17305858672427,0.3916819099261934,2.3580301545146094,0.9941045778945029,-1.6134445749047346
1.1719839848332418,0.25010602744921656,2.9664519624395935,0.7086101397192875,-1.5077351127758183
1.2305347283354309,0.6400907566787103,2.607910355862107,0.6221554871806385,-1.4342529407294156
1.1969233993249089,0.3419991356121011,1.661704392033329,0.21072726109298937,-1.3803222320993678
1.3278684764000819,0.8715516548726658,3.2299299069398835,0.9670576487677509,-1.2707791363244443
1.3427531012876726,0.7146504006905321,3.3760168955960195,0.8532541466699937,-1.2094661560852418
1.314770661715734,0.421259948892289,2.0584221838130365,0.1984444485108914,-1.0368600358638262
1.3939223653843282,0.9322738520522291,0.8108056530770573,0.18138288519789522,-0.9950751606390149
1.5070736110846743,1.2154729047906465,3.0048400626228804,1.2128426114266007,-0.9504715555446555
1.3794794506720427,0.48312844211043326,0.07058170518998232,-0.2851332127091459,-0.9581970332628101
1.4338135182508704,0.5037874621019709,1.4255790704102407,-0.026049299255418556,-0.9593921904645177
1.5128960244087786,0.7886559936647988,2.5779937690009027,0.3972543224865047,-1.0871265417621294
1.4576709595706592,0.5038711440268921,0.7556841373286677,-0.38690316736554736,-0.8840629229524876
1.4519820527824,0.1762774471342444,1.9056077211218694,-0.2642117766023964,-0.8855138195715201
1.4957513072088255,0.43175129695324904,1.8592811724878016,-0.16388406611583653,-1.0480046802691085
1.4216786453981092,-0.06014615002001648,0.991234966003886,-0.8783356664898759,-1.0399306578943912
1.3738558430054537,-0.3119181739160998,-0.10399125916241485,-1.2612477826091644,-0.8991399979945905
1.4460409976904443,0.32417799909027945,-0.7896820398645572,-0.7626264163197367,-0.954917639939738
1.3481307540848437,-0.5205897236260708,-0.018905554189997363,-0.8151921418409833,-1.033095413405489
1.2656608651025107,-1.1250369528605764,0.046418811133387576,-1.0791337292386338,-1.0655300436531288
1.2713099740774938,-1.0656232829801437,0.2521695052590479,-1.0860548053766974,-1.1879006267357282
1.2338629981190545,-1.2213406567178853,-0.12788821505501788,-1.423699635441363,-1.3374952136984823
1.2142892578687654,-1.2340555398181434,-0.4815772451801068,-1.2448362642384905,-1.35269948330094
1.1606917341339669,-1.5652019046422392,-0.2984083507454786,-1.0324081830040484,-1.3814174569420146
1.134614897772575,-1.6481561143534804,-0.28087570262646383,-0.6868725736660117,-1.429243302470966
1.1457264467826158,-1.3999671759158454,-0.4927559426004939,-0.6572130029128946,-1.4083826898760936
1.1358892951721402,-1.3397824478124993,-0.5527374806295935,-0.5391032822538456,-1.3748463648282307
1.119479143621381,-1.3458760539861472,-0.5843981132421057,-0.21614660191254764,-1.284093411593842
1.1092294536904714,-1.3106804751225323,-0.6014644768038524,-0.20478499991448038,-1.2921978278275392
1.0585765441377262,-1.631326953401572,-0.3299296229838211,-0.1702093132240246,-1.4367824201889599
1.0803555054463034,-1.3317078660232775,-0.5983431083506976,-0.04317826840933195,-1.449224540927342
1.0458303697882971,-1.518923941551024,-0.44354259426992637,0.028552471633883993,-1.444286079774988
1.0345680243488022,-1.5121857978309996,-0.4474869522843432,0.06039843418240905,-1.4050009095355107
1.0695380786594653,-1.1050655423850602,-0.7983474880501575,0.1343200875017965,-1.4443439306900594
1.0307665749373118,-1.3426691361806378,-0.5939663752089271,0.18350317302016625,-1.623712530360724
1.0668371215056964,-0.9255984654672809,-0.9623942099792516,0.3345504906188576,-1.7000984315048404
0.9797265533141387,-1.5845378878616798,-0.35023520063340197,-0.018688331175249782,-1.5966717301941167
0.9837701859125985,-1.4450681357145743,-0.4960192210138291,0.22949206732577895,-1.5278728419674923
0.961230768944661,-1.5460715611409268,-0.35603510073951666,0.10409116763790804,-1.50701374447254
0.9839817379945424,-1.283173723090779,-0.43033293927966715,0.2551012852532964,-1.5417212640171012
0.9890231963064866,-1.1882610586470483,-0.3239033369475769,0.28361543778213755,-1.6742332602574364
0.9590279566127479,-1.4073921154972873,-0.006836556105543488,0.4248967095705866,-1.7047090474810533
0.9851726390365938,-1.198290011329437,0.20705039722121407,0.7158800084172622,-1.6808616309315596
1.054903206143397,-0.6028501974716771,-0.010509475993837957,0.859489245340393,-1.6541509859862293
1.010909151417655,-1.0780691780656366,1.0092055821861958,0.7111265413746998,-1.7366885035685322
1.0640850344856698,-0.6840474074315803,1.0018869762124474,0.5842456807292793,-1.5573343530730175
1.0958438406637045,-0.4830310446210322,1.01532086663474,0.6702084867329396,-1.5015958304275383
1.0790923675241768,-0.766862602579298,1.6893156129705016,0.20496263833257708,-1.5385759373757202
1.1068411492258274,-0.6836342121427033,1.9640230549675204,0.025269110782998736,-1.3794241223808053
1.2204553516741463,0.01949385485059367,2.232000030733369,0.47865461353948385,-1.312837681317819
1.2831116104486573,0.35594015746475594,2.2652589941380947,0.473846755818173,-1.3245371735600995
1.3167805885441561,0.34341736131009554,2.8774045060938285,0.521564028508545,-1.2989870206258907
1.3083812213504207,0.24000678344678192,1.7739303511791868,0.2905770132716753,-1.2386349987363192
1.3245833327573302,0.32170304493740753,0.5868129719914846,0.18178607250318565,-1.0051262771226728
1.29943409348622,-0.02620251336546629,0.47908333300095235,-0.13776667665899023,-1.0655674351576672
1.3849196897133664,0.641559531276871,-0.5072712587706064,0.45314449996360395,-1.185721976016328
1.322962928141409,-0.19995353033304078,1.2924568116198243,0.7062486554510357,-1.2434413575537988
1.3490179605481132,-0.10873156500285794,1.4242999700559278,0.5937762583526076,-1.1307703366184654
1.4244846824401238,0.7432748550980486,-1.0804107302659742,0.48984094799922884,-0.998202953979734
1.23041302315206,-0.8397607475924138,-1.0130735803593007,0.9337785356855699,-1.2906285627904301
1.2231308099850482,-0.9717298231509571,-0.34675464196202693,1.0949242821648855,-1.3573920452422608
1.1604821544662138,-1.4090078388333847,-0.13582288891469285,0.91317842705502,-1.4169884234294734
1.1271232044208748,-1.6058438114768565,-0.20983757499387054,0.9509153470149992,-1.4390900073378894
1.161594370752482,-1.3049560809385254,-0.28615873837347705,1.236126268181301,-1.4624104301783396
1.1304037152126676,-1.492770814910886,-0.3974125696309556,1.0526562117350544,-1.4367198621878046
1.1433662701122105,-1.3664398028094424,-0.4594546068621756,1.3266034487583307,-1.5236513176876167
1.1136200398684726,-1.6039333921271874,-0.21853827287059036,1.3538101379680034,-1.5179413859747517
1.1253303219434339,-1.4604094266773042,-0.4251370076397885,1.2765692520321803,-1.536288410863386
1.0809585106145456,-1.7998146777768609,-0.2496777441277599,1.179865052739495,-1.5406428404234696
1.0888559611202862,-1.6923446492090655,-0.41812419294128356,1.2246078289280098,-1.547841081175157
1.1391858720402237,-1.2127400261867054,-0.8728525232555766,1.3996924773232278,-1.5593473372895972
1.1057947927764724,-1.4599068230345384,-0.7034579267283652,1.2987102647037239,-1.570357989044013
1.078245002100906,-1.656028000022207,-0.5252337713221471,1.2218625725214611,-1.5565696794793447
1.0816751326704679,-1.575819067866079,-0.5964644468927056,1.2534604954222288,-1.5606994608049176
1.1062746099585694,-1.3038854479594089,-0.8384489738095888,1.3616900154831408,-1.5381366548199227
1.1493757839209906,-0.869571622480025,-1.2098041689121948,1.4051008230829802,-1.5669193000192763
1.092401756456144,-1.3123334307296062,-0.8037799974389414,1.2263940108325195,-1.5606814505935607
1.1071098166259958,-1.1255909183810238,-0.9623193346948079,1.2732528683464603,-1.5306857019366298
1.1056597152645116,-1.076426281481807,-0.9960990073230692,1.254310829807134,-1.5509435754365424
1.1142522981415168,-0.9346748388981839,-1.123343437981147,1.323007095483852,-1.5330444336460372
1.109259929465139,-0.9166565227002581,-1.126846772213949,1.2489085570982013,-1.5748808754285804
1.0450850279456914,-1.4116277358444276,-0.6811956445291144,1.0717301657547078,-1.5341811091585738
1.0457831331084828,-1.3486760478797277,-0.7395650452621958,1.1546087439910193,-1.5865502578216073
1.0720459258564792,-1.058923255366864,-1.0093469286862633,1.3761808641311004,-1.6068408525311393
1.0197090233490553,-1.46223107037294,-0.6265310724811075,1.0802115933000849,-1.5778952630949394
1.0315412013873586,-1.30695966418798,-0.7538458316612926,1.0647276604629694,-1.5697815523374337
1.0023052109052146,-1.5137024878626657,-0.5412182948004113,0.9532960396722328,-1.5610631159569825
1.0491286075170918,-1.061108838152669,-0.8769936671024651,1.0257503636441736,-1.545606997139718
1.1626893684474118,-0.05891629684126777,-1.546085615621952,1.3447939316965558,-1.6528280478174224
1.2429082348357232,0.6348641342869749,-1.7597129202593658,1.55185737369637,-1.9608097753526532
1.2342692566039537,0.4928810779238506,-1.0851969778327752,1.503306007484386,-2.0066485050083616
1.2047656593692946,0.2884979464049957,-1.129773143122561,1.2974826524247547,-1.994432546352426
1.2118304428887048,0.3218701502743895,-1.0533829066511855,1.3618623654101913,-1.9180238576793314
1.2305298759119234,0.32820779065016403,-0.34823558737025895,1.4695469748715226,-1.751306549999968
1.2007227497858999,0.06174057892317013,-0.29276345124991676,1.2155700602262738,-1.7513098899023138
1.2275311590225324,0.20414442166497915,-0.24713267866835897,1.170205965739403,-1.6927718671095324
1.2966546427883128,0.6954432552125573,-0.48464790634378696,1.3514923995271437,-1.634051576596768
1.288254249112929,0.5050591303598716,-0.12323492387842543,1.050925652789053,-1.565468925329468
1.3199917115734898,0.6646592961000156,-0.1724393648674165,0.8254736997154496,-1.3867583744517509
1.3805093504980706,1.0318321987998327,-0.24016514622959861,0.877522318074644,-1.4009344937172366
1.4799049378993516,1.6631036481066581,-0.1894039360670632,1.0678648527764731,-1.3833329755372403
1.438343034460515,1.195606177649201,0.005987105745827544,0.6730825694428523,-1.288952122720344
1.5228925058149994,1.750696090731249,-0.2939571251342231,0.5743700408950303,-1.2070614402556072
1.5253357301139185,1.5844201780140126,0.05574889349819745,0.6438274564144355,-1.2045578867052886
1.4684422375043764,1.004359418508286,0.1731151368438813,0.38704644791711895,-1.204088990094925
1.501574373618575,1.1860738384895777,-0.23684467723520997,0.2420665955024549,-1.1858255588367486
1.5030743768680526,1.0421092592946033,0.015822819298776207,0.03477845414665551,-1.1342905802708718
1.5502111806123566,1.373348719833398,-0.4697950957705951,-0.06283592828968237,-1.0826101230395961
1.529313215685993,1.12560337073722,-0.5248430898907746,-0.3799199837724632,-1.0009337689019637
1.5234817424045808,0.9599138434614096,-0.2716993663306727,-0.4322610614107646,-1.0149890727327784
1.5263701664075822,0.9216140451344582,-0.3555597715197722,-0.43562800699805304,-1.0106441790978613
1.5852246574473758,1.41334093638666,-1.0532823260265773,-0.345866240038704,-0.9844818055887058
1.5050106262822185,0.7328738958169236,-0.9202958646097066,-0.6491381703846314,-0.9202321613949187
1.4563056003883337,0.34957344286505854,-1.1024361774759535,-0.821784605728309,-0.8709964455810477
1.4180610192097547,0.0247955691306293,-1.0569710459147579,-0.8045895833552038,-0.886142288844413
1.3529003097297025,-0.5608472319789891,-0.43317385707265593,-0.9314361846520804,-1.1620970141801306
1.3484596474584285,-0.5686591852284083,-0.5299759045458499,-0.8230623125022746,-1.249017274276268
1.336286961289883,-0.5758104316379881,-0.8990090161582253,-0.4344498300210236,-1.41584244645847
1.2412240824654617,-1.3021779303356218,-0.5454714159292033,-0.44945110915963343,-1.5129365831803299
1.1967298150536967,-1.5905505565728018,-0.3973124344077868,-0.3639256271919655,-1.5351658549124372
1.2095420486091106,-1.3642374832520237,-0.6516567495234312,0.031675174522244005,-1.5847778175679434
1.2246100512529754,-1.1049358249432462,-0.870320912541052,0.05876524629116449,-1.5840306684060412
1.1954186741753463,-1.2237055606241263,-0.7488750918830218,-0.04768808264670903,-1.6057441716583654
1.1775552747448326,-1.2418228146989694,-0.7299585994926489,-0.013946655873780318,-1.6260018862363117
1.15471235179934,-1.3040471812923757,-0.679116870450865,0.08693230219892807,-1.6552522242628158
1.1901747598672041,-0.8546936297600719,-1.0312616965426333,-0.08587003586185102,-1.6231985466106742
1.212036395481612,-0.527688261734934,-1.307691587338329,-0.031202189806247366,-1.6250122795621635
1.2050635847248783,-0.4539107082637959,-1.3726741303965568,0.03922244324026861,-1.6519414771244851
1.2700558566190503,0.24524941406959788,-1.9654445317830567,0.12584349363663946,-1.6776084487231144
1.2245742018740877,-0.02569209380019876,-1.7175668750789597,0.057512289844644494,-1.687445620452142
1.157097176311809,-0.48650861277168067,-1.312329957847218,0.001549442781236896,-1.6810171498341646
1.0880451194495766,-0.9697667306327519,-0.8835640819042124,-0.09081566764184396,-1.6881985522317249
1.0718503911936847,-0.9924024422012924,-0.8609771029079791,-0.04691407181149137,-1.693549442718636
1.2134567282377755,0.35967661783881344,-2.0614511371326603,0.41415687017351166,-1.739837628009251
1.24275452896237,0.7209022443773646,-2.341375880515485,0.5356285794202774,-1.7686826327269396
1.2363858643465615,0.7361057806513832,-2.1354770792503315,0.5575473254520502,-1.7976744963838744
1.2560575366365965,1.001243189447614,-2.3539922543303042,0.6714819975332079,-1.704612211360004
1.1135353824280028,-0.17347539464409917,-1.2248017774372288,0.2568319256033785,-1.4299559966839028
1.2159776618468454,0.7411273819532744,-1.7244225501245805,0.5960407142081375,-1.3610757629407422
1.1773167168816066,0.4144510626299588,-1.273777023567737,0.4584490489262534,-1.2839667000594583
1.121189308051819,-0.1389304185237631,-0.4317549352645911,0.3056063885423911,-1.2307698264764566
1.2148291997053342,0.5396133631870487,-0.42547563995363114,0.7090039446685892,-1.2484890673376408
1.329697817027162,1.3662344400010085,-0.4927507133976715,1.2977106171334085,-1.2876403362264548
1.3234533797268258,1.3012622423596156,-0.8063511480756363,1.260742262296168,-1.2391275521408733
1.2362419224396681,0.5032545509435141,-0.4724836175867646,0.8808161891687915,-1.2339618493509155
1.280496665415135,0.7522186872937718,-0.6045396294892319,1.0482617951814024,-1.2547674468130858
1.3643633491974738,1.3490637072931715,-1.035015061012336,1.4020741309705946,-1.2283435274843368
1.3661926256820442,0.9307138145501465,1.069166718226,1.6789670835143367,-1.2147243515828596
1.3541615552425244,0.9845481431973053,-0.762042665177841,1.1248855132930153,-1.1833459139636562
1.3299153783171456,0.41247855817130846,0.8091741450722357,1.302819805782194,-1.2093729752305775
1.4617936174398196,0.9703619204450711,2.71679301458219,2.2527863447986367,-1.2488850448147322
1.4750058791276364,1.0854603200139272,1.4576245666109153,1.8574968600872588,-1.2005290759252958
1.5050484420519599,0.9278717476864248,2.4709399589815106,1.8433269313472562,-1.202363495541835
1.4667506005453723,0.6124669283443268,1.0094861653255742,0.9921711530234613,-1.0401712304535358
1.4469851011056754,0.49545090461532987,-0.7956884998345584,0.3384543900444361,-1.10738089942422
1.4923897118069973,0.5389007612960289,-0.0013295312294530394,0.9433448921577015,-1.2110254280023593
1.5022957107675305,0.5834564283396432,-0.5018549623012009,0.7463963249238624,-1.1393117870828782
1.5903885661535873,0.8784810782340561,1.4329235483216451,1.1083554325284988,-1.2771745570094644
1.6192282461334713,1.0950394149367437,0.9555265680485716,0.7803256329198358,-1.2186240366993524
1.619314440261879,1.0776262421311813,0.5432420182804505,0.6576911628915427,-1.2221198679025276
1.5401711903022297,0.4155810551111482,0.5336771972017534,0.01771963868658252,-1.1947810802610637
1.513301083341304,0.3558932673707057,-0.7739738078036652,-0.5125142079621433,-1.0470848361667093
1.4499662713598966,-0.332331420764916,0.519095350615339,-0.6722302777031859,-1.1558219247030248
1.5039180453283745,0.26028630775301037,-0.5370091803340096,-0.6895274599543977,-1.154662625691791
1.4189300740941124,-0.3407374312095626,-0.48311117334620596,-0.89540486359472,-1.232772639587713
1.3683680256564152,-0.6170332698131489,-0.6883609647495869,-0.9782912455516768,-1.2831655153584165
1.3538462795532769,-0.5678417973144873,-1.156684660052809,-0.901956104128433,-1.261540764348278
1.2821703382911067,-1.063298542598054,-0.7864480544006027,-0.911797670760014,-1.2839272263822632
1.2049831100148647,-1.6036009515391743,-0.33588964347859906,-0.8905516822023358,-1.2853857877621269
1.170977615845285,-1.7620320007671266,-0.2280803145792294,-0.6329336326079853,-1.332494124012231
1.1599942153304585,-1.7105607820121413,-0.2814017537198572,-0.5096960690793733,-1.3096932129291419
1.1553470983508327,-1.604532039194359,-0.40562759057343567,-0.19606302351179647,-1.3735525382080203
1.140493230116951,-1.5891519969273264,-0.4037267208588423,-0.23480665864351485,-1.363940987987674
1.1309509809302443,-1.526534979002966,-0.4729449023960781,-0.07078513179765357,-1.4157937900771194
1.096913863953099,-1.6842989984224253,-0.35004001198644713,0.08077788942482651,-1.4513529552910445
1.113270659440019,-1.4080956491591123,-0.5494169552433298,-0.10608370698022039,-1.4113485063736744
1.0731337393954146,-1.6250905980929529,-0.3589308043270527,-0.06647147464489629,-1.4370186135870313
1.0716381750639832,-1.5034792904891823,-0.43380252128660896,-0.23939607887026595,-1.3913712362862825
1.047894495227565,-1.5862231783954828,-0.3802732166946996,-0.04903599340526537,-1.4403934674407997
1.0454158616020397,-1.4847545448680748,-0.4658675477505163,0.003992045145813414,-1.4386106265955687
1.0516575359539335,-1.3047998691375755,-0.6089848695689308,-0.0071850249630173195,-1.4559106843391458
1.0216467747729177,-1.45177226490092,-0.46790670081452285,-0.06497748380864116,-1.3771620432198273
1.0020393642418164,-1.512555285545747,-0.3678576048464578,-0.13185299332092973,-1.4433193366454213
1.0061190905683128,-1.4039596250921162,-0.21547288935414322,-0.2053064320999407,-1.4430801673994975
1.006396149484736,-1.3476306558282827,0.02700794940494286,-0.30228947970118186,-1.501397375892066
0.9994259391694978,-1.361040954539617,0.34451920869142677,-0.19842920151650012,-1.5088859874956968
1.0246162265695833,-1.1232215605977351,0.5414249541635859,-0.08879578974455822,-1.6409856295332
0.9906400313039796,-1.2974921466043632,0.3250843068852145,-0.3342854619265324,-1.4844036640030045
1.0135490737466337,-1.1280992906025347,0.632802521073749,-0.09134202632419676,-1.426310768108171
1.0730702928443507,-0.8726920230868307,2.011474883483689,0.2580933841025696,-1.483146487836756
1.1420308754115822,-0.37955725464828594,2.13888370507648,0.2882459233531869,-1.4459351924097215
1.1874120819758258,-0.08946192918324895,2.322051667636163,0.16644067229007803,-1.3940201846454834
1.3661802115814998,1.3361544786342805,1.61521866850572,0.6696985362118282,-1.2590794139550285
1.296457967424812,0.703668804909788,1.9935841823065228,0.12472206039378628,-1.161272546635015
1.2516518718144591,0.5230949767050627,0.2666933027993457,-0.7414880469144074,-1.088714264308362
1.3868632479106728,1.2366950528237248,1.332133561719679,0.026260064206915984,-0.9880891427119869
1.3879792968877422,1.0943207050619783,1.2395106959035824,-0.052246817065835456,-0.9439999407921437
1.4426896558559816,1.1380502030930317,2.3373975982142134,0.20301401742556252,-0.9505180742308041
1.5006613024447462,1.341321935820443,2.338780941579348,0.2985926073969134,-0.9113896475150122
1.440648522092695,0.5981681941211202,2.5533563736632203,-0.2870210165510152,-0.86088025738817
1.4774372221894647,0.7735636122474722,1.4112101536575976,-0.45757084133181924,-0.7704072581466718
1.5680903253551703,1.002287064283793,2.591659064054183,0.03349382458383523,-0.7188391905880901
1.5203257918405804,0.5230999378721145,1.687678781586634,-0.7323837862250931,-0.747030310890281
1.495898245555308,0.2300035396182049,0.8673674958279183,-1.2005123002375662,-0.6514957761932115
1.622639403054963,0.7588994605334427,2.59719619706397,-0.2326622788385232,-0.7207825859744047
1.5414791718518255,0.3378574261397643,0.5886965575556762,-1.1234625000295393,-0.6246184471776797
1.5694114595005082,0.48818784562083306,0.4532195200580277,-1.0217712091996056,-0.7563908017330099
1.5967239429151023,0.4909731110776388,1.368219535800248,-0.8708385540726511,-0.8327204107187129
1.6134467034573028,0.6634789620238711,0.6452064904225044,-1.0135706929942863,-0.8690529232998637
1.5741022141221124,0.2685140795187198,0.880104099251644,-1.1306410492405807,-0.7325976696285863
1.553999555884553,0.15148380003500142,0.3573604902359381,-1.137034206611872,-0.6087683811803016
1.5625700803869278,0.32150614448393006,-0.49611163635946165,-1.19822629053917,-0.7007053360652193
1.487243752377484,-0.24973556690053744,-0.4603266586866214,-1.5503071755279008,-0.8846376487388994
1.44287712058835,-0.5167610568858916,-0.7101585352069739,-1.6767715225155728,-0.9081607376988959
1.4653910285922693,-0.1835076601768796,-1.4029538093585354,-1.4462011753553345,-0.9191697683479293
1.4482689039281076,-0.2175658629328537,-1.4637689361849047,-1.3376587954446413,-0.9743924070963148
1.333712122795045,-1.0916218147780274,-0.7144749839213085,-1.45624057805181,-1.011555304817612
1.2646338538247144,-1.5627063887379335,-0.3228441771025815,-1.3751717346914458,-1.0163731747645237
1.2672380246386257,-1.396544440437706,-0.4903037802884105,-1.1677076864089648,-1.0636185695604956
1.231880833854433,-1.564463680801206,-0.33235184366723247,-1.2432359168571465,-1.0122121765607355
1.20533820521841,-1.656360570411893,-0.2567473115371747,-1.166090375411195,-1.0816077731776224
1.2037178026120763,-1.525385573462237,-0.385354458028808,-1.0085633317374636,-1.0976245187641305
1.2321266875691699,-1.1405378167848534,-0.7028722008166437,-1.0150204075722502,-1.1347479820839963
1.1941023512615707,-1.3417431747796724,-0.5130919402984627,-1.0690493622159012,-1.1566837398700442
1.1588967360499978,-1.5128509692698233,-0.40849819738251275,-0.7174496736208488,-1.1884602031818108
1.1505123800912704,-1.454899062581817,-0.45483291395836584,-0.687101816410912,-1.1571622820230714
1.1204772582707103,-1.5944585329324885,-0.3198900338869426,-0.7415936039990477,-1.166967289446511
1.1251321453049805,-1.431548723882264,-0.457165883933739,-0.7117755747734421,-1.1903293238022568
1.1177944733387482,-1.3797697442972516,-0.5038282398120114,-0.6176927346328379,-1.1981567534360649
1.0856456064895532,-1.547398562546943,-0.35169945002250697,-0.6280897546935833,-1.2032863044485602
1.062309044668432,-1.646719358137291,-0.2138571056059318,-0.5126200629667624,-1.2194274740770354
1.065853988031831,-1.5427206554221813,-0.11117903067351077,-0.13068193956638613,-1.3353537183540372
1.0725728816211744,-1.4282665324739194,0.06231639443084737,-0.10887262814829823,-1.3916513439111333
1.077047508501869,-1.356388592629325,0.3682448510775476,-0.05344962371126443,-1.498508600020744
1.0830128316062262,-1.2888645187253915,0.69480050536261,-0.1058554962722,-1.5497818363631648
1.0609612811884725,-1.399192652021541,0.704287914736241,-0.2684756022501796,-1.413356962424174
1.108067721553691,-1.1481207218902698,1.7057205042280654,0.015925438216128476,-1.420549643117575
1.1578149349222768,-0.791403926414761,1.8972173364470553,0.3763962833420689,-1.4285654271094486
1.1713798510744304,-0.7105350253843734,1.9693473763327531,0.24133476608507742,-1.3406240238061802
1.2043775705490611,-0.5309654612757575,2.269863462410745,0.3497562044238138,-1.300058723479277
1.2350117894176267,-0.44218501228180357,2.8868638732682137,0.203566302720839,-1.2790821892936934
1.3637247361757208,0.5194767522439384,2.499612805866445,0.33945997047083043,-1.1426630017370336
1.375372525423276,0.3644776727664197,3.277968085721788,0.4645204441207106,-0.9980833864003793
1.347219046257769,0.39611433478696584,0.4128366925414639,-0.5060666583707624,-0.9299024195696318
1.5074678893995792,1.0934515252195418,2.3183959989172513,0.5012383448338694,-0.925257289877499
1.4722982260664832,0.6097410762730465,2.3609279461011625,0.13912864300837668,-0.8632601716838914
1.506461034008422,0.7076420548235915,1.7989013490096168,-0.0027764557575471792,-0.8025025022720395
1.5024440802841403,0.3329609058545666,2.342598065137796,-0.08242516841650649,-0.6629361088698791
1.5532111383689269,0.4002840844695155,2.838668188739356,0.15871024005169168,-0.7097837959565828
1.4764820614875565,-0.29491434007590905,1.888103147641105,-0.6299056189919997,-0.6271218071182599
1.5422807475804843,0.4546908360144436,-1.3978008398633839,0.17368915413395936,-0.7494857639715458
1.3623070934490957,-1.188197947714659,-0.5069586101094533,0.06540719359171558,-0.9273883578088118
1.4388665740783608,-0.6496596054072317,-0.5693077627018106,0.7773120194270086,-0.9884404932155245
1.5015728072518661,-0.1346350076819718,-0.8182894746476748,0.43483810328567696,-0.9584467921081221
1.5000809198113025,-0.47152767134693896,1.3384596487415392,1.0037400242328895,-1.1488433112139345
1.4410155718750415,-0.8269725163335763,0.613029462070727,0.48165447007742535,-1.067755291410722
1.3815194037407799,-1.2874496473862311,0.3444376981654875,0.15579225933616678,-1.0797124731719947
1.3955832860365642,-1.1538004504758852,-0.05035096913306444,0.08190361923965282,-1.0666621596703383
1.3698339202566843,-1.3717231099705716,0.01921610447117203,0.1714783910755264,-1.228145592485492
1.3807258595117553,-1.3000754086685793,0.11092116874354448,0.41894829677402123,-1.2994804735337806
1.3822262505073577,-1.1931523130448498,-0.34122407232647195,0.5219213389936124,-1.306441969579711
1.3626512910787636,-1.2561594214961398,-0.6102218658897455,0.49184941897832735,-1.3293960482575764
1.3125844458172955,-1.5929690585027092,-0.4933000089019872,0.37896741115384064,-1.3172640890916172
1.2822679128244618,-1.7571745304784323,-0.4543877605860885,0.5781575221726658,-1.3668462634777652
1.2611523870890684,-1.830217579460818,-0.4096703317133255,0.6434364614017324,-1.3543348596575449
1.2731403440689772,-1.6094078120897009,-0.6266765560199847,0.8917652960316924,-1.3912533768746793
1.2569512002651426,-1.6346962558852867,-0.5866505141466202,0.8398263945412026,-1.4073321077131917
1.2400562775601458,-1.6596673017071135,-0.5497194790030455,0.7686068850699417,-1.3998336213979494
1.2287957593860317,-1.6353305964542912,-0.5585954609949592,0.7601251739292241,-1.395242731171778
1.214944462395072,-1.624450441714657,-0.6063120049116782,1.0832511033522019,-1.4497229019731173
1.2110042213732706,-1.5420192044602246,-0.6899772784436482,1.2115973559988336,-1.4145411575080296
1.2305213401373667,-1.2572861545517848,-0.9341169575636359,1.289272328076101,-1.3830185535285426
1.179466882934641,-1.5915089124973214,-0.6326945721605782,1.2001982166704614,-1.3736741621114805
1.151746737448376,-1.7219129882760955,-0.4919964726613607,1.039069085091636,-1.312782294537745
1.1354343770270219,-1.7566791276994598,-0.43785963708528214,0.9234922741439353,-1.2958019654038317
1.1316012686885537,-1.6611774850776844,-0.525525762238938,1.003458802681729,-1.4366954948905586
1.1046391058367417,-1.797550169507375,-0.4169348403019392,1.1076790133176397,-1.3356701996116074
1.1169486917443132,-1.5796405043952482,-0.6071521142064563,1.2258141139376837,-1.3248583036354258
1.0891405035078288,-1.7239385502739637,-0.4369805865092756,1.175927358195256,-1.3215317339109336
1.061678303444171,-1.8766914448202652,-0.1720183008750274,1.1206134776316556,-1.4653238711554926
1.076148974927366,-1.7020935062915317,-0.07393270908246044,1.2252725475684358,-1.4908185554504165
1.086001795535761,-1.6077864285587073,0.265741474864341,1.0132418521527928,-1.4278426350131341
1.0972271247072711,-1.5065156632810066,0.6263703279407805,0.8526490537784337,-1.6530844658037376
1.109369659184107,-1.3953460921518146,0.9075836442342968,1.0391634624077595,-1.890400273896817
1.135155140323388,-1.227422309331198,1.3554744414544395,1.04546704943073,-1.8200871393059321
1.1660270326479505,-1.0624384929796657,1.9201435430992486,0.9610950883519352,-1.608834168365868
1.1977198619070508,-0.8654179325949404,2.2654173314165167,0.8189387494530754,-1.5625393841339061
1.2441053153006838,-0.5524439086958324,2.4242526864581637,0.9484139943057054,-1.5159002079658905
1.2669637536365363,-0.4633004788016292,2.809428988602564,0.6486574645504717,-1.3963435660787809
1.3207999935870158,-0.12490905536784316,2.877442029924313,0.6288163416320212,-1.3094675878521023
1.363747480845332,0.04558557298832289,3.062127225059552,0.518463314897695,-1.2041960251245467
1.4319830075733553,0.3455027938444251,3.1109433927903694,0.5531758109519236,-1.0968584905092666
1.4752830364621925,0.3563010374081873,3.4420468618656432,0.46473187575301106,-0.9276179134903364
1.493497984502005,0.34022418058982185,2.5073122569543234,0.2273655036839084,-0.8486664812169308
1.4722357310769552,0.036492340549139995,1.440665902246429,-0.4508222999979811,-0.8150447041333083
1.5771458843676192,0.44054407499068754,2.338839742602752,0.008923296270843714,-0.8253239865134209
1.5796134696669333,0.0951259419843614,3.195178570077995,-0.05344004355498826,-0.767697605882312
1.5832243695634989,-0.02483185598459033,2.4848985573231537,-0.46836415337822007,-0.7623396276506745
1.6609628906695777,0.15680480373276076,3.5842886902106743,-0.04802022254752804,-0.6862591750429814
1.649241911955226,-0.18860324297984604,3.698506035092072,-0.29934041678762796,-0.5378345233621313
1.6132030274459896,-0.408154604763112,1.9836337703155937,-1.134246721884887,-0.7211520977827766
1.800050929814158,0.934068988565588,1.4456100856233443,-0.09140800463795169,-0.8168415971474601
1.8298967778463544,1.0288990623517071,1.726952889718832,0.054327447518736346,-0.7232322915107352
1.6730373028867465,0.06155959453771054,-0.22143782772709955,-1.1915402608653707,-0.5606794602962633
1.6152026496045446,-0.26076933254788565,-1.345490784885701,-1.2252712970001491,-0.42621621358561823
1.526690970580486,-1.0029977168600948,-0.7732542131867303,-1.1762588443841648,-0.6671715032432667
1.5004527808962118,-1.1799223458446513,-0.6400421485609238,-0.7773246395460748,-0.7840129354231059
1.4813163207529862,-1.290330981635167,-0.3826989050202703,-0.7937906441394684,-0.8152856051592103
1.4448627920594852,-1.5177263054195709,-0.19633238497850064,-0.984687953978638,-0.8015934000051099
1.4214163543717373,-1.6260387413995434,-0.17978338308635672,-0.9671459358051758,-0.8525482540102208
1.4136932588444657,-1.5747834180773097,-0.38565356370333,-0.7829188506721099,-0.9004600384571455
1.3892388500126356,-1.666558916596052,-0.48131238367371965,-0.20066038047719062,-1.0927373650198566
1.3686190210075753,-1.7295793063339904,-0.467534289190103,0.0520797200102364,-1.0533889470322506
1.3735909697342459,-1.5657381342837189,-0.5862965030946924,-0.0590180165684318,-1.0219167043577244
1.3424666833805563,-1.6984430137042568,-0.48452185645162876,0.07613836596672824,-1.2372157832519375
1.3463585967935803,-1.5485844096022672,-0.5771902289411904,-0.08934481980621192,-1.1280656421849018
1.3150466010296054,-1.6922532379075355,-0.4245678365471896,-0.2876445155322315,-1.1024424254572442
1.3052647232464907,-1.6376117221524567,-0.48528231365485475,-0.11756489463921337,-1.272837250155229
1.2970170448645872,-1.5918563850356555,-0.5188170580993547,-0.08628583643672,-1.1218525950651295
1.2742700719128544,-1.6592345836892268,-0.4564583692123846,-0.075873715775545,-1.1394634874945408
1.2719811372007876,-1.5532797974750305,-0.5536635900050103,0.04878910477207568,-1.138537089825969
1.244026260993222,-1.6721258797695429,-0.44491474149717924,0.03320352569146427,-1.162397710129505
1.245892751615108,-1.5327589609934116,-0.5539608392730825,0.025831813701694337,-1.183587075654794
1.21075950192299,-1.7235634126978356,-0.36977422279781674,-0.06764056836912187,-1.1711253228951501
1.185241547092604,-1.8169897784134337,-0.28484449252791083,-0.06860815074874492,-1.280949300875952
1.2085465690619202,-1.512878765887269,-0.5463729405350053,0.04884339095733981,-1.1604121029052166
1.179776235773355,-1.643262865949517,-0.388916010859559,0.0036785043925682465,-1.300080950127954
1.1739661592353658,-1.6272025776343906,-0.19626207182800012,-0.10975260100824716,-1.1907446005189604
1.1841107876113302,-1.4780018229239666,-0.0577571842337985,-0.16430629636704588,-1.2123363274439507
1.1651096807089303,-1.617902885993164,0.4748395252392352,-0.40952331070380316,-1.2660624296629355
1.168906790333674,-1.5592956635253319,0.7351469889238033,-0.24837788069124586,-1.4097111906866884
1.1688690046242722,-1.5527124909879604,1.1037429794046116,-0.19034237415061483,-1.466313066560106
1.2066938696434695,-1.2709882976712306,1.356408172558766,0.5210974486005808,-1.5199063911947313
1.227277851366748,-1.178553951184414,1.9549964678598493,0.6057398402754345,-1.5419613250777173
1.257912522253248,-0.9980586302144648,2.3346765458558076,0.3592536092858409,-1.4584997048623194
1.2978140298539735,-0.7502096179437655,2.530077573460094,0.21877693618997684,-1.3222281488911354
1.341305465740665,-0.48837551801427365,2.718881880863025,0.18927730859445918,-1.2730353032592834
1.3838679034821268,-0.26161359413319024,2.9171051489782815,-0.024334666807417374,-1.1425378621032447
1.4255248102887488,-0.11386220437938821,3.163918933716783,-0.24957219738021547,-0.9566239624121364
1.5005487825725765,0.2424111979789103,3.2151011437944677,-0.19338708216582398,-0.8243290798709035
1.557652416519727,0.3991204908888267,3.4087473924839853,-0.12784402765103658,-0.7369759675844422
1.476106210442265,-0.23131487511776005,1.6645936994177768,-1.144139806706123,-0.5130130259862402
1.4289573402062101,-0.6525920263894436,0.4791175944101398,-1.647090532649437,-0.5340552356830294
1.483016865723949,-0.40642850567914,0.41751266519854785,-1.3006561558024905,-0.5067041924058217
1.6612176199647737,0.3587972559924317,3.3938456963478107,0.3345342178375995,-0.7252823900823386
1.6875507498262217,0.39463582822692805,3.3906823769957404,0.12495300646589919,-0.7413466928717364
1.606204372040681,-0.017612051667847118,0.5310212288997678,-1.1810688869780086,-0.5135496580199673
1.6669817319897193,0.31267643196061273,0.14965746423074616,-0.9217011209050309,-0.48138338688394133
1.7041546677266721,0.3910250680298271,0.7792919801229841,-0.34210453039395183,-0.48803181533809387
1.5996452281790958,-0.3437691800939134,-0.10178685566186954,-1.0639983984318653,-0.48534538043671555
1.6197125062245765,-0.2170999810958027,-0.3737606542901922,-0.41474585122205254,-0.5773966921967921
1.7988159456156154,1.3102302070425031,-1.7410605189965784,0.09551714932354362,-0.4395077260739282
1.7097720875947295,0.6612821475851971,-1.9689195807961564,-0.18459746765890706,-0.41160944503331337
1.69875602547803,0.48871563262980033,-1.344348978709004,0.012898126863708293,-0.5434836185687785
1.6262825341320832,-0.09159550748153522,-0.9336747025051998,-0.3938823814152203,-0.6297563481088667
1.5257677691633573,-0.8981931202793133,-0.4424696666166977,-0.7799462628635333,-0.5506618382724737
1.478663705497842,-1.212211870719172,-0.41691097149745626,-1.1576707870704723,-0.6397574984238091
1.4574508723840012,-1.3192950945034123,-0.5288787991509416,-1.1259133444703595,-0.7270096389469942
1.473441925570113,-1.094226594721369,-0.834219627690073,-0.8965884100622622,-0.7421051522605827
1.4358090584194967,-1.3270752127526508,-0.6776688638864359,-0.870668151569112,-0.8538440439040099
1.39748205675353,-1.5617175562084147,-0.48576371320801803,-0.8245010242051825,-0.8593722411593548
1.4029967693853298,-1.3979117247945327,-0.6428307759657649,-0.6677536354042102,-0.9354729959626578
1.3638434232767733,-1.6245889339207842,-0.49655416755119436,-0.3021669615448413,-0.9618633375549238
1.3394845202939745,-1.7082004609776815,-0.42955620584859433,-0.2385341808359071,-0.9693261695785835
1.3332148415178184,-1.6298666300163742,-0.5093423682606277,-0.09824158720213108,-0.9547675553762741
1.306523293980729,-1.7214928553227393,-0.4289540197476219,-0.05640871675735532,-1.1177786029668706
1.302505448704656,-1.623456669340032,-0.5041115796146609,-0.06599750423140642,-1.1495417521587443
1.2897602216929813,-1.6166261813163691,-0.5030632515607028,-0.0531475809407192,-0.9882276504139903
1.270109289944835,-1.6552513145513859,-0.4653448677906438,-0.054803350025521114,-1.056300047921502
1.2478897168807093,-1.7382218123050612,-0.3890265514907435,-0.009492201778741997,-1.01797985875431
1.2575855918251442,-1.5291572025114997,-0.5801453995546714,0.1401733565895025,-1.1452593122185224
1.241654392035538,-1.5616136165547705,-0.5631547708846056,0.2897344236338192,-1.0710976000432388
1.2515300639368632,-1.3543346082703578,-0.7218314910295109,0.18549570493401818,-1.1631875966299898
1.2058478714811978,-1.6540836245211434,-0.46648734474992504,0.270246080748846,-1.0709814168527825
1.1897227066234366,-1.6876782118202878,-0.4125332980600951,0.36518660243026685,-1.092232198192637
1.2057838820233644,-1.457435626143509,-0.45635455384702656,0.46448659302229106,-1.2284129056979165
1.1713376894013643,-1.6807381255900602,-0.10464787551028104,0.3150858277377422,-1.2695431083029014
1.1978514715230777,-1.407857736076812,-0.06923721187260971,0.5225294920136523,-1.3221289426071394
1.1846139508358684,-1.503714382368826,0.37612998549770044,0.5143526366910862,-1.400101119712205
1.1773133699028229,-1.5644423443883861,0.8379789697817136,0.4173224052914398,-1.4498293112443787
1.2145345360002107,-1.3160767262729456,1.2955297251857893,0.4617588003360922,-1.2897887993577666
1.2645021504276532,-0.9958225188476636,1.8586801041714058,0.49335808165280687,-1.2795443758565839
1.2995933990711446,-0.7739483611285065,2.1590138865742503,0.35752215083549166,-1.1940372276944258
1.321060514575029,-0.6908316549286123,2.489079842498863,0.4161569648705185,-1.1634362263646052
1.3768875998494872,-0.31997662260556264,2.597984397703247,0.22190955083985114,-1.027876419596702
1.4357929811298888,0.05714955083250945,2.599592093997232,0.5016940461483362,-0.9852665474324209
1.4925709700986949,0.3648172194641101,2.606519746710241,0.5350191530840523,-0.896682229859742
1.5601765442706665,0.7043309606757521,2.4814588076322592,0.6533618159810474,-0.8360161353179945
1.5825791347923608,0.5985784335221691,2.7475643113922965,0.5797852335492683,-0.7619442800889629
1.619044621928109,0.6038137194117155,2.8427380974164334,0.38717193527580535,-0.7022002453583626
1.6538027370349047,0.5666884655633387,3.050921494132059,0.17408211770433346,-0.6370373527673784
1.6952713093235678,0.6181886113510928,2.9400214721955855,0.15061322339294927,-0.6266464289695455
1.724141963324625,0.5185194641456043,3.1310368058026534,0.2543807473977461,-0.5974208685177549
1.7527556273572096,0.46764514658178546,3.0455903660194124,0.1957695989067438,-0.5122120887135899
1.8375945755792116,0.8646453785506798,2.9290233287568554,0.3782721665521494,-0.5006352865091992
1.7403813781421695,-0.00703749646523218,2.2409177462019803,-0.5709036615249515,-0.3253696042668448
1.7861961087517597,0.6506496150449057,-1.1858558908098755,-0.7478501118172792,-0.0855962051216709
1.5821530422470764,-1.1386132740018402,-0.2019315060113237,-1.274809552954152,-0.21631130098127394
1.6463248289229824,-0.5861550272160038,-0.7218454974317569,-0.7747512348262381,-0.5200447259356145
1.6294094450027516,-0.7591504888994243,-0.21958369724887347,-0.582975695838512,-0.6272756601966578
1.5538325620973825,-1.3654965807840056,0.3331960087239097,-1.0038414178542896,-0.6531829463647043
1.5633873028171823,-1.200250624927886,-0.03623440715708137,-0.7923542648982196,-0.7395934432717682
1.5327152948824578,-1.4137801976890032,0.07467734867507046,-0.6278015495368255,-0.7217690683574898
1.5210767648755406,-1.447373274934202,0.10049557405911543,-0.5840833220188741,-0.8420298488666196
1.503071358978382,-1.5151640008060874,-0.016039553630604414,-0.6892611866699525,-0.7610462436604767
1.498391779496378,-1.4280869718466227,-0.3717021213286933,-0.8208850449076366,-0.769949272964954
1.4791470419297867,-1.4617505337237728,-0.5637343352322414,-0.5855994895960842,-0.9254243568615855
1.4334204616301844,-1.7334778323796103,-0.4639866551086318,-0.17758363514019262,-1.0092900443671966
1.4282852901022605,-1.6578639404651772,-0.5511390759414087,-0.007875304056276405,-0.9064553803311218
1.3924974729106312,-1.8360100206167382,-0.3736237882994196,-0.1647652807457705,-0.8464239193618895
1.3971266332462537,-1.6553091020671844,-0.5402570321387633,-0.026884436352325083,-0.8569671960337134
1.3655462348707388,-1.7824899914240113,-0.4555874210638004,0.20808537967454294,-1.059973451381662
1.3567473396762522,-1.7293336922313038,-0.5117874668204193,0.37085773519095855,-0.9822177851290774
1.3467561901390666,-1.681752558806645,-0.5292524712556932,0.2636572674515986,-0.9616311024845006
1.3236880645754228,-1.7483162477211562,-0.4807509811429425,0.3765886969293922,-0.9943801266147112
1.3049021210537186,-1.7721073017644962,-0.4600846431430482,0.42925562098960135,-1.1341961144159958
1.2774879275456525,-1.897656139286295,-0.35748859109167314,0.5438119346984636,-1.0233676479034886
1.2574269734810737,-1.9479953625437332,-0.31891543301433906,0.6275320390124347,-1.035226514406508
1.2576690323782576,-1.827861727982777,-0.4185503165028611,0.6846512548520625,-1.0718346502625618
1.239823394521588,-1.8644352853897252,-0.38583310146767186,0.6940721921997473,-1.0825836037410057
1.2481778415205977,-1.675159205307234,-0.5641998263351062,0.8867804735017046,-1.127653867890706
1.2198710429409434,-1.813278993601077,-0.4327717957246321,0.828634508232993,-1.0934171306310898
1.2211346722184224,-1.6957861520308253,-0.5310356063614748,1.0215523509388684,-1.1006447319940802
1.1888114877253668,-1.8854689851073339,-0.24701010399512968,0.9940867607031528,-1.2036194678306935
1.190822371250235,-1.8125781194328334,-0.10147459501582932,0.9011221963337854,-1.0824831095532543
1.1913963608087925,-1.7538675351817787,0.13793208173097546,0.8447320342954753,-1.3320625327921531
1.2006132086480112,-1.6576894178637058,0.3992579763705384,0.8167993419423801,-1.3753786685239429
1.1969366324675907,-1.7053910373835186,0.8220238593992771,0.6852089572830643,-1.272884800964398
1.2181507988531552,-1.5506341240104495,1.1304821038890656,0.6754821059242402,-1.3592830349600356
1.2526468448865493,-1.3509309149776694,1.6141645740594015,0.9527067313486421,-1.401817179939336
1.2919601782890786,-1.0997064565620378,1.8553418347391122,0.7888677009644648,-1.2623276090152709
1.3516786799772706,-0.6654565537292433,1.7568718101618226,1.095276101411444,-1.210420599487272
1.3808698134652524,-0.5636329228406977,2.204370772731345,1.0695017967510287,-1.136588424295009
1.4413488148253162,-0.19230758593692712,2.2553162571042966,1.0361153935305953,-1.0530221812257883
1.4655930511624737,-0.18193666496902103,2.5551245446581516,0.9901083283185131,-1.0115623758287928
1.5167041349426913,0.011244496290147284,2.6490278496527275,0.9887784987412451,-0.951929340321602
1.6108468818275048,0.5380317780771929,2.448769691702239,0.9348145461921132,-0.8335782855368785
1.679688780892512,0.8440935437860411,2.3031436886541212,0.8360553108318102,-0.7400056060424131
1.6777131585910359,0.512220025660928,2.8000510019725176,0.22987109615731122,-0.6316375486049911
1.7382582407834917,0.7600751992998469,2.4237121173930234,0.47542891404891124,-0.6516744133294236
1.7443859620166524,0.5007476674766961,2.729428325806466,0.15183002415897923,-0.5471402093552579
1.7457377580274014,0.2958977990612886,2.51464850760435,-0.3326887014108451,-0.4843254515179778
1.724771426588441,0.08500294022800031,1.3269926444415558,-0.837065160654509,-0.45713823608855847
1.821007832677547,0.5209848666721767,2.0003353035762013,-0.21540698486387685,-0.4621128912240117
1.823275553770631,0.4301623867138589,1.8322741848540514,-0.37217054663998167,-0.44381333936478823
1.8445317601760607,0.5704271303793369,1.354391370139368,-0.476220804285119,-0.42422149542121185
1.8753337914380654,0.7988827812331113,0.8980797805309401,-0.3597415410634034,-0.36180680695933115
1.7997582484623875,0.2029891182218218,0.6828923340349587,-0.7863631998580711,-0.2838307464807711
1.715676379682706,-0.31048689901168613,-0.41525443433434267,-1.4121771270085541,-0.14773952570773669
1.6189088036734582,-1.035142251588295,-0.6329786332604294,-1.0678407886709003,-0.23998477764482812
1.619104662229794,-0.9722106473077397,-0.8441749097847173,-0.7669888141552479,-0.4193967233726635
1.5840924137643868,-1.2278576574949167,-0.659372129741473,-0.023855307222206624,-0.5674991185287179
1.5639582016449785,-1.331208738163753,-0.4463495692846664,-0.4472120238449448,-0.46191387237076853
1.5244652215825532,-1.5704328420642286,-0.295800589643802,-0.47884022297702794,-0.5426067433776616
1.4945290212604112,-1.687070700115859,-0.44838167390628914,0.015022490645651755,-0.9291193607584527
1.4848575009902334,-1.6589509701596583,-0.5685482118216405,-0.02050423080273383,-0.8253481318432666
1.451131982058684,-1.818120283986471,-0.5080781807695469,0.4639839441967311,-1.0754839688771725
1.4344118094053204,-1.825729270447186,-0.5203984916522731,0.6379043810438486,-1.1036175374789523
1.4341523491563317,-1.6990628813382642,-0.5755358823778939,0.3382037626586945,-0.9004446214242048
1.4040817275501922,-1.8136240968446504,-0.4659598621005979,0.289887047037412,-1.0102026048013053
1.4081419941486013,-1.6346182757911327,-0.6378578223453885,0.4997724214848503,-1.0657729182777789
1.3745050034974775,-1.796782761612977,-0.4948998144064757,0.5419713654180978,-0.9589108998053304
1.3645767617736684,-1.7454974354063078,-0.5236835326109547,0.49424486981165816,-0.9333337184988995
1.3532221660503478,-1.7020478439134308,-0.5797638808499856,0.6854637964871035,-1.0888131576464426
1.3270368718251246,-1.8124085506639356,-0.45831800711632836,0.5571857753729802,-0.9392137513993555
1.3150382274564485,-1.7751755176201742,-0.4855038620543651,0.5660646894525379,-1.0887195053889087
1.3085672329556755,-1.7217709910907202,-0.5311019128213145,0.626756637758976,-0.9815403553868828
1.2781453987302305,-1.8681417072480389,-0.40197882107949456,0.6591680411300858,-1.0014158425618989
1.2732937549846803,-1.7941272910556276,-0.4866008519115483,0.8785825772357873,-1.0400533488939858
1.2644878513222333,-1.7582263132167124,-0.5179952291971149,0.9253461960013367,-1.0713056473024065
1.261561132701223,-1.6715230030106742,-0.5655238216798212,0.8962452183798362,-1.0552609070595516
1.2421577370459205,-1.7474944567245836,-0.4114959487214801,0.9552262047987873,-1.0713787429291308
1.2428188692314335,-1.6748083072493172,-0.2782945452878449,1.036921068108692,-1.0594578845423446
1.225576515522276,-1.774252844570584,0.053673828182873355,0.8910093733490186,-1.0823604043273665
1.2228677059282795,-1.7697323649930758,0.31790018965388656,0.887984664966988,-1.1127576325476731
1.246408794202048,-1.5551161821474289,0.45935730315893375,0.8903388296165451,-1.2437503380181352
1.2547720480154196,-1.5270421524810154,0.8933625404065472,0.6236028395722998,-1.0639973182836826
1.2748334962353594,-1.4202449370945862,1.2570973630145217,0.7239378340665161,-1.117387998287259
1.295953197146794,-1.3038723157986867,1.3973345705764249,0.9149004288479741,-1.1026444976131948
1.3373077357003866,-1.054845848786767,1.570568238157016,0.8693951954999763,-1.071043683856404
1.3432822214044173,-0.9944129714197109,1.0433072752812698,0.5739020911079972,-0.9531224192067093
1.3583451074072288,-1.0149225784251088,1.4001576825114384,0.5591297416339079,-0.9618410066532875
1.4744968626168689,-0.47117849666689154,2.9452887359851343,1.0779157471856156,-0.884613194736249
1.5913671556958275,0.3120072723252079,2.6363096401298542,1.1456672816536988,-0.6597538888679501
1.6309636129588496,0.5962949925990058,1.4264128767095976,0.6217194195397739,-0.4898885001419506
1.632683945840679,0.4538007370214398,1.0395025814884296,0.4412236766766536,-0.41585582711837576
1.562237853997404,-0.16141263407392825,0.3127872073698925,-0.13250796200307588,-0.3032441663852405
1.5355372434642405,-0.7418453970230785,1.7892974365453793,-0.024202796039972163,-0.3839563338703581
1.5708104675751486,-0.6015957944204949,1.777987908908336,-0.007716517836428239,-0.40175563196766434
1.5508845890088507,-0.8331469826867572,1.4747343849239778,-0.38680132057303457,-0.34951291082969305
1.5828311345078405,-0.6873711653243646,1.3528535280758265,-0.34461334568451896,-0.4058925807649473
1.6341061997771755,-0.5458935178216736,2.3440450607339636,-0.12876523303585471,-0.543325372824154
1.671468545501017,-0.3984137993952148,2.553888999965969,-0.1563123279765949,-0.5449034817375842
1.6658929294042841,-0.4963397463327836,2.299956787185044,-0.38316561540588046,-0.5262566381137456
1.666322838938723,-0.507560973798311,1.8080741573202046,-0.586778575878096,-0.4706926745693656
1.6270377011895272,-0.7045059264773188,0.6969806584303059,-1.0489411234547674,-0.39120373671648345
1.5824878227766939,-1.0174083798727043,0.1421563411208328,-1.3151292799481402,-0.2549145255320914
1.5555363791235368,-1.2369843304663315,-0.03123624103280029,-1.4097430579322445,-0.27314705044631044
1.57192390358746,-1.1214661761749043,-0.04907800791884151,-1.1850854200831906,-0.3398571546430529
1.5712654240679411,-1.0674329048328803,-0.4106526210408458,-1.1873300965105495,-0.332968501418343
1.5542063175174177,-1.170756541861982,-0.5186878484562415,-1.1393550746262147,-0.379188200253447
1.5212350122642027,-1.4308886793432287,-0.2801314038559714,-0.9792272299853009,-0.4974111935165391
1.503248766227726,-1.4958076339196829,-0.4848745458406514,-1.011610724261127,-0.5450954725735863
1.4848316289750267,-1.582272461263501,-0.5281620520337847,-0.7404262978955067,-0.49630631019107485
1.468340767449706,-1.6415345593564843,-0.5070576053602975,-0.5285925126182537,-0.6032720912748888
1.4560492066337583,-1.649663003346696,-0.5317270005084311,-0.29362678366100864,-0.7181665910074825
1.4388262491258124,-1.6940338654886966,-0.5155448249057089,-0.11366726374066766,-0.8086739153551736
1.433648872761287,-1.6253700540975544,-0.6054371304715005,0.15155960936000293,-0.8646916441051105
1.4291669253017991,-1.5499315557171567,-0.7043390877784097,0.4297049190113073,-0.9138176099917998
1.4160507699435219,-1.5519524458117542,-0.7120593488880986,0.5600947453924181,-0.9449491619027562
1.4064567632641243,-1.5213305700711992,-0.7343821246649687,0.5595088736454704,-0.9368080211260066
1.3796267111803562,-1.6496848815196452,-0.6131321454738348,0.5366876048675465,-0.9346498317307004
1.36643108219109,-1.6590960465174978,-0.6222492876646283,0.6843262808887327,-0.8839634185698234
1.370547381973946,-1.527586835815988,-0.7496954764357486,0.8445149885015051,-0.8412427957755669
1.34716955192608,-1.6372542416302849,-0.6406368345070224,0.7650665090658483,-0.8829757670573172
1.3238372769457227,-1.7589955836788294,-0.5318136257001463,0.7721921281159873,-0.9108734080772797
1.440880858545303,-0.6631181662467336,-1.5042294027223204,1.1417385987105042,-0.9132811484811091
1.3450435896197932,-1.4291242698672424,-0.8122923278599788,0.861638637175182,-0.9077198719738657
1.3352358067056926,-1.4527178546010258,-0.764751771367675,0.8029553093974746,-0.9257323218867692
1.3201300650544947,-1.5315392943672952,-0.6366930129769913,0.8684785327497255,-0.9915141668735656
1.339582928056867,-1.3321142059823912,-0.6371682449307302,1.1050410924253158,-1.0350811020717028
1.3235275345900515,-1.499406227565688,-0.0268412100364096,1.1020081554682422,-1.1087568388099616
1.33941992182316,-1.312656383424755,-0.286028869806355,1.1343931112347578,-0.9849123470572524
1.320649888414263,-1.4502916646864403,-0.24804630526572918,0.9800628187979419,-0.8760568995097845
1.3415309166893554,-1.274068240293826,-0.3749979400404486,1.1954853849833555,-0.9234627917619304
1.3096989217224602,-1.5471139700207541,-0.21322784591469682,1.074350406240317,-1.0466736339487592
1.361907632458085,-1.062389220061163,-0.9923639497584088,1.152561843008696,-0.9692151919469709
1.339574287942394,-1.2627176285196111,-0.9126897535167,1.0322853865147466,-0.9352691279517787
1.2940157794299305,-1.690841167066272,-0.4606337567734523,0.856035164970491,-0.8063204678602506
1.3674368642632964,-1.1505919695775928,-0.40153511843103346,1.4782322481020596,-0.891840537657569
1.4243897862102726,-0.8527213171554738,0.4379364818592379,1.9175894562068319,-0.9575119421402087
1.4587833486963588,-0.9303316196874625,2.3936592695393135,2.395999510135683,-1.0727995152596694
1.5665096795088345,-0.15804753357097376,2.086530060617596,2.1085843632858445,-1.0732446962170696
1.6276872058199012,-0.00660454945347537,2.9424907466900345,2.1623131015937664,-0.9827662184853024
1.7100603308920628,0.432083698840868,2.5804061195947505,2.2831614933690747,-0.8908547814174095
1.67798674160568,-0.10521109004407873,2.7905749530534085,1.5681415476904872,-0.7689629247602473
1.6977367157487093,-0.2642383859931417,3.0301893598617116,1.2452825378668406,-0.6949612858212996
1.7135703050626612,-0.3998282015813643,2.963935354553164,0.8692157613512664,-0.64803183492364
1.7894888974977734,0.08210162352368336,1.9098662400570479,0.8887550539551637,-0.5615355545328317
1.7336114060767371,-0.2590353848984844,-0.08704537943568355,0.07397316263407534,-0.3756249876687718
1.680764997273726,-0.6564769540072309,-1.169095141192292,0.0673839724388059,-0.4870505162017832
1.6126646261303976,-1.3222862637228194,-0.5574689824364524,0.785734670829012,-0.6625199198202595
1.5598704241037011,-1.660737683334776,-0.14612501609023112,0.34345585036748516,-0.6787874119829025
1.5795679490776604,-1.4849133317009282,0.4520156611773474,0.7643803148044513,-0.9499529488485385
1.6601627831111372,-0.8831885451526881,0.9498991792333071,1.5284384887475324,-1.1242342549740882
1.571326242280716,-1.4644308020443666,0.48326925977662905,0.728004338575179,-1.125559864546543
1.6493329249952002,-0.7862842854275923,-0.36763959574876437,1.5540876332734432,-0.9891323118555357
1.6007824439743588,-1.1016145287987782,-0.8429065616622162,1.3068203381865957,-1.0033222402134583
1.585011012785143,-1.22581538874233,-0.8061755547948445,0.8465314521811842,-0.8968013910473503
1.5397308959773686,-1.5851531117301503,-0.575128688056109,0.3823879759753533,-0.7030408484854886
1.5043414029069635,-1.8260984671141751,-0.4738310105368805,0.24475510208618914,-0.7941660898521415
1.5620831176299532,-1.269286228244014,-1.037811325085091,0.6652016295424648,-0.6357794684926283
1.6774590085271905,-0.1924032760391474,-1.976088279228866,0.8480821555481802,-0.6778103720280743
1.6676361722623483,-0.20542333040625482,-1.9809539960822928,0.992203282963409,-0.7040521620019888
1.6143697305635585,-0.6014990820258482,-1.6045239188771918,0.7415376277718426,-0.6575458572345235
1.584145334797261,-0.7987950698824963,-1.4092882052360949,0.5757578825970067,-0.6446723362547558
1.527856085074592,-1.2229594835649384,-1.015217299030317,0.38816700313540875,-0.7782928475374188
1.51942141376515,-1.2323870093127014,-1.0210068749107164,0.49778827591805885,-0.6647131586855012
1.4413214368647957,-1.8435704443040681,-0.4823101790591374,0.40035332592964173,-0.665135882997909
1.4333364129307702,-1.8279263859091366,-0.5218577037230587,0.6225582419718427,-0.9302029096233029
1.449916004692452,-1.6211284411024904,-0.71705314563727,0.7926476266446599,-0.779412225403401
1.4685463167915627,-1.3756098715662184,-0.9333869075796339,0.907471528465292,-1.0532098413833146
1.4800512443975373,-1.1971897569392003,-1.078669689074112,0.8944060694137196,-1.058079819611645
1.417266204610011,-1.6694228534480031,-0.6384569535967475,0.6451568134815096,-1.0647323938211433
1.4094369402660532,-1.6587675927408372,-0.6697008885968115,0.8181058507497972,-0.9190770984659274
1.4168391213718687,-1.5102462185345227,-0.7929661591152761,0.8548574060253169,-0.8880626417527149
1.3877413935523657,-1.6861949041794264,-0.6051201983929629,0.7960664066399958,-0.9643289299498863
1.413913444671334,-1.4037598711433124,-0.7490493013596246,0.915245923009034,-0.9849233393067474
1.427819198151062,-1.2312050764525164,-0.8143761730315312,1.211734245897729,-0.8785480160114468
1.3948102114969123,-1.4815575970139003,-0.3496626729757515,1.1156131148366455,-1.0775744642222425
1.410915690782329,-1.374213228922397,0.15553304543650873,1.0701709905588452,-1.264313877402141
1.4097232992907867,-1.4131822170227857,0.5517912153400389,0.9646685023986018,-1.2056794075761013
1.444933674236568,-1.1773755518589037,0.9449354505919375,1.077375256505783,-1.1904457030290576
1.4820105161805248,-0.958748575241213,1.4521402564536814,1.1674586087929415,-1.056485706354927
1.5140199455265604,-0.7633445232529757,1.7779562151295323,1.159049670300776,-0.9635488128019118
1.5632914302987235,-0.3634167806121659,1.4573126581182978,1.069116224812297,-0.8251519734292062
1.5803899198896267,-0.26257670684059825,1.4229219765104704,0.9553999588580879,-0.7423354851614203
1.6633000620530332,0.15241851866026918,2.45522020452845,1.5005124943707766,-0.7056785494867687
1.6580505009565134,-0.10567904893868497,3.1304418164613277,1.4133415177677329,-0.7438566081727823
1.7155375756234486,0.3567686711836419,1.6187768656099206,1.0409020377942142,-0.41353055158304197
1.7537359536793569,0.4638646405284864,1.414330956664392,0.8084406830220551,-0.5113022991276278
1.6485670804639545,-0.3648680393533675,0.12122687135288704,-0.3197188984141287,-0.22193309207576015
1.6475983680221244,-0.45421101676633746,-0.5294320279032015,-0.3573528368618845,-0.31480172553140595
1.876691816381447,0.9752383526933959,0.5204248091460559,1.9228862907389404,-0.6742200598415393
1.7445401883175171,-0.49515186155014823,2.9373551551084063,1.8262547393900521,-0.6049047970875644
1.8116090215384673,-0.07457337902617421,2.488315192971383,1.3708634904428687,-0.574996704767095
1.8987080001825845,0.3696060441324354,2.6823818734310265,1.3565711375510108,-0.4302404197070843
1.8739380171867848,0.15698657302648258,1.5359352808556674,0.5461609250473738,-0.29467095776595686
1.8847231504491866,-0.07636460006240303,2.487145947258252,0.4103726536278464,-0.307102402024558
2.3028187575821186,-1.0900460289056078,0.7939869547131579,0.7772620265930492,1.5494943968524308
2.5302925313607285,-1.0405941637677356,1.1966419224074407,0.8327432309333005,1.7363788654241492
2.8025635754319707,-0.8482342703847211,1.1255172113018317,0.926031548292729,1.891544646963996
2.6911204112335527,-0.7973692597986212,0.5658091302334584,0.6946061856847757,1.8219935257673552
2.4889808865379774,-0.503357138835054,-0.03663964310889546,0.4879973377293545,1.7101715225258918
2.6528768423646243,-0.5354869978764356,0.34052553358079773,0.6299898330576912,1.7644533263998807
2.5795067783328998,-1.0596197288437659,0.5452534411103782,0.37883160482749706,1.7171576785799934
2.4000731490709115,-0.7558120570422507,-0.5115759777890552,0.15470051780841151,1.6559133415294038
2.0793548169817333,-0.8331890540519149,-0.5743320577327207,0.029618746669187585,1.4601230202792685
2.009666280510391,-0.624224736048796,-0.6693848811826016,0.2781744252525712,1.3152601420939247
0.16070816024787202,-1.266677792720952,0.14973853687996969,1.5579409866554295,0.05606410276587778
0.32444241193258155,-1.2308396598988802,0.3843128830216918,1.6994977803437072,0.1174988129300905
0.5174364855664766,-1.1639327520062726,0.7295272400877818,1.8776330013549518,0.1570443913284836
0.6672218524940662,-0.9681324402713756,1.2545084848743382,2.0297813119808463,0.3365074067210133
0.9734249310915424,-0.9008149547822074,1.629543941203441,2.0269508578731323,0.6483565074083656
1.9406775885217102,-0.9841666908223617,1.5618979520239502,1.936954197785386,1.6362171034771018
2.4687642447623905,-1.0206210716109878,1.6787529380781672,1.77195373910827,1.950795495933621
2.760774475376731,-0.9708822916274429,1.883807721628154,1.6020090604031265,2.1349328022817096
2.9865108706807058,-1.0726970567471652,2.322299633104548,1.15025053190389,2.3497538106666958
3.2023643064926763,-1.1869040113347094,2.3467057775736127,0.8003437188715699,2.508688704449896
2.923119000341207,-1.1541918138971898,1.2911841998402227,0.38046068063212124,2.2629539982160347
3.004117136996282,-0.9462448458893019,2.0518513027576244,0.6872381528800237,2.333400751659136
3.273175568455784,-0.9686255842517979,2.500269594483654,0.7172518251236837,2.4578706509687
2.759950068198737,-1.3764503901068783,0.12398715983181437,-0.2770475859801226,2.112924761937218
2.9445444622547554,-1.2347438710313958,1.8032361400995494,0.20152437897268677,2.182373554392821
2.9515177045902554,-1.4527777629330472,0.9426046513119412,-0.2934508996353097,2.208585360120688
2.214193072594818,-0.9249124199969191,-0.8282402298991605,-0.5807696591486717,1.665053463369661
1.9251605541231973,-1.0269109686440971,-0.22682294783550713,-0.3556523227242892,1.354981330970585
2.699551349963978,-1.325246347719735,1.0488899230528148,-0.09491666887344583,1.8113727578063143
2.153491069468586,-1.1284243085215635,-0.7148935351495196,-0.5857246534521117,1.6152399726111084
1.998842688855527,-0.7493712146473078,-0.4520133894623517,-0.24436368753354443,1.3075094543125365
2.0801648838148123,-0.9896788816511636,0.10941914053053796,-0.22023797320342692,1.3694623472260168
1.62166960540672,-0.8304291489009473,-0.3875981452352988,-0.3190003364773318,1.1191766591786172
1.356631682433599,-0.6738623922195587,-1.0009684368589247,-0.3178831118564933,0.9561072976096631
1.1234271893694998,-0.8104330561962828,-0.9245868454980287,-0.19121417240174718,0.7671845575439322
0.8735765057566277,-1.3910587421666414,-0.4145363371934243,-0.10132043511202375,0.5994638109784647
0.7501127876782133,-1.1873536650203957,-0.5666565030880464,0.26616132693999056,0.4635201851442392
0.6235834969358038,-1.3070303072424947,-0.41668949572393604,0.42778326149081775,0.38281190291493405
0.5086399590947304,-1.4478204092053228,-0.2861946523234831,0.7903980427695071,0.25887720041592954
0.42298655842903043,-1.439029325078612,-0.25935135346618565,0.9110291060828771,0.19737895273942777
0.35783541150354775,-1.2701875919583328,-0.3632496258797855,1.011509460671904,0.1587370333119281
0.2718733235718845,-1.3576820431417684,-0.23960806680952315,0.9691173751875397,0.1306590047871164
0.23887075127257093,-1.1515681726426714,-0.41135028554673875,1.2128028371255157,0.065040481300662
0.16958718310662158,-1.1876583377330034,-0.3584286564056593,1.334076985869304,0.012733038707851025
0.14478384259712698,-1.2468202468311396,-0.3106642369809519,1.4183798139335375,-0.021409804937948557
0.121771626480687,-1.2684079434549087,-0.2767621456985713,1.4104315621706813,-0.01506667276957723
0.06525092219094766,-1.238593658254319,-0.2685929722803659,1.4140347357822118,-0.03435669496437358
0.04642703992438008,-1.2152535007006597,-0.2757523304838089,1.4214347575001522,-0.04400134565584331
0.08124091785249624,-1.199551045380224,-0.31005093063231753,1.432681004395113,-0.025975446776114
0.03417508463851612,-1.3996941382253707,-0.11500844834976773,1.342387364058761,-0.01500804312262637
0.03991692573540564,-1.262485599404922,-0.23171164321858684,1.4060633611044215,-0.03029060683363884
0.025275401705474855,-1.4813282618112693,-0.04269321453966934,1.309546463483155,-0.013254901230083728
0.06609361178169547,-1.216988343464873,-0.28519795034792356,1.429142357497039,-0.00922190755084724
0.0209717703104759,-1.3234676641051222,-0.16862430577616447,1.3814946208286598,-0.013045233986758501
0.03768565774197967,-1.1323491073520244,-0.3436316699681928,1.4546648040966368,-0.018065201134803314
0.031071743318667973,-1.1736537418941195,-0.30266786152313346,1.4398452055362654,-0.011696768067380016
-0.011280041765168723,-1.23085385375582,-0.19070770376549415,1.4290503805033128,-0.02241966621043766
0.060408308220631285,-1.237962023895469,-0.023169967394786033,1.499336921714991,0.005832425334632643
0.2110765451597739,-1.2027400055218846,0.1360374732180152,1.6069718030130322,0.08159437717085428
0.4338314796807335,-0.9152645185733589,0.08770051429261398,1.8459757962539083,0.1518658951163084
0.5971575212894293,-1.1541000812965807,0.6448194370370797,1.877530361069276,0.22021793052014704
0.7565086682324518,-1.2206227048244331,1.3678460094803016,1.8625937720303025,0.4064476188714768
1.147569239904757,-1.1586543641796987,1.7206125487549448,1.8112457462384235,0.8100791304718273
2.126461037279607,-1.4353592884102293,1.8791803781054348,1.424214973524607,1.8807601008461088
2.6497114015201646,-1.1129544636937108,1.7357299759893436,1.171066992722654,2.1684036491199836
2.917692987835115,-0.8470987578747928,1.7196830214751324,1.0535841025853692,2.3889762971428357
3.1203136049937994,-0.7537509769272586,1.81403328280453,0.9338769543763832,2.521980614973848
3.227424181951479,-0.6301407582311093,1.8795612643542565,0.8561151319744349,2.5721781755686264
3.292285317960299,-0.5231379435396228,1.9284178732661825,0.5312323655598719,2.6982953663927396
3.2813370854347492,-0.5421183802344416,2.0040186521751635,0.4970224287840236,2.6616395839848646
3.3242894419484443,-0.665199089224961,1.973342097631851,0.18197182367987982,2.6411177909629187
3.3677165683395267,-0.7623174628403032,2.0789784894594274,0.035936473561151296,2.6631385514501362
3.4930379668362206,-0.503745624384137,1.644757227944498,-0.09562441444711753,2.723352890450459
3.5981851789707187,-0.48472916112454845,1.3289977748353006,-0.296913201259507,2.7580555578141364
3.6804466796304327,-0.6567549373165739,1.1098313950682046,-0.34538621928780033,2.7244350192857194
3.625092620987473,-0.49392051730079983,0.6504848404841055,-0.3546708679742063,2.6473150990448926
3.522648059819379,-1.2814457040326717,0.93493339317392,-0.7232734695234221,2.528151072315666
3.4336929914076277,-1.1200150942133222,0.40926450753895277,-0.7073852482585595,2.380060871043525
3.174522724074159,-1.5570872799804736,0.46233384125395954,-0.9891156707655268,2.201894280232196
2.392784935023564,-1.168046592358482,0.07762784797852049,-0.8869282420208217,1.8464211457469155
1.7668660901809605,-1.3104772756408365,-0.1751857012562943,-1.0036354866746837,1.3968514723303769
1.4230446305959532,-1.3482951047492961,-0.38854462204861684,-1.0752760379677901,1.179843740917338
1.1919575950509353,-1.460546274857638,-0.3377052573650548,-0.7665101889830975,0.9488664176704216
0.994864599696007,-1.500894594048767,-0.37596067709164843,-0.2761889462433605,0.7227248545432333
0.8142246551759208,-1.6099707205242553,-0.2531709064976662,0.13065841012033663,0.5299828778734906
0.7202346829319761,-1.4209763609167458,-0.39388769973334803,0.5021985753869282,0.4211907275510753
0.5858452888227368,-1.4942519623862653,-0.2703105465975621,0.6185409793322814,0.34611522585509497
0.5016614687780085,-1.4043958089105708,-0.26525020204386374,0.4151487545351824,0.3493722280604964
0.42182883550158207,-1.3470704877748199,-0.2602084740505918,0.4149008109532699,0.3213160357525985
0.34794285407630343,-1.3728595659423286,-0.19734443772545404,0.4328628475061888,0.2966967312166878
0.3022913068998686,-1.275455273872682,-0.277293331623014,0.6519511478722614,0.2319413691414247
0.2567072271079121,-1.3095638393191533,-0.24352391333616577,0.8064830206835529,0.17302441238770985
0.20904786975189782,-1.3944380936951277,-0.16768763265463302,0.9457127614557396,0.125446140317496
0.21259663419082772,-1.1974821389271626,-0.3486179201329549,1.140443140923773,0.08455689164653823
0.175942077764877,-1.2476640937977301,-0.2996908001916154,1.2035933670506824,0.05558342079798029
0.11799180733590321,-1.3251076134812803,-0.2242535736473973,1.3387016672005732,0.002063253420525864
0.09430312354976349,-1.3154318245795353,-0.22273088669628333,1.3852285394064214,-0.019767173952874088
0.07197514512928176,-1.3818374324300675,-0.15242158150544383,1.3580279791769423,-0.022378600759486913
0.08176537863916716,-1.23777745693534,-0.2791563898583571,1.4143575816199807,-0.03406737601746561
0.058422703895132294,-1.3249619876299492,-0.19185141357870708,1.3756748052727241,-0.026755043862306944
0.037319360466772034,-1.4203483838588864,-0.09807617043627644,1.3389015278765024,-0.03849670407006069
0.02692048371166177,-1.4362164371032833,-0.07818779340715698,1.331760201982599,-0.03251246912765063
-0.0006546518864312138,-1.3730468799726216,-0.11441559613787808,1.3545872003143822,-0.0452497711669513
0.005515840807785737,-1.3518368368577895,-0.13537287599002212,1.366087536432364,-0.05262860223558486
0.043205008199553016,-1.2900045915060552,-0.16791772951219563,1.4058311617801142,-0.029492858774223335
0.1874362969386054,-1.0598167436668118,-0.27401353389622385,1.5612428145014023,0.03032404625661809
0.3547566889107162,-1.231006037669275,0.17557482508198505,1.5933797933680462,0.1156513880731566
0.6377282832170087,-1.2069137376099508,0.4828717585172138,1.6382344588800817,0.23452244716946635
0.8754126886703447,-1.234367943417301,0.5272674402475078,1.3553406316952776,0.44395917213199854
1.0749815243521224,-1.2649599437172436,1.2749712601376872,1.3600165120244891,0.6852557651995209
1.4783999280702838,-1.2969406416355287,1.7176697262153984,1.4431574312255582,1.0578741043749824
2.0432764665936594,-1.551725225217576,1.2395243463488994,1.0439911842156355,1.5881079255818316
2.4356545655262614,-1.2575339268675512,1.601979020782002,1.1257254719808403,1.8400093025719744
2.882429583104437,-1.1438245960578088,1.5131241796271415,1.0738872651742195,2.175639082666733
3.0490865347690366,-0.5702228161668835,0.8153358951460621,1.028964792678067,2.2402985921011096
3.0617646665582328,-0.28784689825914417,0.7209049787219045,1.2139929680237935,2.150383308653181
3.1136079006695794,-0.3792485341721332,0.37557502071302235,1.1126319100731916,2.120844386996008
2.9992062673230007,0.00340804523978953,-0.2709752055779573,1.070655338965611,1.9708031599472464
2.822996565035161,-0.09041098003262817,-0.6970039549160622,0.8285933331810141,1.8442006258677197
2.984714544348082,-0.07516083990196366,0.20851605463372588,1.0557709608841142,1.9276564047310862
3.12449916954688,-0.031009621580896735,0.1089348901689748,0.9721478281221183,2.0292706455260614
3.3051098172826414,0.030056175021282237,-0.20450112695063524,1.0076897314512672,2.090747830135056
3.2820946044723684,-0.0749274938543245,0.04174510528228402,1.027256820935136,2.01777684149743
3.351131072706924,-0.15759777178394668,-0.4549269632100172,0.8302749907511262,2.078523677270428
2.9003107359558733,0.2889140902213976,-1.3556358667753305,0.8344629444042239,1.7232029390124097
2.798205821116167,0.3340345643066459,-1.702685240234846,0.927247920373111,1.6296279364377617
2.515160938136323,0.5056698961320576,-1.8386144190283615,0.9698773032361475,1.4357921369220101
2.1776795095019947,0.2769808204097372,-1.9290806180323115,0.843102786657348,1.2526782897327744
1.7845161979462834,-0.4076094773118729,-1.642409756124617,0.5604002579243622,1.050041002498873
1.633316878426053,-0.4804460619540814,-1.5467963976633992,0.6941663701377705,0.9161457899183962
1.537475631588939,-0.2808535655970434,-1.7701742206217832,0.8973850260328736,0.7973551074915084
1.3660315295502092,-0.43727784709854456,-1.6001799788428397,0.9288544207544511,0.6776321775500558
1.2635702081706752,-0.6055319559484668,-1.4105922680082317,0.9127651203546244,0.609036700907573
1.3304426224067598,-0.5087571274291801,-1.5309823173770072,0.946990704394887,0.647376946901743
1.374944012223763,-0.5562647171931374,-1.5101833055858311,0.9104379234848271,0.695872777266761
1.40966362886244,-0.3681970394535132,-1.6940853252059183,1.0212619988294418,0.6959546220395869
1.3873520856015982,-0.3933075545971485,-1.6685588584318318,1.0794021945417582,0.6703939354038216
1.3935391316071553,-0.38426763370002864,-1.6834188919904296,1.0811183883521416,0.6693263658717972
1.432275127369165,-0.22352280003501337,-1.829289803069915,1.0818717162815399,0.6956239702920946
1.4004026055625662,-0.5058750861364194,-1.5748096078906753,0.9547862955603746,0.7047866568251393
1.354544573160941,-0.6620255689974934,-1.4188052865076954,0.8956969931768961,0.6872337829472198
1.3147783691820008,-0.8140239256773574,-1.2771595861229939,0.8822921902781394,0.6584800273316798
1.3513778886411223,-0.34511044640068816,-1.6938505911213497,1.0767039908517413,0.6289128067646876
1.309846739185909,-0.6162248447907132,-1.4464346653212765,0.998768655611882,0.6212486089043208
1.2557696433694714,-1.03362789502401,-1.0797085787637217,0.9294516923683567,0.6006219205847833
1.2191734911738465,-1.2636909148444977,-0.8674559452280215,0.8430518322233079,0.5991923532003411
1.2312666524925366,-1.2103317268076283,-0.9202218562343704,0.8919102215789136,0.6019590671168932
1.2095786127044532,-1.4795418127274753,-0.6806735728030963,0.7686632087841578,0.6170765334718425
1.2489920983265022,-1.2506288231287128,-0.8983575581704863,0.8956986184578166,0.6103699118881513
1.2828465158649387,-0.8871444726255989,-1.2327427515354035,1.0878097266055187,0.5839518280147882
1.2486100133715379,-1.1275433697973796,-1.015369243414424,1.0260032100906307,0.5754974074553605
1.2473601762254496,-1.0915519684875339,-1.0540816575913483,1.1026624808682024,0.5599138979401448
1.200987982204935,-1.428047429710949,-0.7378700812706867,1.0328369758290001,0.5462884318284293
1.2551222940063431,-1.2736425508025457,-0.8293736859364361,1.129589917054736,0.5625869651637522
1.28323546459168,-1.348858249274594,-0.7559892585016037,1.2315919411437215,0.5514661229364651
1.4104159613918361,-1.5425217531299455,-0.21761016576511308,1.2481914690098808,0.6549891201412322
1.5362421151801657,-1.490258491354106,-0.40276626646400343,1.201251938102697,0.7500128545481085
1.6458568674823069,-1.6797063100329048,0.02275353455471583,1.2888008431609108,0.822568841916664
1.8389990934564777,-1.6451510260173106,0.2642577204335364,1.4777290848713396,0.9440590668527505
1.9325893356079251,-1.4539380226055667,-0.20446334009072317,1.4649001851199255,0.9987000616257459
1.8729935818060595,-1.2015946828408965,-0.7154534624984642,1.3086506396780377,0.9676710360827575
1.8466197422005228,-0.8322622735832843,-0.9962980158250662,1.450821167971276,0.891634013292167
2.1354696193744105,-1.0090934845752424,-0.28495173650574945,1.5537008351143284,1.0953215262945672
2.3197137175819074,-1.0677200634263135,0.012279127441068096,1.541715960877194,1.2511572145738477
2.369063734057132,-1.3856442842282317,0.01643750801007144,1.195621582630402,1.3841021390943107
2.5436629279699132,-0.9001179510047755,0.24025299801597988,1.4628948357324811,1.4679057035100402
2.278937494210064,-1.1603878921758761,-0.9430711071606106,0.7439709605589713,1.3572933192458334
2.0598997824018155,-1.4331336695744907,-0.2536927026936632,0.8519482296127314,1.1972431190999178
2.4372012503063503,-1.2546157278744485,0.43124099020890844,1.199923763746891,1.4003025940938236
2.4876387821342787,-1.3609486453612099,-0.07715866854009037,0.9086873886698938,1.489529467892987
2.1119793348712004,-1.515030439197583,-0.6003381850124996,0.5802127608804075,1.250395356180037
1.8239202227457307,-1.6007296758060603,-0.6251996037349197,0.723671473787402,0.9760316634206421
1.832426337544686,-1.5755920766719405,-0.23812223933542445,1.3112372509131627,0.8495282216272861
1.7963648111490482,-1.1956810831199922,-0.8872265580823177,1.4221594193189442,0.8032169362163903
1.6567182668649927,-0.949773094044603,-1.2942176597484292,1.6682566087046735,0.6265379124779438
1.5723257132417092,-1.3457087063420166,-0.8715119624358434,1.5433397063627787,0.596233582079873
1.5319609920739752,-1.6774140977612413,-0.5293397756783462,1.4152123061572142,0.6152406787922438
1.507484784887342,-1.4559101144043187,-0.8555470832822302,1.4580764890395033,0.5767139491088958
1.409431328018299,-1.636062201839644,-0.7262428603670366,1.3510658780558087,0.5344944329935066
1.285350985287017,-1.8834401879657665,-0.4750960080425171,1.2310222141515657,0.4872552075938978
1.2961802821928594,-1.5102690891493482,-0.8025768310347234,1.3799913439942955,0.46185119067940916
1.1935398150306622,-1.8265918689530474,-0.47198724826652316,1.2480264736108657,0.43689333597239893
1.199366649088912,-1.715169015272313,-0.5698508528523741,1.2928034642054669,0.4330806701054408
1.2010158986108925,-1.6667479233326823,-0.6110822323663193,1.3133273577245808,0.43688355046593097
1.1371554305616078,-1.6837938610446823,-0.5576923990455779,1.3005148612065032,0.41006692217892904
1.1083057033415362,-1.5850031594307858,-0.6231367277995774,1.341602698125611,0.3803446630964085
1.1190094192693398,-1.5314299260148352,-0.6737130241009007,1.365122062752239,0.3978751506552122
1.1321087181915759,-1.4947450471217307,-0.7144121328399057,1.3792411834078913,0.4098838605414939
1.1272714080180781,-1.5895397685959864,-0.6300895683315231,1.3449040177833376,0.41715458120478704
1.0947186860934208,-1.7677538216434434,-0.4604675656513921,1.2698407052624565,0.4202128297346581
1.0727707764986107,-1.7186908943715313,-0.48916618573278664,1.2872179674623065,0.40733420175706225
1.0618951131551373,-1.8615266743692214,-0.36193744227768426,1.2306042412864222,0.4149897052100677
1.0698787700082046,-1.8498451509698521,-0.37654893088515096,1.2360386235826246,0.4223463085413699
1.0771455111467527,-1.7969790919483604,-0.42602813264686157,1.257140817629782,0.42309219157423084
1.0822009940054558,-1.7231936057044384,-0.4910112204392832,1.2873728110033449,0.41898382761189645
1.093371621234542,-1.676254392510432,-0.536980586723496,1.3071197101192051,0.41819507955158103
1.1391258211078705,-1.3232855996858273,-0.861274155120081,1.4558929426203069,0.4097225753325749
1.133752687149151,-1.4242608230832663,-0.7741482430687423,1.4133227463455795,0.42445332141813474
1.1477034723565398,-1.2949469797613744,-0.8904720255501063,1.4685046811319082,0.42585648578931073
1.1553822899461716,-1.241319632048401,-0.939727168133261,1.4921560258844633,0.4272673365575518
1.1675767757449487,-1.1186287235475432,-1.03825444899791,1.5481459967752194,0.430757818968892
1.164885938900966,-1.2374254891681316,-0.8989084762151908,1.5122029559490278,0.44374284675607156
1.1821029423905216,-1.4771291466014342,-0.5744116841334961,1.4575945052218173,0.4766639412361156
1.2353393650657458,-1.489080740967395,-0.4386668414327606,1.5075296795882007,0.5123705505351775
1.2915207510389723,-1.486100287582429,-0.41679461615197305,1.5318527018507262,0.5598219518580956
1.2841549525247484,-1.455530595469513,-0.4002790766720993,1.5559166783067482,0.5563314894513943
1.515088426808075,-1.3729943203498893,0.13673021446948358,1.845656445059604,0.6752211344446963
1.7842632629295767,-1.265932616151933,0.6354243778602949,2.149640292046052,0.8514056509904713
1.9626557506307283,-1.6576969092591205,0.5392538135660706,1.8732181046954561,1.0609596370885739
1.670640326631234,-1.7168475509259353,-0.19415405616653966,1.5231339310677279,0.8471136390330477
1.6490006188088226,-1.6740677789315437,-0.11069272014038432,1.5670840353346407,0.7972669887302372
1.8784930372409692,-1.5913174530576082,0.4462383256480723,1.8492210363654742,0.911213345971398
2.1021421654203607,-1.4965892351590022,0.831089126919982,2.0847603315081065,1.0572873695150222
2.4443528387220415,-1.0638521432358579,0.8488007329284007,2.178860496297144,1.405786950406374
2.705953848137088,-0.36956709655518755,1.5486238962965224,1.8398880067080616,1.7471829070234366
2.8824882330886292,-0.6139218059571535,1.1181092712043386,1.3376702118883523,1.9590482793095332
3.1804672971801784,-0.626747047266932,2.1805027816666844,1.577426443371401,2.11640737153801
3.1433158240973964,-1.1651417414084182,0.8983211673043422,0.6142448921338166,2.187385342042611
2.8869477991428356,-1.0175477874468297,0.7265674873683164,0.6283627350822113,1.8859721574425221
2.8826007614002016,-1.2381048460702981,0.4077000002690553,0.40901427697773274,1.897860895083152
2.8302757635410263,-0.4714045590274423,-0.34544599351132377,0.16796109430626036,1.913500706854537
2.984414489973761,-0.6540395457650133,-0.1030588493138614,-0.05277289669862535,1.9620659591819103
2.4937389014985842,-0.803835777905877,-0.042419007617459474,-0.26360636069070115,1.7843594006426566
2.1127057257236213,-0.8319910053745205,-0.13566482178676229,-0.3604840438484876,1.5789652990154779
1.7793361153087026,-0.6167209375605731,-0.6501840472737128,-0.5304899775210048,1.370259098243792
1.4709994817066088,-1.104665118501512,-0.6880561201544569,-0.7222460647948824,1.177526685129758
1.158069197725304,-1.183443216265209,-0.6209973234639521,-0.5884162347825059,0.926739304095937
0.8838820932681278,-1.330777169921282,-0.4514373276961058,-0.302961417089212,0.6797100138708014
0.6955679817425504,-1.4664847007572308,-0.27365057360667244,-0.03006522950297847,0.5294221843718502
0.5673557224703399,-1.4029212554448565,-0.2948320038555524,0.32571720394030956,0.4022257562105504
0.4594901486260285,-1.3979884726514844,-0.2915798228475033,0.7466963598547647,0.2713598043575426
0.3763440847459233,-1.3721397236807882,-0.29070620596460645,0.9386091156521912,0.19615862709047965
0.3182006089321754,-1.1864699996493921,-0.41837025594415583,1.0654038623534403,0.15632871303228102
0.2544931469573095,-1.1939406147112723,-0.3613511315760029,0.988101455864751,0.14524184226567313
0.1921578723454385,-1.3056725337490855,-0.26430475794881547,1.1758068629764369,0.061726447792440846
0.1778320911546333,-0.922290394908442,-0.5720258364616063,1.3210003571791897,0.041675303445322644
0.10559946917746652,-1.2045410866055086,-0.31973451376726353,1.3788551937430822,-0.0081451836179695
0.06711514952963336,-1.1245373319248753,-0.31921621478242884,1.1046614300456115,0.038345550006171514
0.038044626878441255,-0.9597571830266907,-0.45930088804779146,1.2953993738935758,-0.01768314869037679
0.01867742819035139,-1.1256107392834964,-0.335544398803789,1.4201105998667132,-0.06168648060667421
0.020719544715766255,-1.2293565085217149,-0.254509480220197,1.415546091087178,-0.04768292578185872
0.045154241135762704,-1.1581717247384216,-0.3297035480778822,1.4484691304422677,-0.04312086600247859
0.059166259078191265,-1.1438019518232687,-0.34934695941217087,1.458229374982918,-0.030898367308898503
0.06511141449420206,-1.0587828370595949,-0.4248739750427131,1.4931929516690738,-0.011551702640038559
0.0193722845832251,-1.0458959735551367,-0.40785605922251283,1.49570673153377,-0.02613302028645929
-0.006851316129284688,-1.0550037623685675,-0.38608186816419,1.4899074648559734,-0.045044586085108015
-0.04080205298536831,-1.0299655471292815,-0.38443266918457875,1.5011294491991822,-0.05154062133157026
-0.1040520499986893,-1.3073918398758093,-0.11179563848470674,1.3866758930086358,-0.07520879489238293
-0.05887446850857899,-1.2151431237543386,-0.1859182361514295,1.4387737309601292,-0.06335594579583953
-0.005761592511853051,-1.1839163100560546,-0.10111099443013498,1.4988868122357224,-0.04186144846437661
0.13945942195074393,-1.147508617456774,0.06570808251004365,1.6111811747936948,0.02548637811565166
0.26475817102590526,-1.2090258330524875,0.3047212591798816,1.5947008203141584,0.08428562505923964
0.48073632400121336,-0.764204869141511,0.3412402254598168,1.8486640448752027,0.11609426951050039
0.7189464645401425,-0.6849823357774323,0.974039702969894,1.596736112846276,0.423120117863863
1.148246436151893,-0.34266961871771034,1.060399731583606,1.5044264774170284,0.8798873302097209
2.081908640735096,0.2338988275055725,0.5847785858919528,1.2114302144036815,1.922173549054359
2.2117131288994836,0.5539797045415183,0.6159031726141574,1.1073614136645218,1.8923486177271125
2.652285172230138,0.630648127397663,0.819353326924323,1.1472492641919967,2.2790436656250432
2.9585421981182405,-0.19896513314048367,1.735402471199372,0.9699638024083852,2.4855278998009696
2.7338091514989236,-0.15214796153955007,0.8978041346682715,0.6582356551195491,2.249231862688044
2.949614348833411,-0.02855045248313858,1.9360168169671412,0.9597702309211518,2.4393485851544066
2.8991646884961857,-0.37620781795622404,1.3452231467404356,0.4250212263207944,2.4087158293243554
2.9145175899399844,-0.21765735701632616,1.4516505830134683,0.3717060094240531,2.4006396631938816
2.416215468935275,-0.2661351783666732,-0.024821358594050113,-0.3656281515964255,2.103936633682581
2.851243760379539,0.2769993004306113,1.3374809465517694,0.41388910375264937,2.3174828024252516
3.1963408323619165,-0.0018366937300904596,1.6944176741386525,0.5045311314363045,2.512670831396124
2.836464330914683,-0.008769299837485301,-0.08948536744897304,-0.2737565099412729,2.3520578756064547
2.886429710937464,0.10481739270777064,0.43570474486956945,0.10606804120610161,2.223406026427026
2.425196225963139,-0.07865759616528337,-0.4356694553026064,-0.3864385027394599,2.0035485563832123
2.5796068693529834,0.32503760047801494,-0.5326472250301757,-0.2471552574384069,1.9470089247918323
2.2953651213262023,0.1381171987745844,-0.36955254746067967,-0.3124553956190065,1.8860228167331679
1.6706279904673431,-0.06895074070907321,-1.0549314315908815,-0.6293020928780666,1.5669249172029878
1.29306360400564,-0.802391510038695,-0.5255535889672622,-0.7428555816422275,1.3007048538908375
0.9602205563666024,-0.9447777357668578,-0.5154122657280911,-0.6991711053952349,1.0490228887793538
0.6559965933383765,-1.0669182995197448,-0.404494870537368,-0.7137959497166004,0.8221743652888179
0.5294737637809965,-1.0264754270291152,-0.43787048806277173,-0.5597268385273872,0.7027748686615539
0.3089554036064317,-1.109513366612658,-0.24499432473785004,-0.5449594969575112,0.5647977596089159
0.1573849960066535,-1.1183472389495568,-0.1871004151352591,-0.2855632151717649,0.42893421324563585
0.021317820186926774,-1.129044413357675,-0.13182879681985887,-0.04572572547190946,0.33715100533132797
-0.014600461517930785,-0.6436665169193746,-0.4885778665061953,-0.03671380053547603,0.3265332807080017
-0.09764565609103577,-0.6087344913230244,-0.4853250582285232,0.11486730617150391,0.2794895132320611
-0.19901679139029418,-0.9075231836179601,-0.2514681898834768,0.5311198933302879,0.137812031075966
-0.23075758725772977,-0.8513459414169029,-0.305707706439817,0.7775059747278347,0.07089587360887761
-0.26444864352020864,-0.9383071786353463,-0.20400171672967238,0.6831576936771367,0.08365060334811142
-0.3093743437994274,-1.0664482700722944,-0.0793095101833923,0.7106650031795685,0.0601417172449801
-0.34033198683960864,-1.0557199951616028,-0.09200336414176755,0.8499195763316765,-0.1275115423355823
-0.35866256646896694,-0.9127407827732342,-0.2055819442378841,0.9416427619078265,-0.1458200211847231
-0.3870369527971033,-0.9783222634454084,-0.14888091049387658,1.0384917643385407,-0.18361220521200916
-0.41701957664587247,-0.9797847693809447,-0.1456448630714951,1.1593626930317884,-0.2081020174339641
-0.43337186032429637,-0.9195303669634676,-0.19217163852604274,1.2118379980074507,-0.23566312279187135
-0.4883417929501879,-1.039319578124552,-0.06892439101616499,1.2648039787510883,-0.2582230896272545
-0.49744454031361907,-0.9526313195817326,-0.15739608912816921,1.4388476005068593,-0.30349137821673905
-0.4470243162015994,-1.189429049185701,0.0054862782859369024,1.3675260047339868,-0.2746914105340415
-0.3381700889490515,-1.0126137712285268,-0.20963445963224003,1.4486346614488457,-0.23073905324538946
-0.28994561009979436,-1.0607870286816994,-0.19725268435782062,1.4339461358820267,-0.20541592964054625
-0.22826376814402247,-1.0114603319863662,-0.27707795126025575,1.459982607415683,-0.18358151950544258
-0.18516598056927933,-1.021005675292234,-0.29103962220764074,1.4590753165266426,-0.15366001319586364
-0.14607067082374825,-1.0750219173849451,-0.2256069679260903,1.4554620059343175,-0.12601182486995077
-0.060574239249810514,-0.902342177319458,-0.3741224023562091,1.5435296268067353,-0.08224082584882086
0.0010975882684959018,-1.140317389959482,-0.11220286661688268,1.4865312930824077,-0.03027816737516296
0.1603369202033283,-0.8644239684484618,-0.1784058605365515,1.7223705899191901,0.19345352624354492
0.42417054173270563,-0.9067232713874949,0.16076375745877575,1.8743722294059846,0.35027069295668406
0.6535029510348889,-1.0556820689592055,0.3718422305717795,1.8527451525991967,0.48284278784196893
0.8574930916939406,-0.8668436789644494,0.2908161939953098,1.8807314499839711,0.6452086911882888
1.0878979340572932,-0.6639693766086414,0.1126938298172807,1.7455487438357897,0.7986236646459639
1.2532268170737246,-0.734708117586154,0.32678540488283997,1.4502149615707665,0.9538077949046896
1.6873393175492655,-0.0025036637231105508,0.30766019498034947,1.7402253061594515,1.2431387502809899
1.9275276065691516,-0.434087378314623,0.27150965869670746,1.0926281367108204,1.523417710252706
1.8702462134688516,-0.18670189804242351,-0.14915896469693207,0.8056058726725559,1.5297598883931585
1.96703987723548,-0.09169076961430468,0.23763613022788813,0.8669693681668922,1.5941127403247857
2.4013080086571845,0.038901831669627455,1.3735979397448819,1.232017680430608,1.895084207286898
2.367172723715458,-0.7009573565933467,0.6250773263006032,0.5302832291280618,1.9576716751199041
2.085973238338304,-0.18010211854992414,-0.06707805719710451,0.48645847265141334,1.7163600372841399
2.0096403808772023,-0.02633040901749461,-0.26181245271187664,0.3309042039592811,1.6349399682948418
2.022339222815407,-0.19238129496492834,0.03748538775696534,0.13312594269550762,1.6761220309815228
2.3935047456981873,-0.07079726830970533,0.14866768723617824,0.28937647284062995,1.8552481462792563
2.5766213317972215,0.11660988158863134,-0.08750539329870186,0.555150344136808,1.8683154367712265
1.4885538006700303,0.0030740215141348407,-1.7455878645312806,0.5883354597378637,1.2487140581643954
1.0560113155711262,-0.14550051374344797,-0.7801893618625373,0.6405387553209373,0.9146627475866433
1.06168790186488,-0.32060559198611865,-0.46414830560867265,0.5901589620868989,0.8731186710228707
0.965589150442631,-0.8985747353530167,-0.33249050902836363,0.34343460758410965,0.8606513769889159
0.8432961517689324,-0.25826496178993447,-1.2013355792182783,0.5764367386759811,0.7491234214782051
0.6019728251735149,-0.6410651530821756,-0.9042389365915381,0.5714571591795269,0.5870981709540208
0.4844641201254017,-1.07847326670858,-0.5429442533444079,0.6665535528909683,0.4716529910636918
0.27977198992666363,-1.392945269457755,-0.16845595113701678,0.6300933104475129,0.38026380675391197
0.13272492655770898,-1.0851842699794887,-0.3709192392009193,0.98320185872217,0.22019349345190706
-0.006545613066117667,-1.2201536617225388,-0.21557048269371382,1.2458549164495463,0.1050680222914676
-0.0753064973519546,-1.196138728406509,-0.21526911056607392,1.3956868390146473,0.048618821582978616
-0.12387206504390004,-1.1140789982014474,-0.258739124720133,1.4611654884810144,0.010154633402680016
-0.12096300898902454,-0.9441152560511124,-0.4043207012340685,1.5341981405392981,-0.022668521846556065
-0.13263090966084506,-1.0774187685805423,-0.2859546785901019,1.4764897840125295,0.012770505540773695
-0.06325329646544679,-1.1568125610508555,-0.26086601860174774,1.4505861778814886,0.07674858882375357
-0.034398543458430936,-1.2323812355324648,-0.21643135782647988,1.4215516887156214,0.11584480134854365
-0.03702805250749099,-1.2304911716174705,-0.21634728378362145,1.393319726901837,-0.017329379183052183
-0.06512671077465697,-1.4436639900383186,-0.018850246946361147,1.3091029707441768,-0.015030613597001882
-0.017821384954910455,-1.19226638479516,-0.25855264537889905,1.4166007345937357,-0.005939229410308165
-0.02091325965177645,-1.1733196038919027,-0.2717365114990287,1.4258175184903308,0.011383875234312255
-0.011862634542589751,-1.0510252716651949,-0.379090631455329,1.4785232009167837,0.006489458081929341
-0.042754748100011244,-1.3181679326744087,-0.13806132823807124,1.3651514692459275,0.008943233359695739
-0.042840147880485735,-1.2701997282856619,-0.17804155355780996,1.3859010704765555,0.024980292916834724
-0.04624785412342571,-1.221887356019537,-0.21543065843841525,1.402620759475098,0.02658104118868951
-0.05486935489658577,-1.3039630876504642,-0.14271307167696484,1.3719814556854475,0.02865370484753096
-0.047686409949241546,-1.2606283489524128,-0.18226887230616817,1.3864455750789149,0.03842652578213336
-0.058242403188755114,-1.2527035776335353,-0.18193300699722528,1.3898848130464996,0.03931756739455076
-0.07314190557470876,-1.2038339280306092,-0.1976248859965276,1.4149328663213667,0.03857793879063233
-0.060347881978859624,-1.1921852011541072,-0.12608707184384618,1.4495706661566337,0.053870690602137415
0.0007155582321585976,-1.2231020195183775,0.02594939597171213,1.4908846870063135,0.0923134258976051
0.08316949777761244,-1.2586016168528655,0.24574791640080856,1.5639328077740442,0.17235359892981186
0.22535072882220955,-1.0189609984764205,0.2692627858131947,1.7671385390621754,0.2569485902943733
0.4492794310558047,-1.128534747963258,0.6267806467238008,1.8942896268041813,0.5332361987734014
0.6703637558753939,-1.1257204451445788,0.7808048304744906,2.0088714919660076,0.6615914982308037
0.9496075268418799,-1.0943973773891473,1.2568289388655511,2.255910221678608,0.8247034793235676
1.329175887560417,-0.8111211680337427,1.2367446007301797,2.538675296846654,1.053906901417404
1.615423792437546,-0.47811299261543544,1.4759666314073914,2.8861767312787716,1.261726007739496
1.9901856023903708,-0.39081684070978673,1.8267109438502604,2.712465869443969,1.6931188846444398
2.2886280237628807,-0.22762685056841137,1.8115375077265756,2.3043378961708614,1.9326280754741765
2.378282461510324,-0.26429789657407726,1.1884762915101386,1.6168674763367021,2.004550490575114
2.648990552827639,-0.2993988160309593,2.03703119582302,1.0021057601879582,2.325268246134419
2.5631699425418675,-0.5069316021270577,0.1844217062901425,-0.8105698115130832,2.502388308891271
1.9390236186086887,-0.6472517479973772,0.1450906015395552,-1.157300095813137,2.026268888147448
2.3295697893089726,-0.042650840002302015,1.0441140772117676,-0.48310014444103727,2.2637101216362976
3.0980702182009314,-0.07154607534774302,1.7758797943896918,-0.08032938220511832,2.747929833896978
3.446697116905872,-0.3961724924539142,1.2527828198921014,-0.3892859795967875,2.921786421203804
2.838263956287459,-0.15774174796864868,-0.517871664388737,-1.2298042077908098,2.66704263165251
2.1373118618139944,-0.3601627565218499,-0.29536953263580706,-1.363656058170426,2.1599099583097647
1.989876975954909,-0.6771083609813345,-0.0126050754420654,-1.3583237103650871,1.9920142938702214
2.1454086664698697,-0.59995566495168,0.26910016326503433,-1.1046109362793064,2.0756419123488934
1.7463349034915039,-0.8408579181654721,-0.46043456035012836,-1.5047117416289832,1.9186182496629378
1.3847767295778601,-1.2890160864126816,-0.007383374639662976,-1.598389839869904,1.6438477819755795
0.9803102945765874,-0.814265047010477,-0.5988071829556648,-1.4685301698210012,1.3481995079807214
0.6075431324139038,-0.9340488620834604,-0.3937716648308907,-1.3809008555884572,1.0457187717018355
0.33007931426004067,-1.1444653880480349,-0.16028092619449005,-0.9865672488508075,0.8055566572787249
0.14220156659551506,-1.1839448638664074,-0.07898855853397892,-0.5504355871509342,0.613870372659318
0.03301194777370706,-0.9402071917579153,-0.2859519142978951,0.011519876507103835,0.4491935595290926
-0.06414263279849755,-0.9949043596281713,-0.19512471683093172,0.08993268762656967,0.3967417700820547
-0.13319669078894714,-0.9015009209050932,-0.21043228479799442,-0.010529113939493517,0.40570075832558883
-0.23104406358910395,-1.0665298536444647,-0.024019669694458737,-0.012211978228403138,0.3610952745152241
-0.26257213187384454,-0.9888053776916305,-0.07787799417212396,0.08163162786897474,0.32970402595648424
-0.2880759319709496,-0.9731331784652624,-0.09228284688481779,0.1971581900735238,0.2998050014189368
-0.31750138060264665,-0.9898105212142329,-0.07680526447151999,0.33036740382997715,0.2597354859654296
-0.36233309301222094,-1.0866968115973052,0.026254971870241638,0.33811162751314405,0.2510809586709614
-0.35386373209607,-0.8620680786542869,-0.20289819024503,0.6638515494289255,0.18520777584745243
-0.3731977495790887,-0.8420611201002289,-0.2271252590923114,0.8009964300031345,0.004413621572700335
-0.41537742359336577,-1.0236451476441406,-0.048534937777195725,0.7218151480121979,0.002777365383383433
-0.4096880028925434,-0.7420239069872384,-0.299363202339219,0.929267976581894,-0.027985731711532572
-0.45728650159127787,-1.0788647895344115,0.011614032596157746,0.7760128970180821,-0.025724010094817448
-0.3561246692821267,-1.1104704214258088,-0.02238010902953474,0.7704019631765078,0.16304825776530263
-0.24829693811186987,-1.1605201881589,-0.041133889780511565,0.7238374958851359,0.24091623273551652
-0.1777015784303061,-1.146954466953272,-0.09769621416703682,0.7506826819913396,0.2759673195837176
-0.14436832973084857,-1.295044374225895,0.003660061515240388,0.689386488599771,0.3006865264582807
-0.11961530553089429,-1.349370220355178,0.03861125195290589,0.6221106410917675,0.3283356255283639
-0.09639257398801677,-1.2938827447119343,-0.04724391048199571,0.8292162582868351,0.29496059392008234
-0.08687732552569603,-1.07713195213592,-0.19573618896282996,0.7585454468533508,0.3280766703924314
-0.07899395860251368,-1.0792274008613891,-0.11371157328954024,0.8087761588157347,0.3243930174670391
-0.018242515218751854,-1.2448866908958012,0.12841542471173448,1.050399043189602,0.3243962237100723
-0.004716300712877917,-1.1548834588602357,0.5206431613429509,0.8498745951128795,0.36476167543830584
0.10705451409900855,-0.9905661136696154,0.9008820228560276,0.9187449288881999,0.370083254439478
0.3128466992577251,-0.8680979791414835,1.376105379133028,1.0741994648515076,0.59321496723183
0.8613590407668308,-0.7731318186408553,1.552076724810363,0.9701246488904322,1.1805920853005545
1.838603905060733,-0.9489651717248192,1.6020018239871625,0.7321903815180953,2.114601224418219
1.9072826023982383,-0.7774888946556373,1.8105451091116285,0.6575881347936516,1.9818850535669637
2.5116497437164624,-0.7806666566875153,1.8247198324890526,0.5384356457029656,2.506290526093065
2.8761258517540598,-0.45887327207418216,1.691365809746699,0.5631391629917809,2.7266785649831458
3.0844513518291,-0.6142322996676098,2.1212304365431027,-0.03797394518552962,2.989265479475993
3.2302616101479846,-0.5572385217588326,2.2875593341436278,-0.008907090062572488,3.045650643126589
3.066523687610741,-0.7968436880820187,1.9152942633382977,-0.29878428359091463,2.9281328083941176
2.956847971801835,-0.8812424263601379,2.107289177306942,-0.32750536846470985,2.763358893920719
3.044702259781996,-0.9585264322942422,2.3606261362501013,-0.3586887260840097,2.8337702383350076
3.071348624903618,-0.14302584971719193,0.8934132344488815,-0.33113131824446945,2.7377141810639247
3.2432351376293025,-0.43536558988992896,1.4530058783836046,-0.31035909736086875,2.8188719904884967
3.4007470348180444,-0.6238824832754878,1.1290824486567272,-0.5141269408507327,2.800420699473386
2.7425365022721295,-1.1237808183509794,0.10234751178654662,-1.3713874219844084,2.5372427175653773
2.7725389174249164,0.14056534192152617,-0.35227938198282516,-0.5810886179776052,2.295686755967559
3.065683572237135,-0.31896684737644154,-0.15151967362517968,-0.7609438883782169,2.4273327225105317
2.46099539838418,-0.4779159409043338,-0.1564462632783862,-1.0859030353338075,2.254595767521483
1.7943838785637072,-0.2373329827819678,-0.6664606446599604,-1.1311186874113126,1.7991234919040766
1.3400377957469516,-0.2144468787478506,-1.0902174536465756,-1.1400059624344694,1.4845579268776925
0.9722713912206236,-0.6423288037096174,-0.7588383083051915,-1.134811052513372,1.2191045229836504
0.6694652755788326,-1.026846260902615,-0.43664661467882576,-0.8926858137634426,0.9553933340160031
0.43179318881736134,-1.2231986558439036,-0.18296242399605023,-0.8466147553148977,0.8155386468885262
0.3036269117161259,-1.0888445078236528,-0.26929980731700376,-0.43753725698882784,0.6522894791067797
0.20373599619438895,-1.159334812215736,-0.17147775613052052,-0.3402194360953826,0.5938164243223761
0.0947124984634381,-1.1605408627689142,-0.1338801067638091,-0.12348406079025147,0.4967550262006778
0.01209481962884042,-1.1273807986602005,-0.13333654383877536,0.05321099454419105,0.4279426413944402
-0.05844470753735607,-1.073627017749873,-0.12695079678544438,0.010157801495044657,0.4110708309534465
-0.12294771561030682,-1.1617960777727026,-0.018864294761930932,0.01154895616328234,0.3839500093297638
-0.15672068591739588,-0.9667192666756378,-0.1489857677995113,-0.011874668879027482,0.38427397098786537
-0.21222826311205645,-1.0163392800693896,-0.09761868724005658,0.1626077942531126,0.32462163241064007
-0.24784396083982543,-1.1225335132673673,0.0009666289919037311,0.1819952019382412,0.30117321804445557
-0.25070170719684315,-0.884243766280219,-0.187120777020617,0.2263744017798899,0.3014820262336224
-0.2903534383680471,-1.053133659467766,-0.041618710598933,0.2953440937051233,0.2669632316389716
-0.32004465623666306,-1.079043243986896,-0.017249918263907565,0.39069440473791944,0.23984420568674228
-0.3163178999565518,-0.9920961847486055,-0.08798389628521791,0.40468458082827197,0.22967796838394214
-0.35098470716308255,-1.0173480678912148,-0.07191203609956462,0.5931182266721091,0.1856418637054647
-0.3721322675671248,-1.1101679615283166,-0.002764070867192458,0.6862647661423831,0.1502176095454654
-0.3720971897687958,-1.023144441424502,-0.0748838904317234,0.7291923369375929,0.14536299789616813
-0.38649561218049067,-1.023615769870593,-0.0731432119549795,0.7399993454531022,-0.02075596051065
-0.390455239301418,-1.0177677903765885,-0.07877135906457274,0.7672745485489423,0.12684673249911965
-0.3975842865059912,-0.9448218483359603,-0.14194984740456426,0.8400387350655949,-0.042125802557492494
-0.42491070884184856,-1.067398580226715,-0.04599248111903651,0.9991585204101451,-0.09474365322122018
-0.37825291060209676,-0.8310068148922223,-0.21440954764282838,0.8474025835967548,-0.041110323080407005
-0.3354552581246424,-1.0104027598090222,0.03687385699746875,0.9360242492112362,0.13978505984537185
-0.1861582599230984,-1.0172365531370857,0.6108086466798816,0.9254197323474306,0.20416590256111294
0.030412249571377503,-1.081908074214249,0.7097921518715054,0.8294077947634751,0.3422102074885944
0.17831772445625596,-1.0630522642349491,0.8637769068532944,0.7669027476480308,0.445910922811326
0.5874274061654595,-0.5947108404418796,0.4425994734528471,0.8631994569442082,0.6926408383394944
1.0414228504054555,-0.42445223400655174,0.3963691515812996,0.8852351422753795,1.0438385488441846
1.7075462859323705,0.10484859441999114,0.22278536158877943,0.9079084257868623,1.61854873554049
1.859950256554419,0.06404616352292489,0.13571507179282977,0.5419008145447264,1.7358098559188606
2.592751823751946,0.6296303227816833,0.43227728944770294,0.9603231006009536,2.27131678556216
2.938628440447571,1.1368838548396074,-0.02226927231401293,1.4518366685786164,2.2948738757742757
3.106511486085408,1.2674404262139265,-0.6729151217615764,1.332628055609223,2.3971944286906646
2.940564373761157,1.0088577533259808,-0.14568223229847457,1.3003237874759581,2.2237069786176566
3.097108249914395,1.0750694719498888,-0.012658368441010965,1.3568467571005716,2.3537748702211965
3.038869161275023,1.5018403485703526,-0.909602847461353,1.2623925661923963,2.1863082924483024
2.8277160934437298,1.4162922171737615,-1.6247282005722163,1.001799001853548,2.0517155765391344
2.2784823187343957,0.48241834717223536,-1.7298172735951494,0.3551832819471669,1.7455951591310266
2.0905046369253073,1.6363797840793741,-3.0386767065055276,0.7314516011860562,1.5137794107681166
1.947915493391064,1.2662822843837809,-2.6865947376377854,0.64290219275842,1.432740787024871
1.81878224581799,0.9076607533775113,-2.433490710140383,0.5502050805259839,1.3601562543627386
1.6430482943818256,0.6750791360515213,-2.3593725080921697,0.477859473075725,1.2481113187414092
1.490352200747696,1.1221128688387416,-2.8099967005987816,1.3086449341556547,0.9595485835235656
1.191727974860844,-0.0036874430352595426,-1.8247720717954192,1.4532841434183001,0.6676709887089934
1.0233347957292327,-0.6205045087335651,-1.264658896165257,1.3974679140124853,0.5841106620316485
1.0638800343248855,0.1363257182245789,-1.9534777041842288,1.7732474775538087,0.5057813660703933
1.030585231160692,0.13946373182876928,-1.9470132293824465,1.7448097458520808,0.5020287133718505
0.9198677334713498,-0.545110814974387,-1.3605431316418277,1.6638876517588383,0.44476916806143235
0.9054138360260034,-0.4569544645011304,-1.4380768891883362,1.7695194851795653,0.41395703999566524
0.9456971134686125,0.00974887337875795,-1.8564374179698229,1.9746435381020984,0.39435114158329543
1.089113260514537,1.3681364004874852,-3.0848614060478035,2.5591536596570514,0.36279063818600665
1.026715875628146,1.1397481848414919,-2.8561424594843627,2.46579310464379,0.3582233341212956
0.9135588374344298,0.4223019861364063,-2.184861084822145,2.163572479255505,0.3698156617818382
0.8679717236818891,0.3307011790755351,-2.0788957112371174,2.1116399226744544,0.36531691880546585
0.8219549776815348,0.21922243799959404,-1.942736551322366,1.9547439038832395,0.38284298788897947
0.8333304469454698,0.7059366581415253,-2.3464669593084673,2.062717921652971,0.3910918613840786
0.7407144891983292,0.4326514633829561,-2.049053837254402,1.875355410838493,0.3885031603921888
0.680083169662031,0.0753641808084934,-1.7295252039902653,1.8429008435975434,0.3482023062825412
0.6091038830194433,-0.34192074078018203,-1.356883049472342,1.8100664931040749,0.30749579888171596
0.593019310607106,-0.14944963630186725,-1.5035364283081543,1.8535363806664469,0.2915178318255302
0.6308704784583777,0.019409213777407373,-1.665533034041624,1.8933048353427866,0.30273145586585204
0.5842152086065991,-0.43984706519937194,-1.2367385207617614,1.5809431011373383,0.3550022275302126
0.46722878064282397,-1.208471744310553,-0.5277879065143097,1.3255301331130145,0.3451005509687334
0.550695746143371,-0.56503399408804,-1.1353514333087178,1.7190222385263725,0.30101050629047754
0.4839760006949132,-0.888861754347547,-0.8230493566145723,1.5778832785946217,0.2947646734148209
0.3643294424947539,-1.2073577614301292,-0.48432810423784384,1.4519640514763885,0.2757656675572638
0.3107561403017671,-1.2680120398876011,-0.40211757038371615,1.4253605757683063,0.23023416045321698
0.28173763030250126,-1.4130425971455904,-0.26148701986297207,1.3675888956606996,0.23577627180443106
0.30116190771341184,-1.3852461172561343,-0.29800761905803796,1.3801287391283035,0.24718184693737327
0.2953671268688539,-1.385978609977779,-0.28701230410315315,1.384394117675825,0.2461770796826617
0.336924734864138,-1.0970204687124514,-0.4628607159801617,1.538159507406324,0.24579983326995955
0.42141388995202306,-1.005466919404549,-0.4757052830293935,1.617640519916172,0.29779452219163216
0.5145764311630248,-1.2419976600890241,-0.13769600938124146,1.5916988226503666,0.36434163666223457
0.6251830191602804,-1.3308751405794679,-0.0785270046252504,1.5784515765995415,0.4329388487507527
0.8231475609302542,-1.2078237797383664,0.5505586144508038,1.8877358376206654,0.5376571199061757
1.2187961898548363,-1.1134630362840068,1.5314818732598692,1.9888442626683753,1.0042028180591234
1.938350368692804,-0.6098613796918243,1.659041235702997,2.2252777277855964,1.6843926814975854
1.5361855719283768,-0.6119442682060643,0.4727940449147476,1.4412466086613456,1.3490878399584416
1.7444606456478076,-0.5406197719875117,0.18957541586538104,1.263616198202445,1.5261070820647118
1.5820723463222994,-0.5790142126751597,0.29959268738261235,1.006903081250805,1.3857625338570627
1.69321330954712,-0.2368221670263986,-0.269858005602097,1.0509291855127938,1.4570439929272885
1.7695467879965943,0.3050573243619254,-0.8170710641957843,1.2761070627286155,1.4491070388793375
1.5117972144782128,-0.2410083635011839,-0.413755191048479,1.4869912649141963,1.208356009615038
1.467892797939686,-0.1718837224331571,-0.6514127930519389,1.4952641035517311,1.1816440808386182
1.4330594459677068,0.17603711919251508,-0.7241113656777719,1.9219838167362577,1.0383315234927497
1.3996463966171102,0.19679130868717626,-1.1800617666645525,1.649634766478204,1.0624374333665851
1.252615008412638,0.16377830405158164,-1.2847665123675278,1.7910782661660638,0.9085884969660428
1.2376422549370856,0.08840376145933601,-0.8831770181919539,2.141870284516351,0.775459198337648
1.7216460772443194,0.41886334950905635,-0.503150332584247,2.3431372271772903,1.0852371161488183
1.530664095595338,0.21512853622669337,-1.4285288660731168,1.7361836461542097,1.0908655584687181
1.4049558239723015,0.3045679280293785,-1.0244323904492745,1.92020513437646,0.9267630831645985
1.6526875960490677,1.0047543891205915,-1.7220641085069182,1.9336135188273993,0.9499877186480119
1.268488985317671,0.5807979812663364,-2.1721794600305966,1.48023522790491,0.7851507742484034
1.1454040591142371,0.752958780626586,-2.21617672182286,1.4190058141009128,0.6916503439137875
1.039735219291076,0.7121569803081301,-2.2144901277679288,1.2593762322618247,0.6581323406692605
0.9824498857637103,0.8500679478932242,-2.4135041804495425,1.3603656682326009,0.5846380634104803
0.9836376630843835,1.4039478453311134,-2.883396983808151,1.5018152284080908,0.5604050260585437
0.9609744591028754,1.5096975469697484,-2.9528081410276665,1.5326228614980277,0.696711370242937
0.9766365913214801,1.3331859887164885,-2.820625063576288,1.5009426585929373,0.7151402777895323
0.9098292706959773,0.6186083634088843,-2.1942262995823487,1.281491367650309,0.7275941571110658
0.8991610538254082,0.49849818504272747,-2.0826614311996163,1.198424413142106,0.7396117825571696
0.893644772947767,0.5061872090478925,-2.084735006673801,1.2033593064434156,0.7370685131192456
0.8492942591090527,0.18486395550912363,-1.7969838968042282,1.1117482077851029,0.7243078591071282
0.8001211509031839,-0.1357988374304116,-1.49443452710417,0.9660782703733483,0.7426108947695317
0.7305842206726262,0.056230285784893114,-1.6458980378283086,1.2425600910153098,0.632774068901621
0.7292764058851067,0.18073395137231058,-1.7621145464234926,1.3796194970294455,0.5906171443560065
0.768250996018161,0.12634341557258705,-1.7312620275536181,1.302675564273514,0.6354864000747065
0.7490819009529792,-0.15533643542715295,-1.4752008022559135,1.1289194805143092,0.6639801924533946
0.7275483049820909,-0.3514806336128358,-1.3002173256243446,1.0666196085528863,0.6747362687775127
0.7430761785800946,-0.23417008435352418,-1.4108215060017926,1.1370913753039862,0.6695428252590901
0.6985198556056939,-0.29581680095584106,-1.3323854360782883,1.10198481053193,0.6523384866359975
0.6669644859545898,-0.5649385262689934,-1.089330574749219,0.9981741156477438,0.6545592969148767
0.740172787508216,-0.05835667880905938,-1.5518678852656063,1.1841025252012833,0.676063011753936
0.6689299522073772,-0.1793594737417327,-1.4138319255675675,1.1757005400353109,0.6419958914338156
0.5804250950817582,-0.1025319546230664,-1.43891365498359,1.277191658487334,0.5517027035313596
0.6418291556361609,-0.10925852155655287,-1.4852867113063615,1.3772878828821196,0.5612157906324611
0.7089177128292392,0.1462783734427695,-1.7461415495483956,1.530389172063877,0.5811080311786176
0.753517800071675,0.5902608367062869,-2.1289795161481044,1.6350243931365673,0.5860935791210082
0.7327278352589417,0.43626408393046023,-1.8785576762699978,1.5972697634156816,0.5916512923826648
0.6385745922002468,0.3941120037961586,-1.6567055533508608,1.5494286118951786,0.5502790985339773
0.7099826271731338,0.3527185744845626,-1.4581346670027284,1.4421724065540373,0.6203507571568654
0.9218072278903295,0.22992782106721993,-1.1199955540280746,1.4805751269073304,0.7726162284686582
1.1416132760863427,0.9246896418744285,-0.5705466453493501,1.8960071361811506,0.9334874787336576
1.6655716449701614,1.1997884818452826,-0.6297566407570816,1.953937932937508,1.497981040650067
2.155943597369084,0.9179943212906867,-0.440300548044474,1.7455550977211027,1.9994403699555445
1.9477363632096933,0.800286124916249,-0.20384560420443312,1.6112643715871353,1.7212854497502048
2.4499448086107907,0.775063147530021,0.29405343007172163,1.6985039530740842,2.2121817734618223
2.561931913541668,1.2415627901862223,-0.43674043127896367,1.674734175019209,2.2321133119383947
2.5812900650812463,0.9732545777200928,-0.735759842395446,1.246110878373684,2.241389532027667
2.6794906211570173,0.8188489661236676,0.7536899211255071,1.5367679412282509,2.287979601529071
3.020316678225211,0.8841371092662662,1.049335082985339,1.5256949549548984,2.6224610814035265
3.028577044353602,1.5613223386304735,0.03959044473165706,1.4172710352004436,2.565035437180888
2.859579558318647,0.9682485217800539,-0.33809296435831254,0.8194056603524377,2.470503881603476
2.683855151576884,1.2476433415476074,-0.16280278935072662,0.9104931292296602,2.2932607089537926
2.747135651248971,0.5119484105098104,-0.8545382669669594,0.22036365069038186,2.4243448183622185
2.456492243024427,0.4985030056193513,-0.12329040256158283,0.3310047430812023,2.1063083091681194
2.6205350860499124,0.14143540110587127,-0.6310336165740426,-0.10063706530535627,2.2726662827769637
2.1948871893111557,-0.1997922073456216,-0.8691381970846508,-0.04048883650999224,1.9635938711141414
1.7002595944713346,0.10605477126217416,-1.5512923641161853,0.1807000904078209,1.613820036158845
1.5381141353273478,0.6681940119018112,-1.782063118275158,1.111018180200049,1.2555186411190777
1.4240662241268853,0.07149114371236837,-1.4012798480089181,0.7656801977870695,1.264579348976762
1.1563815157817083,-0.21432815788927964,-1.316806305145098,0.7891279870828277,1.0840758189604138
0.9079641525317205,-0.8807427352862371,-0.7559032285018644,0.46597917520209603,0.9794878068646604
0.8717828378678488,0.029218691754887727,-1.6156069710997507,0.7044889171182613,0.8764410508481081
0.7893404875776685,-0.3919056570700991,-1.230378762595054,0.5414835963259493,0.8707856974583156
0.6953035144495217,-0.7823309545875421,-0.8650664187639635,0.49128363803352143,0.8271737543917992
0.5351488552378322,-0.7699418487652092,-0.8091020078580226,0.6966610158125662,0.685426908459029
0.2912523208116546,-1.1236349145871214,-0.41375382647936787,0.8672079924316699,0.49400628573516325
0.1588149794596377,-1.2749790822514955,-0.2337522654084989,0.9781172738195142,0.400475118627887
0.13135476015921785,-1.1627121102284432,-0.3236474220965476,1.0980650603378623,0.3610991620762622
0.16727300017289495,-1.2624923565221784,-0.25370310258992107,0.9921031486942381,0.40800855703092814
0.20592943800990013,-1.1840051405403165,-0.33040804216406205,0.9479363149675074,0.45171446621952943
0.1898830052927391,-0.9052813187588555,-0.5351503733853279,0.9275028481147217,0.4538853240846716
0.15838787321845976,-1.0624093800114471,-0.40473740660010865,1.0061944116853514,0.40424141877666886
0.2457582347173158,-0.328520585433353,-1.0617344557023536,1.2313481063241674,0.41730611017437175
0.14467069740022806,-1.155759450956871,-0.32231480607783275,1.0062582692638384,0.40446195923998624
0.1362828984016271,-0.43743779820733425,-0.9240487080020224,1.3406280708856022,0.34346018125045896
0.09168774459084524,-0.5704137712450611,-0.7966159154876006,1.3564859012442794,0.30819312746640326
0.05971324012837776,-0.3622700865263697,-0.9490626310465133,1.4216836501367933,0.28318954001359825
-0.07148001680528203,-0.6974461915441863,-0.5880140737438573,1.2793866770839148,0.25286208434405616
-0.144113939097029,-0.869522467350259,-0.41579025657437246,1.3140715130500007,0.2030735219828217
-0.18034821730764677,-1.0486034423418766,-0.2434999687869971,1.2325802899555072,0.20918726713172778
-0.1549650599387278,-0.9612397251420137,-0.33648960330329686,1.302269551193816,0.21536088176398108
-0.19386239896829505,-0.8802123625462047,-0.36313971694156355,1.2095543754072093,0.2185559533784166
-0.1587282638003756,-0.25370966478605883,-0.9082058329666218,1.4658385207548406,0.1872899738487128
-0.1661022721435412,-0.3498088756462545,-0.8070701676372832,1.3499937913288227,0.19901541556486615
-0.1638480614378187,-0.3303101537994427,-0.7500220727313925,1.3812563815121102,0.2255367661934585
-0.09255904449044254,-0.11499435007145309,-0.5975343988559064,1.4485068696617862,0.2513335697095934
0.005887406025076643,-0.14721797303702028,-0.4318841113701459,1.429006573445103,0.32186780271166393
0.207164923137503,-0.15936465523535256,-0.5965747571077358,1.3807224089742445,0.49578710376592244
0.4232176726156365,-0.16505880192725444,-0.5685614786084713,1.371895298721875,0.6387740403220807
0.767331103685252,-0.5010381925372004,0.6410809351108415,1.504267708853134,0.9447876199713986
1.6298756401228685,0.0223959422953087,0.8038586903959519,1.496244896596111,1.773948724752039
1.6905353677224941,-0.5870295069166247,1.3518600423177665,1.1510891095049114,1.7489367818081316
2.3140232757640358,-0.33933490940300826,1.2374426464477966,1.2155167627602208,2.2705203566601955
2.736324857224499,0.27714646029179085,1.149234154829316,1.4250980307754628,2.5289274558527888
2.9505064158909553,0.6440520723049673,0.7968549619551051,1.4648754339277563,2.6780929077437166
2.9400874663963146,0.2568395186822515,0.7749172075874169,1.0368589102225803,2.634472165062765
3.0085984941483117,0.4364073397777902,0.6959101180293985,1.03170812328497,2.6384732468343017
2.7378893436175344,0.1135897670248529,-0.15550785594347355,0.40946435289902317,2.4628771145193564
2.2212900878902055,-0.4058681025370557,-0.8091069841785183,-0.14213606604960438,2.114309993555193
2.126052475399777,-0.10915075625214381,-0.523281965193649,0.11212820425568082,1.9952021979019483
2.0308826531268216,-0.357797646332311,-0.08747114206673343,0.5363252964267117,1.8095810798337362
2.7262354686695534,-0.10391871946059124,0.68484480371156,0.6842614146276522,2.174160101028595
2.6137203768834834,0.28877562433651804,-1.1666814004496668,0.21507731199033958,2.253235453988177
2.110062021327747,0.06249199180058061,-0.7948427705692499,0.03212555751509251,1.8976086147736588
1.9882017624186232,0.19635688105083282,-1.5212095380144564,-0.10348762563215348,1.8608586557403337
1.6672255510768308,0.22723861503284912,-0.7862051353397203,0.15856930196343944,1.5785080073252902
1.4732236444278808,0.21208482796384656,-1.2347560754373934,-0.022187300775784305,1.466224238455205
1.205216834350301,-0.12282613871279713,-1.2063650846918794,-0.12922654632736424,1.33421808969714
0.9203127869685417,-0.5485903545616347,-0.9436476189120099,-0.32615441185786326,1.192267414791993
0.6405030313408296,-0.9183158034464469,-0.5958232498049227,-0.30412678317952013,0.9704910695762732
0.39925812083107576,-1.2575668644693996,-0.23535841537147406,-0.1285184265038887,0.7788966494815062
0.2535818066018213,-1.2038372274757585,-0.22517207173798365,0.11554112908491114,0.6467088034057222
0.1713747715200125,-1.1143763938577842,-0.2712287669064139,0.2994108828975102,0.574090404143101
0.07652047299258166,-1.164232157836381,-0.20183580162942338,0.49611075907009095,0.5006831200427752
0.008812229927076977,-1.0741502711085096,-0.2750554041172315,0.8145856891773424,0.4039293198568088
-0.041916174001007174,-0.9806233046897961,-0.2904557713497723,0.643688538775042,0.4230155521373578
-0.07826206409447821,-0.9980014711203857,-0.3017250765315488,0.9631785670536708,0.3344647119251399
-0.13574837533611367,-1.0853141669348383,-0.22038681880344252,1.1071014121001046,0.293280694776122
-0.18984546514938477,-1.2297259914273175,-0.0857129554640455,1.1823241334406287,0.25303013763775684
-0.2284581478684528,-1.261752871987138,-0.045214686799786255,1.2476646525215576,0.2245248704810103
-0.21311361153874947,-1.0154903092783838,-0.27775644150371087,1.47090805107586,0.18025501435608915
-0.25526907435126506,-1.1930143150913373,-0.09926744392980046,1.3712807630178427,0.18921804041417367
-0.2549271135617476,-1.036418323228551,-0.23649177712366826,1.4782194977835175,0.16988487257315346
-0.2862322890493889,-1.199341622305188,-0.08144054130504051,1.4127504370340562,0.16955290260675163
-0.2917074520009719,-1.0431253502667266,-0.20870561605167184,1.474219069760878,0.1670043703850674
-0.299607941450856,-1.1185925386426327,-0.14002913184739887,1.4433918121623486,0.17726849961843721
-0.281605568084763,-1.0480647484958672,-0.21231163400503675,1.4702169017767308,0.18146776807135037
-0.29951270690023346,-1.2669218821168085,-0.01543100846280768,1.3805433525265534,0.19740934046299485
-0.2652735083773315,-1.0916333864527512,-0.1828292688052136,1.4601596449816536,0.21226564915942572
-0.27908102081828323,-1.2797212563178693,-0.018854690782278916,1.3819430532435166,0.21492036886440025
-0.23803166476536186,-1.051557222282686,-0.23332334004378194,1.4794406508825761,0.2274433241425238
-0.25247995056115213,-1.2517774568754803,-0.05117490760619869,1.3990488121788003,0.2448898967255088
-0.21346948307894245,-1.0798483940723806,-0.1576627377657791,1.489991611614209,0.2591879556671952
-0.1403051558083673,-1.1736689649471073,0.09058597058801376,1.5260217606159325,0.30389845508477814
-0.02870068674041548,-1.1407937235974706,0.4205208921529463,1.674895418529577,0.32063387642546654
0.0969165883704778,-1.0877938975514319,0.9882502078969526,1.667202145103142,0.3727508854548882
0.24289251771858683,-1.0474379496024822,1.340591908624932,1.734897391993758,0.5967535368288915
0.793658505240603,-1.1098820404390972,1.6074725995002577,1.5499398787565872,1.1966610838702834
1.4017031898536902,-1.0572009485729714,1.6441609394879553,1.5447744378202062,1.6837541913861156
1.5585278910757747,-0.7676095132260599,1.7213719720374927,1.4350867401555714,1.7095307644669326
2.2359396229051285,-0.8811564543952403,1.791949106081658,1.1490734849182334,2.375832992234472
2.657053113613519,-0.7565929204941346,1.741820960074912,1.0061007750737194,2.655282797935096
2.8748715736557893,-0.6299532902024614,1.771130779132382,0.6518134616778231,2.853337963248339
2.9978514113850063,-0.6506237792641972,1.8630364407535467,0.47549028172321434,2.902768953191461
2.9710370311580663,-0.42810931962932,1.780381108400578,0.39718066942153657,2.8973693150772872
3.006573990546535,-0.49081348847680795,1.6361260450133694,0.3135746641200104,2.8104964979842846
3.089277669812966,-0.35466141818032965,1.488632457867978,0.35699353703990255,2.816689817788337
3.1628636404653245,-0.47673251753873747,1.3540034508504866,0.19413689132301776,2.8138492886708844
3.2532496491739784,-0.7758422011853686,1.2924954136347169,-0.029070250445030418,2.8420037293863123
3.345923766093189,-1.0764687559915476,1.2037797101812295,-0.33876934931463987,2.8083121786113447
3.2474904665983155,-0.8974588598270408,0.7619980038185975,-0.4215368721331649,2.754104936204757
3.1612813249992358,-0.8307742037257979,0.36146393495484763,-0.5809359361377562,2.6915947041699817
3.0458107424286522,-0.9498445451593395,0.08858921137275028,-0.813849265788828,2.576998068923987
2.3545895207960537,-0.5327626975624723,-0.3821751102699832,-0.9096280304865518,2.2736966258580886
1.753131425326992,-0.43224308905442843,-0.6201030198718358,-1.0642898523440556,1.8948884008862437
1.3799551116155204,-0.3870967140773876,-0.9652478283638974,-1.157095018998072,1.6768655173272577
1.0370659459246785,-0.4998170496448669,-0.9480837626350473,-1.2088913108690724,1.4513420834936037
0.6928883266709663,-1.1563405982203032,-0.31897759107521695,-1.2219136823985308,1.2209355887076494
0.4786493848263207,-1.1991540943264913,-0.1943927829442042,-1.0499663043543217,1.0612741181823586
0.32785488469512775,-1.0950066958246176,-0.2442599704468097,-0.6402507354152801,0.8961272490419053
0.19983258372770366,-1.2176717219247593,-0.10189879189481231,-0.4507793701688956,0.7871771058169682
0.11726517298979856,-1.1383368086991545,-0.12472987624628225,-0.3711096118737706,0.7415406185669371
0.02005075995939973,-1.3078827223337386,0.05195632427152389,-0.2680855611086126,0.6648732932336637
-0.004101020270955184,-1.107157417005296,-0.12195254814002426,-0.030673390959070214,0.6139537839389727
-0.06119895189090214,-1.1261488622494675,-0.08549773558275899,0.03911764212445484,0.5743627507883852
-0.07054926916804113,-1.0083121179315961,-0.18835203382537596,0.15530564656480808,0.5512265736891244
-0.08877421345956435,-0.8689256109088086,-0.28754427876469674,0.1836331019530426,0.5437995436070452
-0.12789158556643496,-1.1627454348478568,-0.049615780033079135,0.2762287846388183,0.5060718304987902
-0.12395266836716805,-1.1204190728243926,-0.09440063877969422,0.3470106485036527,0.49152626409866246
-0.1318558891519354,-1.0935048559260538,-0.12768547571876035,0.4755611144174294,0.47242438585562696
-0.1463646635357494,-1.0513093634550366,-0.15053001415583062,0.467774400516342,0.4688402825270099
-0.1878881317833805,-1.0468196504597063,-0.14216790755679704,0.5644474586954322,0.2832663137392361
-0.22648599737061373,-1.1065256817579543,-0.08793651453995137,0.6484436168482849,0.23103298812864895
-0.25628359839979314,-1.129068375185513,-0.0530599888156063,0.6497314119473163,0.22046521343699363
-0.2820415174099232,-1.1440214740289159,-0.02497217280046272,0.6399378690986101,0.21268417890671218
-0.28247822134265194,-1.1155905154432568,-0.07900008068986404,0.8723307471896611,0.158102081733747
-0.29971706084529454,-1.1378619322540136,-0.052044289899791686,0.8832375788055877,0.1577857490306746
-0.314616546461338,-1.1199218139433453,-0.06091451391278538,0.9161571300981994,0.140059432423468
-0.31267073917807003,-1.1190672785050018,-0.08138502023884031,1.0430781951105046,0.11357634575139144
-0.3279963294436504,-1.0381314325119055,-0.14290493560386044,1.1170675010298392,0.09971967826181609
-0.3322058753627261,-1.036563436928928,-0.08443196091899091,1.1900526291795188,0.09182005169508883
-0.2335744470530401,-0.8986718558756132,0.018849550840910684,1.32968016452626,0.26028947557595566
-0.10845213616706649,-1.0285166843857707,0.7199556307100974,1.3465243091259431,0.27672315948401344
0.07413423234416391,-1.0250532470771134,0.754863677262718,1.306325454527601,0.4004271256970744
0.3532141730554288,-0.9602616759341824,1.2125115728365816,1.317061750352412,0.6741033848962518
1.0584726867676046,-1.1363084397023449,1.468282651471647,1.0019264103954593,1.412420192043359
1.58267809440006,-1.1569937619389234,1.65581286893492,0.683445392546807,1.9142110485644088
1.7809340594033058,-0.8088675885653324,1.6309601767268052,0.7135912605689622,1.938568732533945
2.5012925473582026,-0.7662615575137857,1.5113693266858697,0.6356238268150729,2.5655739863840332
2.8406743772250667,-0.6545690038519308,1.4932456427161975,0.6094673758900052,2.7874927084389456
3.07674209777279,-0.1839708780810823,1.1676143476667975,0.7517250583924319,2.8768056759285647
3.189533864117301,-0.2012542696938244,1.2443757065619003,0.6085800100066225,2.902729500503791
3.2138964510679964,-0.2152881511860552,1.3203447611827306,0.4173111882618694,2.937938289138435
3.197203560209341,-0.45094749563683373,1.4349906313935485,0.09841449528550422,2.9068598141222703
3.269929548356937,-0.37107377605048014,1.341800337134155,-0.05176275744875957,2.9308011516435575
3.2656189601652432,-0.7065296917475847,1.3264701868252988,-0.34925312399382813,2.9131323743448743
3.4272860793448245,-0.5917847609385481,0.9574557478262073,-0.3560491814180677,2.9425423835242794
3.548866090579212,-0.9388632701672324,0.8330584493846049,-0.6201199221455462,2.9181893524517553
3.469785292221313,-0.7703861204736127,0.36265331560014413,-0.6889864664176649,2.8697142395488897
3.381192636087637,-0.8547381966072435,0.2713866850891112,-0.7854298739709403,2.8129463509165245
3.232590474753724,-1.1883319267643677,0.08967417933375516,-1.1310536363823092,2.673551203989685
2.5187820981908,-1.1709723753961607,-0.01398103225922203,-1.4729653846405708,2.4197763035842574
1.8892773139461962,-1.0322613161850913,-0.23054689556382685,-1.5961098310968338,2.0097379782440714
1.5029432224573962,-0.8244112213192065,-0.6440561687072667,-1.6160552252367548,1.775060698259041
1.1740672553411446,-0.8389147152364215,-0.698931455474662,-1.5437922857712385,1.5292214870161234
0.9074017545688406,-0.7460159948715955,-0.7564822352864383,-1.2901350753608887,1.3000227389634644
0.7413659829523228,-0.47597979239507937,-0.9277572227373423,-0.9538380565989258,1.1305011564584408
0.6002279431424535,-0.5376381907754478,-0.8260878617125302,-0.7430531436492451,1.003178969958229
0.4604714083182517,-0.6480842905616184,-0.6934223051995629,-0.5057178741353677,0.8730331748119528
0.3736400620399088,-0.5139030631238704,-0.7904876035727632,-0.23481583587461757,0.7538417253380548
0.2874246682423887,-0.7458979625444331,-0.5725153997787816,-0.15393624045060555,0.6906378774165668
0.1931690721351852,-0.963281571595872,-0.3680315278232226,-0.004652777152616646,0.6250410327212856
0.10856356986455841,-1.1663156485709372,-0.162877442511787,0.018628176733291212,0.5781983670869445
0.06686179773200794,-1.1863579025291722,-0.14909072167742235,0.2456319830585303,0.5135925803934577
0.039651851333112394,-1.1669077550390285,-0.15902982545345365,0.3400843978393101,0.48671359220862126
0.013904940182580686,-1.0779384407015233,-0.21643319594464913,0.3933046008442309,0.47055465427109444
0.013010623922485188,-0.933457653137447,-0.373407680398104,0.6430769902850914,0.40589536961831363
-0.039526290971172086,-1.1895508869422082,-0.14079579014954108,0.6625411395239451,0.37736729293988136
-0.06382433489516871,-1.2074698364917178,-0.12462746880939961,0.7617885688677289,0.3477599137320915
-0.08324136114189039,-1.1840438455341857,-0.17597877778046522,1.087217800618954,0.2624834888999464
-0.09593507507267203,-1.1513550063131759,-0.2327918772144389,1.3583814265389262,0.20201609632765385
-0.10610291248910503,-1.0151958780954942,-0.3147191810383854,1.2273094985208104,0.22953606810439442
-0.10464622606304755,-0.7772111875900102,-0.5166547068110876,1.3285013208175787,0.22521905729854577
-0.1568304443368345,-1.0347989226522967,-0.29602365430154615,1.4157342785853466,0.02405973578078028
-0.17215753229291236,-1.142144125454168,-0.20407917240715404,1.4160093089564518,0.015653024072067413
-0.14923218210601902,-1.0644951522655492,-0.2823791129824206,1.4502706176328106,0.01645911515726599
-0.13837886862985901,-1.0646846125743852,-0.287674579164011,1.4531204662966795,0.026140916663077916
-0.07308206009853561,-0.9467494393436835,-0.42174551208043676,1.5096800356772735,0.04829482545128057
0.047707061905172043,-0.8884296862770263,-0.5160760535114927,1.5492362905456405,0.10141194289435775
0.1880635807693342,-1.010700522830853,-0.441586037280402,1.5536094647139593,0.3284753881900196
0.356270404367315,-1.1366206310253146,-0.2926262432624411,1.560850443466978,0.4100151449162687
0.5727186423671884,-1.0500916819851878,-0.32783176815867043,1.6661366007024145,0.5095692787299475
0.7728560957395415,-0.8437483149126304,-0.5244179952771677,1.7984711880784037,0.5952345816709937
0.852023332631642,-1.3300985045850446,-0.15276951800574365,1.607613500321174,0.6776950553894123
0.9031002224075279,-1.5403517822933581,0.03934519730323371,1.52341978277858,0.7424289866405144
1.186791631262106,-1.5425576924694857,0.3297714771431666,1.6711079959313553,0.8934439213254433
1.3226408950633908,-1.6095388590631026,0.04439018946663806,1.4262786888835242,1.0128770788150596
1.4172191177949178,-1.5294005068468886,0.2104494191273005,1.3908694264668042,1.0771522719838376
1.7468669047757381,-1.036584106749552,-0.10288688933595354,1.6405905072887268,1.3154395806428587
1.5361412008080222,-1.4261344646001093,-0.17975639097960952,1.2572051955552057,1.196218855324044
1.7207331537377466,-1.4893640129546564,0.5229916154261585,1.3801702275037684,1.3243797364388727
1.9190433426344398,-1.4160967001627602,0.38390701031333324,1.276533810827139,1.4977675890232216
1.79556464125433,-1.5432717678097825,0.024126086102410155,0.9862770905157967,1.4415796370196985
1.6817202449389885,-1.6976190070344817,0.12595373573070232,0.7956612282717666,1.3841950274094155
1.7148053300703459,-1.3821518988679395,-0.062141174596902035,0.8853092382604117,1.3861322818192614
1.6900553897614212,-1.1595474665258236,-0.5186858689446793,0.8346215886071515,1.3753232333207364
1.5563382404081672,-1.3414563800876325,-0.4217119472250305,0.6903172995947546,1.3090661172317895
1.4950888884372382,-1.5943686897998108,-0.19210428444438082,0.5313033553977606,1.295565958645751
1.4559641850566611,-1.4560715350056028,-0.3756411546920899,0.5483613913749035,1.2729034959254972
1.3851439213653052,-1.781064611339698,-0.12806070901358033,0.4310566258365331,1.2384686274714565
1.3355348790524244,-1.7310484071823908,-0.22049846818266283,0.423241844149153,1.1885182158498806
1.2694848789427031,-1.621132445852537,-0.38646538026329574,0.5235717868749118,1.1098088615156534
1.1016706638230285,-1.4815578066684814,-0.5135721805614255,0.6648111569208156,0.9708207844796987
0.8094714886338216,-1.6312474348619073,-0.305132510568712,0.7446174895871827,0.7539795437998649
0.6202194353206028,-1.494765707262517,-0.35128133269424855,1.033769143917588,0.5684491294373629
0.4901647096227997,-1.3358095888416779,-0.4424573528880632,1.3495790435811421,0.4392499269664408
0.3627000404258769,-1.3768116305789513,-0.3378899696091722,1.3802641537855262,0.38013179943975406
0.2656247483758354,-1.333872402876285,-0.31300739770102787,1.389326581007463,0.3401035671460717
0.2213423791110025,-1.4092043556255738,-0.22363576127517576,1.3570097742217624,0.34006182069683755
0.2850674387018377,-1.3868908859947955,-0.2822066122672898,1.3712098664578452,0.3749840338027671
0.2359295200388453,-1.4424462085066103,-0.2046861074776778,1.3446217260570996,0.35807602109737724
0.15265001825004892,-1.2282480246135292,-0.3309048634972508,1.4297679218225838,0.30783157399251576
0.10242531963305251,-1.2002219702757038,-0.32434160649051896,1.4384692815161095,0.27949344217665495
0.15084718712912062,-1.1674145630817994,-0.3837176590437176,1.4555858302803713,0.29950939662400294
0.26773659875096384,-1.373757033686614,-0.2793403237961485,1.383748699805771,0.374860650919486
0.2778123982513763,-1.2563615119197096,-0.3865698824250546,1.4282141043684247,0.38872546927304247
0.22939057149822042,-1.099723454169368,-0.48863977045977397,1.4899270869492836,0.3497437202021946
0.2709818103656454,-1.166639984729943,-0.4566438362380114,1.4712289224100528,0.3764899680203123
0.30289687136356735,-1.3811381335380926,-0.2966599625564004,1.3870590991745066,0.412888369462341
0.3450007361005083,-1.3661343198544094,-0.335691642564171,1.3957650748266301,0.4401542017918857
0.3704661323473761,-1.2441470807333708,-0.4554820573685061,1.4466344818325994,0.449492142929064
0.33010267356395073,-1.5090533385726586,-0.20802276438174244,1.3373091700346231,0.4586099340354923
0.32930145334869676,-1.3942492827745774,-0.30501041539808027,1.3826861560042318,0.44482270578138056
0.338077611079822,-1.3656303868037258,-0.33340787077206147,1.3977606360991637,0.44494701606921233
0.3152207572340256,-1.3389863325849944,-0.3419275532445186,1.4072817237565531,0.44381254878124365
0.31366057635594374,-1.2454059707956067,-0.41812888147345423,1.4448759586676816,0.43450043451985604
0.30993775622447445,-1.4077315126484962,-0.2113000515287104,1.401123680742867,0.4417909119775302
0.4173705881500309,-1.3866845947234832,-0.11425445783822999,1.4777655471240512,0.4965690000254263
0.5096917320251109,-1.31869660773636,-0.18648490920585595,1.5239997339549796,0.5586505081048118
0.6065529542534048,-1.3884888043913803,0.008010186795631065,1.563498696752056,0.6162806719018764
0.819196416346753,-1.4550636161611894,0.38739980362161464,1.695866918379399,0.7466608671026544
1.0496553155316304,-1.3376777253083063,0.3325463232743972,1.8175478678503827,0.87322290865426
1.2978882588326717,-1.3575120459133676,0.6891753621183914,1.984914380767984,0.995338001555033
1.6250646435311737,-1.2377448992339382,1.090532107324433,2.2714306575669685,1.1940129370047257
2.1155679898382815,-1.019333787257536,1.6143768892075798,2.63947487707777,1.7153585974317078
2.5605810314576285,-1.0390199579324293,1.7222089398026674,2.1826843973321894,2.1552553294892505
2.821761579861336,-0.8559565865958766,1.741614303770231,1.4243911419753337,2.4897774800248125
2.972356085473124,-0.3683314791012229,1.4224765993118635,1.463517621798904,2.5170153042848686
3.0903128308489594,-0.39850739020168857,1.580661368272767,1.2603476463571401,2.652368982977321
3.2074521528173476,-0.6556131638833589,1.8445538042641614,1.027390406306496,2.669009216848864
3.343649151989805,-0.7198818904137272,1.7267285605845062,0.8329324377001981,2.748866946582041
3.1702905280930826,-0.8604871522561406,1.234354228835874,0.3067940781309046,2.6245658303101167
3.3636953437660537,-1.186917690457594,1.4943528161579993,0.03770472656490433,2.7675608027364023
3.193754825132274,-1.1821388256152998,0.5977400977258203,-0.4617976594255424,2.6780723893547687
2.7523355310246287,-1.013892070947426,-0.072737915743835,-0.758674807473952,2.3921930425491236
2.988599088072171,-1.0597474378835945,0.43894564687450044,-0.6652745283791522,2.4797685060137398
3.018514593818459,-1.2972098099844824,0.287246790113716,-0.8695100891020415,2.4760432818256084
2.4743136462925355,-0.902878086343379,-0.2986324634887876,-0.8919470711688746,2.2027662977999642
1.8253882322242714,-0.6377282147754275,-0.6835437574047191,-0.8564556075588696,1.8064685558811417
1.441320901423633,-0.6147632829655004,-0.9365316865702062,-0.9992439577388772,1.6017616056752702
1.1491725793212113,-0.6211400267630731,-0.9758979659029526,-0.9729071916704659,1.3818538847267423
0.8504185763145514,-1.003099840283576,-0.5956234101502135,-0.8748720900867832,1.1516189642415435
0.6111994275150205,-1.325963274989087,-0.23460496742893466,-0.6535291196010271,0.9690323585730489
0.46002581524329456,-1.2538117062892282,-0.2453613082874069,-0.36784804236222834,0.8277260447780771
0.33247493051688404,-1.1819517469469822,-0.2600484115385931,-0.10966869778688158,0.7082781914783073
0.22749134135075014,-1.2619731919318773,-0.14473225627079767,-0.06023117777707623,0.6545991276837854
0.13732277989830147,-1.1611706570188574,-0.18410957164954966,0.0402770736883381,0.5958357071010834
0.08788030405509374,-1.1283213050087073,-0.17603785265527022,-0.001071660931324986,0.5770168911095088
0.0205565743224671,-1.1592178600139718,-0.11520898592817462,0.05762585166867513,0.5472863335077974
-0.018005830043697702,-1.0802974697193468,-0.15031168421808128,0.02664755074041126,0.5366937252607167
-0.04933069933715414,-0.8951248563126442,-0.2817341761733077,0.06316558886738871,0.5261989923839492
-0.11301020591245559,-1.070094990026712,-0.11781945032094858,0.12786046967512185,0.47265929341166485
-0.1413785566396486,-1.118976313346792,-0.07171820797322068,0.2147871579692334,0.4552978786327814
-0.16147317829436636,-1.0596940061320956,-0.11250382073647981,0.26235423745224384,0.43309610212319466
-0.1921196745066211,-0.9888140590870703,-0.1700088018430557,0.4166240698940044,0.39939242900043853
-0.1889869671972983,-0.9772493328026144,-0.20229716386774202,0.5666302988886308,0.35254705984312085
-0.21539433457805393,-0.9928855184115993,-0.2086159872518578,0.8001709241816011,0.30369376150717237
-0.23371287004815694,-0.8690862379476514,-0.29854601666541697,0.8192588741751509,0.29749468514806593
-0.25756202502934855,-0.9077465271316711,-0.23605042709469437,0.7040717234127898,0.30954694783106196
-0.28047509871416726,-0.9662886158461453,-0.1977145703081276,0.8620065080499903,0.26336521886421066
-0.2954471570020608,-1.0159912497848078,-0.14887397686373008,0.871574515124218,0.24717849817336354
-0.32825933492614656,-1.0741835145891112,-0.08753586202619437,0.8949147583693592,0.24207500974925505
-0.3288638716860625,-0.9330566950427377,-0.2388743132892845,1.1952133253775774,0.16946103827439063
-0.34408545437478294,-0.9954903835724412,-0.19225848458486192,1.2756866285988016,0.14360122699756717
-0.32561058119580605,-0.8387843135262362,-0.2726128027252359,1.2838713267234596,0.1593876447199783
-0.2937225713254586,-1.055641593482353,0.14793283733516363,0.9266208907088329,0.25759963483474557
-0.1364259414251462,-0.9024771613826097,0.5239703882471757,1.3003073376167047,0.21813785541876435
0.059947758546038975,-0.9617536354943291,0.774889320265824,0.9192634275430106,0.45414029844701637
0.2851209514630353,-0.9545269327534639,1.2409996310464209,0.9501802190134875,0.6815370948001835
1.091394442154338,-1.1135216693431689,1.4071612947492091,0.8343634318802521,1.5386240503113282
1.392186527952621,-0.9905898701709694,1.575429808358557,0.6755411843361798,1.71932184511311
1.6259587815718313,-0.8064565776177615,1.6930417778578324,0.5363902761305512,1.8461059604148746
2.4688743111583333,-1.0301430851278566,1.720320813675397,0.31351982218149105,2.5741734505400378
2.868728868946366,-0.9072835770361936,1.6939416828871094,0.051854227098793164,2.881217737756276
3.091804743725054,-0.8113995396184026,1.699689435718792,-0.06814649231834773,3.037186857252684
3.1717062533034928,-0.6797819985951917,1.6587075411743273,-0.0749972635871497,3.022773500070216
3.1449386544302658,-0.6999733895234314,1.7510492845454917,-0.15554962406311118,3.0240780913541854
3.159871887279656,-0.7339422352523087,1.6294205843733394,-0.22425509632673843,2.9333225085833408
3.209628651693246,-0.6161548015629951,1.5062241690413318,-0.26149009726416567,2.9098333772811946
3.2886708833858456,-0.623464061045998,1.3012017239697926,-0.4532860970667362,2.9362348845227997
3.4105972428858773,-0.7686291271893114,1.1145203644905248,-0.6441154235623974,2.979725059965137
3.5273296867659987,-0.9862953190702964,0.922895326080033,-0.8071400208499381,2.973040434800674
3.4487906916813786,-1.0953266232905494,0.704149958356589,-0.9651360686828155,2.8966165324727347
3.2837230716719445,-0.9512462428485166,0.2729170316450459,-1.0742291117477736,2.7911496234709334
3.159591294252433,-1.007652382029831,-0.05848885122128256,-1.192261153047856,2.639822122252759
2.5606501421022054,-0.9178417711143333,-0.2878561879757568,-1.3850883216825916,2.3657477923524413
1.864395104031749,-0.9181928801916852,-0.4080203998207117,-1.566561884744547,1.9835627941809992
1.525233272077949,-0.8477336678831543,-0.6374217295759631,-1.582543858679518,1.7674309678757194
1.4577636044737645,-0.5183538067761393,-1.2211284679994245,-1.0535670268510717,1.6026469751547958
1.2356597476213342,-1.036928725870174,-0.8010259102407907,-0.7793418670910399,1.3803553782753981
1.2996165725909072,-0.20131760781082328,-1.5506723904166375,-0.34583913597307087,1.3403090184102386
1.3465729826727553,0.42466879153439163,-2.243584898041415,0.8268065908775691,1.077085854875312
1.1916062442348896,-0.3107152745654305,-1.6358683401166645,1.1986471677936104,0.8865344618256404
1.0906963108072025,-0.6327594336944301,-1.3740448645859835,1.5101378615482852,0.7391170312929045
1.0553312683060554,-0.8444959709689386,-1.1781462914136558,1.4375706030903463,0.7220152471848165
0.9455570663827242,-1.2257012742076616,-0.8128095602734666,1.408181853351482,0.6585950769627898
0.9370816175833554,-1.108854033881724,-0.9081666779116079,1.467092069022257,0.632486285107342
1.0100653565284177,-0.56138947816454,-1.3802142263385173,1.4853136639111986,0.6836007302958821
0.9329097298914752,-1.099566195239578,-0.9004805844903269,1.3755978342761312,0.659711364608112
0.8936530948945887,-0.9518095067557457,-1.022450125103843,1.5920450672627813,0.5962433607754573
0.8870317991940313,-0.46569320411052234,-1.4221609257982781,1.7674283950186955,0.5490911686479669
0.7018865605385628,-1.1161685202398959,-0.7657798501084967,1.505335956237243,0.4984614828823459
0.6128821847518129,-0.9028318414071662,-0.8730222079359504,1.4775215192789002,0.48516739471013426
0.4719497078722833,-1.026707822411985,-0.7001494046887712,1.5229217655994889,0.4155299057622359
0.3838453898505678,-1.2258153306762138,-0.4803735724473668,1.4532315923228112,0.3962213530584485
0.3990198919301737,-1.2834078579939519,-0.4409168359589431,1.426935293979246,0.44234132870578063
0.4165286773112765,-1.4740602666223113,-0.2917774052568108,1.3537897526032163,0.47589354279899354
0.4430600271467714,-1.3074105826378775,-0.4490380361659738,1.422858328972507,0.4799929658299439
0.42070310239694836,-0.8845940483088348,-0.7884468939825479,1.5950042745886133,0.4437302968686749
0.3715735246874759,-0.9162913892474636,-0.7333350291733021,1.5763626099002417,0.3992839504316359
0.36666650971415643,-1.387913516967227,-0.3341763443878792,1.3828633879903487,0.43030315697714067
0.5529306375034345,-1.1294275875082926,-0.6643983316100605,1.503664810374167,0.4864849041875098
0.7036542060348514,-0.8235934063556746,-0.9628206762532695,1.6567935061070302,0.5368544151176639
0.8430458896475557,-0.6496409114199473,-1.0879458591628544,1.7725496125557538,0.6033474883032153
0.9482607020134062,-1.0442592252953815,-0.6709536719917654,1.6649970283880668,0.6924610855361218
1.0888938751837507,-1.0918604204730435,-0.5089703462933629,1.7233637123908025,0.7829886908682362
1.242698107932205,-0.7203041552630628,-0.8255624835563266,1.909368005829184,0.852432987444851
1.3094941801598645,-1.1460874145479676,-0.3482194680724549,1.690819667691765,0.9788739495215774
1.3522505436658379,-0.8780349422401542,-0.7655477398547189,1.697937621596972,1.0220123341900655
1.3883234701888154,-1.2397057930191708,-0.14321851848924566,1.58738729889586,1.0656230691762603
1.6002322752601845,-1.1958956125932148,-0.06439461337108238,1.546766429227372,1.2475888193140297
1.5930979600547632,-1.1959590063102303,-0.3145315176726551,1.5078539395765942,1.2309964047605924
1.661952962863545,-1.2331183178471947,-0.0992182166954218,1.2530735739764705,1.3180343394746745
1.8072414842918656,-1.430613227445028,0.2410023109202103,1.1782930414970174,1.4468786741287096
1.8921063759490053,-1.2534622538511564,-0.06187898177648976,0.925879027163974,1.578042441516739
1.9104420011709211,-0.8962479127268593,-0.36970167476935345,1.139667204313163,1.5274282498518186
1.956084614774501,-0.4445155116398169,-0.7638045427737643,1.2008355136617637,1.5760085329724416
1.994539811304628,-0.43401551512768904,-0.6034112577876959,1.1328920517713112,1.6197447059914933
2.2832496092394523,-0.11155399308519592,-0.6102924696059107,1.4168869500591785,1.7981313067881617
2.122582610740827,-0.017009049717135655,-1.133944222342374,1.5132756068962965,1.6508062144989064
1.9609713060913259,-0.4865772921058418,-0.789138029898864,1.2879096391539584,1.5566596102614032
1.8834990214736227,-0.5549740580078144,-0.772276940269913,1.2384184180268354,1.4834296130693991
1.717362115735622,-0.4723839652639604,-0.967398503354628,1.1682766749324214,1.3871694525316278
1.6756783431058138,-0.42441739663430994,-1.1394427913066674,1.0019672187925037,1.3979710629303321
1.5294292772644562,-0.698563391086865,-1.0926177715564371,0.8037526267687239,1.3500819579645182
1.3093818295927535,-0.8772063776776476,-1.1039096878744632,0.7209346726203948,1.223166533359096
1.1526654984383289,-1.0599383031172243,-0.923933629807832,0.643357414527742,1.1217619764609823
1.0340116687098615,-0.9673911845507434,-0.9569947540855479,0.74982299491483,1.0258774229882213
0.8602330252231265,-0.8654947357575492,-0.9585817330711767,0.9079325163832944,0.8781075935014749
0.620367149503625,-0.9150525935405988,-0.8072815138789602,1.0823391552384194,0.6808874246044466
0.46741406614230924,-0.5427099470602039,-1.0408754744273232,1.3113373256193088,0.5515000899382749
0.2847352403828233,-0.8269301183536664,-0.7244059548868761,1.3973737147519767,0.43404698970336686
0.11323161562578184,-1.312326534549128,-0.23762128418063114,1.3826866116423442,0.36698699032734367
0.03805030115063731,-1.2153766441004001,-0.2731161696536633,1.4215615411212272,0.3281910384960265
-0.029844880057979452,-1.0809619460877897,-0.3425185224976635,1.4736349327498113,0.2970927497273963
-0.09208838848172621,-1.1782540051853043,-0.22187114412761436,1.4333063363649647,0.28039080264097904
-0.09699223532291754,-1.2328203201810892,-0.17364776007574026,1.4121582263812154,0.29426384128030303
-0.04192909944223163,-1.05013216992791,-0.36021980929665365,1.491977719465646,0.32927604347033923
-0.04772420959661936,-1.2275465566421166,-0.20977878877739317,1.420011515393633,0.34286303377154287
-0.03897194100297372,-1.3949665285981454,-0.075304968146457,1.3521230356910474,0.3696930150405078
-0.004177796081758366,-1.1580629057154905,-0.29532840995120757,1.4539835276591035,0.3678972569387468
-0.014497938310720866,-1.1749259806078876,-0.2730000117754377,1.4514728620880226,0.3776742184553857
-0.022654477158975988,-1.178715113269499,-0.2652536059950384,1.4499307717973968,0.38128553140453797
-0.04511971286977305,-1.3239309246190516,-0.13192168386933142,1.3865049206524418,0.38337589181367243
-0.016221161484290397,-1.2026969316473872,-0.2526611285356803,1.4379965744387342,0.39135611894897704
-0.011507295875318006,-1.350380973798353,-0.12924971593779194,1.3844329277002685,0.4089811415934111
0.0015338945579716815,-1.3931503244687593,-0.10250813110364321,1.3660354973464446,0.4204351851779092
0.0014607286680548344,-1.4440072292440589,-0.05877468144869519,1.3474324450776844,0.43450734714608263
0.008109800123980727,-1.4060906925259677,-0.09533673765443787,1.364684564429395,0.43759752555222475
0.04887655621547486,-1.1601156097511405,-0.32617356564578204,1.465107942979373,0.4357044579841898
0.05289993379151981,-1.3177828534645921,-0.16245653430694923,1.411283495540373,0.44978931143593437
0.12809539500562833,-1.2858932022224983,-0.10374379546544973,1.4740546547199838,0.4930329386082359
0.26389551646721526,-1.2695406756193381,0.03777930333726796,1.5675286591335145,0.5751509610071638
0.41370643779755295,-1.3343658776421699,0.24634307856246362,1.6312874030059081,0.6781630177259738
0.6162421975754038,-1.2888741398337715,0.5186358194405846,1.8021404191046109,0.7939783073196559
0.8658678243341759,-1.1674494241563151,0.5852943465652155,1.9719968771730323,0.930462824610605
1.1241341397403752,-0.8602208699467045,1.080350564776847,2.407040414946112,1.0603237221698119
1.3809846432951116,-0.8149967141762345,1.4760837568065135,2.5961506910043104,1.2671517965270531
1.6510718322115088,-0.7815031011886802,0.14601584892697927,2.2469413102717533,1.4809480835160949
1.9916801034075053,-0.869622893777213,1.335598716005352,2.397952972462873,1.6852688526109179
2.2963567311036983,-0.6465240750643099,1.3723342961189202,1.5805508917811348,2.094932705407515
2.739633206004863,-0.31054145578201553,1.4081197466980522,1.1588285093749622,2.543553459251694
2.907062306216447,-0.03462916338394491,1.1802383554961307,0.9677422133099804,2.7154985804214578
3.0370935421514935,0.09485913226972574,0.9096290944473971,0.6956889277642305,2.750390107719781
3.1365933876619723,0.5098603917503307,0.47096768152299073,0.7225265763206826,2.7528549295880804
3.143562720638914,0.24226480125284375,0.5062756941662466,0.6069205724751118,2.7197315958278643
3.314259623097227,0.46555357719260665,-0.015990854851044303,0.47711512354150964,2.7702864115543298
3.398800880808084,0.1155035592001677,-0.046908973660916974,0.007583610486657056,2.8025095196755707
3.405656291287732,0.4808493007892332,-0.689149676360186,-0.08953710264076116,2.7867570382913645
3.036374726363946,0.20892867065316353,-0.6170471058434498,-0.3439563571438627,2.6354336842471016
3.026032630297449,0.17853475876429173,-1.036395143086171,-0.4054985438307142,2.509457780346654
2.5315190559605716,0.23534260974563334,-1.4584133179394387,-0.5310285699359082,2.264577239459988
1.911649547802495,-0.15946334719416022,-1.1663932980397078,-0.8401233076346172,1.9626390657370099
1.5958359671907054,-0.22639321081498437,-1.3606952965035306,-0.9464494698686529,1.8167573008327655
1.228972169394926,-0.6026032276723993,-1.0355930865106542,-1.0337106024953444,1.611376763967495
0.9924530143846177,-0.1344549321086134,-1.3734046463531935,-0.6844651635215175,1.3470434481313083
0.7849227770582924,-0.29939356020217023,-1.1505240580817098,-0.5340085632210858,1.177664128875274
0.6688864853548248,-0.33512605540831764,-1.0707383193940225,-0.38713539217548754,1.078537009892635
0.5587364236955668,-0.04015653466729337,-1.2609993561124233,-0.2414119294925627,0.9910227178981024
0.39998788903431126,-0.43539452370498555,-0.8309805669988487,-0.4427064527302705,0.9380311622958594
0.3183028593379693,-0.3186837597428704,-0.8921071492545644,-0.3508502927321908,0.8597963396890954
0.18388742549332907,-0.8010625756996327,-0.4388006137202715,-0.35178898229651595,0.7854042532559495
0.18479871427527297,-0.5805765841454905,-0.6580096923105623,-0.02210556822416699,0.7146677795698515
0.10121983805211444,-0.8463505618853621,-0.3981588314346216,-0.047196324173088645,0.6830764773324537
0.012209278516876228,-0.9877622169876602,-0.22961303480688755,-0.070150555485742,0.6302613663612747
-0.03436127750790427,-0.9582821223567732,-0.23766846359426427,0.026090347153329085,0.5898119587845323
-0.07216501745944197,-0.8509689875646335,-0.30811333009432906,0.1392773233858553,0.5523441379033874
-0.10812794008766272,-0.8811643266399565,-0.2850921549208144,0.26979493751949035,0.5109483721481858
-0.17036316674504967,-1.075486422323483,-0.09176392417436517,0.23883953018988385,0.49625894959502737
-0.21494060016047273,-1.1374991134851493,-0.06073105898589299,0.5521025893667453,0.39820397253216544
-0.24655529242496033,-1.1316488889428105,-0.05858291942362885,0.6396288616408277,0.3723644452834587
-0.2488362622870625,-0.9537013602154564,-0.20061990237703684,0.6556270927260973,0.370455912381194
-0.2765510037096336,-0.952369896906129,-0.19815209891566232,0.7507897059830704,0.3425399222651675
-0.30067943118128276,-0.962145889890924,-0.16706327999720705,0.6966790556180028,0.34197735186310163
-0.33941602943521954,-1.154147013271634,-0.003372930702848864,0.7659509373795281,0.3094549441047497
-0.3541210027506529,-1.1621273670541292,0.020071780863522307,0.6946049004234873,0.3119602698710972
-0.34453939749699386,-1.0574388154604428,-0.08253218363777329,0.8315291456584368,0.2858826423360076
-0.36696566420425814,-1.0530689864844311,-0.06000874980547677,0.7465032259316454,0.30460782460504704
-0.34985635027982703,-1.1986501293371195,0.08172785043235047,0.8611943778289495,0.2882741453727819
-0.1983008737224462,-0.968733472110321,0.09658758640721281,0.7283572325946496,0.4020978921452586
-0.0836097157504686,-1.1142814264620262,0.5998043049982162,0.5044536577890877,0.4901476601018862
0.07129124798606756,-0.9892341234895558,0.7979455201656853,0.41123340479819576,0.6206638129603994
0.376475760003085,-1.0055844889467107,1.2459962986959985,0.2452904668445162,0.9689346211214175
1.1538543379817596,-1.1797690398408403,1.3303127846776552,-0.044844085623495,1.7470732267377365
1.3458128091802517,-1.1406586149155247,1.5081911870314715,-0.28749802131895114,1.862402717633679
1.8420966418127822,-0.3854913696447402,1.2394206190593717,-0.057814590929900635,2.1987754162664674
2.7093112182249324,-0.1407504540262019,0.899015615841931,-0.20633983939093758,2.9315162355898896
3.1122075969700926,0.1529070059070375,0.6896377954076218,-0.28638651929712333,3.1725037107362324
3.4184824960467686,0.5768765539539997,0.3348782961853295,-0.22261765599938982,3.309460317291693
3.482358109216292,0.22510240112658542,0.7099196181300812,-0.4718724724039868,3.3381909006490846
3.4846304997037802,0.2446296908011187,0.37311759742479694,-0.6913681074233792,3.3142099642021394
3.5139350301025645,0.5094774410880993,0.15465504407349145,-0.647588572158527,3.1866675275498935
3.77635396133379,0.5885045976432736,0.3702126707963059,-0.5190800963801766,3.2889955915974705
3.889084413638279,0.38048201042254043,0.28682382502194015,-0.7121112432513238,3.3825360199338266
3.9563503976811534,0.6634123437779262,-0.43188090236967397,-0.7900182086606811,3.325765852574069
3.7589469187095785,0.2742247062750153,-0.6743218272010637,-1.168033782289043,3.153496136749293
3.816781745935645,0.40789749929584224,-0.9000950970449536,-1.0839185915612284,3.108637130204656
3.4602540873008953,0.6770787799931349,-1.4414718372158786,-1.2085489836187513,2.946180211220779
3.1930362780665145,0.6336416155978273,-1.8738482318902454,-1.3143088809778827,2.7038136492876204
2.7635751750153847,0.7354629453454525,-2.217657686080235,-1.4108861769167962,2.512505937548352
2.390275741195581,0.624903185056122,-2.1931384784052184,-1.5693371819367812,2.3376656272075564
2.15606221817938,0.33216122090364036,-1.982416763633812,-1.7392979060563751,2.2382367215884678
2.0276662279942443,1.2004604479071388,-2.872155012767544,-1.3712736487374149,2.0688812345951226
1.881481018005669,1.2666401336257838,-2.895568177044193,-1.2260753981132653,1.9373218496442985
1.7519145603791595,0.7572591405033524,-2.40934047977366,-1.331770003122172,1.889735928398271
1.6506697627795959,0.5906691480741496,-2.2267188409603604,-1.2941105143747402,1.8187691780046724
1.587231955817259,0.28208850694482374,-1.9478161202852755,-1.3018471510832352,1.7799308984617608
1.5198649531081054,0.1696309115126803,-1.8269404413633092,-1.2573653818876391,1.743614235237794
1.4049807815719904,0.017936724302082204,-1.6570010939938429,-1.1654041883168622,1.645295136066033
1.3286118846562425,-0.17408324548450038,-1.474718684082348,-1.0710966597511253,1.575568590000537
1.2861955135157557,0.15664782099327335,-1.75365900709411,-0.7486778637477515,1.4888024606231947
1.1390267159924712,-0.21551446238783128,-1.3894897470282679,-0.6634392099220304,1.3753027330202927
1.09574634795682,0.23812579554502544,-1.7895663968554474,-0.17606405738060138,1.2305320700651203
0.9381795766901334,-0.3981902950721828,-1.2071685468257458,-0.17491332966907816,1.119444600949205
0.8754410188776405,-0.05965291783401197,-1.484497016301858,0.18524707505745097,0.9963561160750094
0.759306470909457,-0.04841529756141907,-1.455158861887081,0.36173690468257447,0.8854086596866969
0.6749118972392961,0.013527827480722773,-1.4791052915262948,0.5515429703674016,0.7872186830486257
0.6508996588725628,-0.0031655532388111837,-1.4836414658237465,0.7284700346380334,0.7104168376312555
0.6322324121029663,-0.008414660528305872,-1.4851976201107047,0.8509731160893416,0.6644399559644965
0.5862827108835015,-0.33842868570505874,-1.2027775694201088,0.8368706088712974,0.6274651138200966
0.6675884901840633,-0.5539259298747675,-1.0803217830434044,0.7825088942876735,0.6832103271623928
0.7527420869674721,0.05132648456771052,-1.6437693111964529,1.0611370460538503,0.6665236413519862
0.9466426573908163,0.07601936837053697,-1.787489319036887,1.1439711245598638,0.7660156687845813
1.0288089922135595,-0.4104598487022399,-1.4419711035099603,1.0425795859534395,0.8372434344482462
0.837749651928684,-1.092379023525395,-0.7676639772139584,0.8184447449137735,0.7600977923166431
0.7427737531963831,-1.2316442130064365,-0.5893391119431025,0.7039400283919467,0.7205488048627554
0.8027456228170093,-0.8833282793373293,-0.8237460548520372,0.20517795751921938,0.9070878250169593
0.831710669576673,-0.8486596511525216,-0.8508872214478328,0.07789179235862803,0.9441023815378059
1.0184285867121463,0.5606561463076949,-2.206950038009099,1.1433099885706508,0.8561726019201684
0.8666312612655456,-0.8951341172776155,-0.9059828276298352,1.3661096803141812,0.7075154959365565
0.8513525686685355,-1.2966522210367213,-0.5474531924058855,1.3477017527480475,0.7012499612441047
0.9428330384374428,-0.5864630934587091,-1.1630899962246959,1.72020304687944,0.6702798289374035
0.9541637811748702,-0.8835317004680355,-0.8192071876298331,1.4851025278599819,0.7379216192856436
1.0260421848388848,-0.9704920925121676,-0.6284316200091338,1.5297517677576977,0.7786111844988512
1.1900192767924538,-1.2374922222474827,-0.07724824313101486,1.5637644893222993,0.8927393289729434
1.4286038025445142,-0.6589659008162747,-0.39294264440611326,1.9356096998853647,1.0313583982526675
1.4644401234817692,0.20041080480408524,-1.4450505280496457,1.7336508678636358,1.1398308586394401
1.3316677657216014,0.5191063874269982,-1.896658563868341,1.3070078387827613,1.1492605548876824
1.6249066291433192,0.5313151235288102,-0.053527139045921164,1.5275534847334775,1.4797740197273537
2.432002829269316,0.8124142071810928,0.9909159003344635,1.4954060736386328,2.26516500039909
2.6038979444185215,0.7159187374910191,0.3403684386093718,0.9650316972354316,2.4348305954418397
1.9535945761614302,0.296339520233164,-1.3587181649843327,-0.05402804209332976,2.0376049991788907
2.0152667077618682,0.809381817197204,-0.8472600726155286,0.3803017865767697,1.9800563938812297
2.118291823010845,1.5871329761328743,-2.1611544309816515,0.5695546777853564,2.0153159466387547
1.7503487708812218,1.2646683222704345,-1.9187033717112882,0.35021357851072615,1.8065278456045792
1.6540732513891578,1.3762851702373466,-2.201827639010691,0.3661480365950923,1.7113048521964127
1.8292734018815993,2.54251261747983,-2.8933702822450895,1.029317432815782,1.6467474618161895
1.5064527994043302,1.4090047049582426,-2.603934658436392,0.7847980909001209,1.480752013143788
1.1238232680515345,0.6469523690962392,-1.9627530653410785,0.5453462953909953,1.2728011470315435
1.1539484855654907,1.6097145955006005,-2.9061118643006996,0.9246486983369467,1.2053519338083727
1.0276605835808652,1.548375659655859,-2.963424080138644,1.2148535655399988,1.0424239143451601
0.937382893716017,1.140743353505104,-2.5898068976914503,1.0911082342175433,1.003537540275935
0.8705883199918152,0.8009941494804366,-2.2892308950642355,1.1177319988465104,0.9475064648562912
0.8297020580233001,0.6492018783889193,-2.154345092616316,1.1596603275192179,0.9064612706563274
0.8351055312092149,0.8350703613551027,-2.312269788374104,1.2332974491986868,0.9021852213184401
0.7762027287312894,0.6954886100596092,-2.213112457739146,1.5119331186930816,0.7867323245583799
0.7207262016013611,0.5834841894798134,-2.14794338294571,1.8644781557369836,0.6490157349258168
0.6747224999809786,0.4131747166597989,-2.0080224672363793,1.9905399670433979,0.5788583675060744
0.6760348005913438,0.5445662252984024,-2.1402315867954314,2.1802464245644533,0.52967828781725
0.6491116860484192,0.42323139156986633,-1.9938788640799594,1.940390354435592,0.5784927572078686
0.6541208461039459,0.5416198934258236,-2.0563063653223645,1.734647382623835,0.6463248086379365
0.6697328170093444,0.6887440917854473,-2.1778618070236093,1.7272463550184958,0.6660625218876052
0.6417345302630956,0.4300713404979845,-1.9320336594886631,1.5446224272125189,0.6983755834747309
0.5894327662078651,0.01103247626210935,-1.5347964661380882,1.2719288559293531,0.7328725121438049
0.567054974112742,-0.08214785485376043,-1.440743359155761,1.216096255901107,0.7326456180216729
0.5903630598249893,0.1720185891838016,-1.6700688498336391,1.3438779393872287,0.7241097588867803
0.6165787356352432,0.4402720006553949,-1.8965324321012542,1.3667079183764044,0.751426308813613
0.6413657808484354,0.6568956065159329,-2.084624791982889,1.4056337256592668,0.7651105015931292
0.6053247118977844,0.351002083748709,-1.8055929377229392,1.2648706901805367,0.7775674539719086
0.5899216654980992,0.20693180788275645,-1.6718640618973482,1.1870386644727469,0.7863387363466324
0.6092833229874571,0.43890813549447033,-1.8778666326343858,1.2779295765641736,0.7805049260783794
0.5658606377482116,0.1534411144668804,-1.6072818931360924,1.12596626260944,0.7897664077011242
0.4912984033956189,0.28667224377353456,-1.6626541673393564,1.103995825260962,0.7719711401822884
0.2696931751107514,0.6820861065197256,-1.858896016586498,1.2415029762333616,0.621288215687195
0.13389592029498226,0.7840025023208516,-1.845603112804108,1.3190185247035433,0.505482820622884
0.09232501281304806,0.8314716815302763,-1.7275750541304444,1.3887869362959757,0.4653802502918869
0.09526713703117327,-0.03192632933113231,-0.6255904474657872,1.0788980330857265,0.5483939199808467
0.3339988110002935,0.5060684022723968,-0.9060515151841043,1.0248322133075192,0.777512061333844
0.458695506992981,-0.06836294418183207,-0.18065095007955484,0.7510356440701036,0.9955319541041107
0.8800675580533249,-0.2122181861268641,0.13510841486376296,0.6969037566905767,1.3983517556376368
1.1563688875417655,0.21842776631388358,0.4498052499585522,0.7620859799824389,1.5874259021632147
1.5383949811036195,0.7574823242793801,0.3953900343591082,0.801159835248721,1.9416692463139675
2.215893159097275,1.003813822161687,0.24252812515752606,0.9668331562746276,2.526791806218177
2.2388480067273733,0.6618858290826353,-0.06657318212152813,0.4570191781358948,2.578209427440576
2.2700984825088186,1.339102499773202,0.006706935237495471,0.7614017084852457,2.528003000457643
2.514313067767252,1.342393499006594,0.25525367444632735,0.6158380715786855,2.7673348184101743
2.460108078076331,1.0693883700321678,0.6382045501887025,0.38052403812419444,2.796990682013812
2.4577318058823296,0.9222253408595665,0.6449229594033785,0.21017556717067923,2.6981167634379615
2.5567538128377287,1.4778091329121499,0.10060336174457862,0.2721318476443446,2.708313045990391
2.640790530640049,0.9834703522739601,0.30927948682930767,-0.11019026562703076,2.791355980896764
2.777211334992477,0.5620163977760889,0.3312387670123212,-0.3004131267981672,2.7972436289897322
2.8468805562865094,0.43572776430322013,0.052455416890739626,-0.3676946690356902,2.7227709519153964
2.756044994560111,0.23504617574179693,-0.07497764998765649,-0.6253088540075207,2.6646774793989336
2.394564939139266,0.7669564812650242,-0.6983377450103447,-0.5085134610900395,2.4804316880973274
2.337947837175562,0.6336287973141834,-1.0352702004748309,-0.8289514256833858,2.355125546259804
1.9651750134884018,0.41649256068451734,-1.1394881573333826,-1.1570626057731277,2.229607287418043
1.3590074239182786,0.7142330688841309,-1.6636161530403966,-1.2800022251591956,1.9462330449432792
1.0012723866469875,0.1846904676382123,-1.3459587706330216,-1.4342930425973948,1.7510573761551922
0.8121652742769069,0.7229418164018263,-1.8008995422822902,-1.225613933154143,1.6296700640611212
0.5157305480389449,0.3924712561476803,-1.3835046394068002,-1.356073304276895,1.4846434501157453
0.29897878582812754,0.3597574328855094,-1.2515513603711796,-1.2698714388817092,1.3029077526046007
0.12713958509585047,0.2213936120351722,-1.0588893378487048,-1.2065548554687298,1.195459705681333
-0.05170037498577811,-0.2873010970765148,-0.5550911843556878,-1.2275152361683839,1.092009365673941
-0.21307710079742995,-0.5982269512483793,-0.211633133289793,-1.2900437602601587,0.8612815026463752
-0.3263038735046674,-0.7486922740644076,-0.03929412743654763,-1.2026926773317248,0.763022638194806
-0.3624408129066447,-0.3820695562585171,-0.35067292156621194,-0.8878701976048471,0.6785460878676124
-0.3325489606021695,-0.20840391409336473,-0.5126288135864903,-0.8229492762086945,0.6848510204606144
-0.35924064212773493,-0.6521015341661278,-0.14174936196044405,-0.873606970539469,0.6906834899269244
-0.36226903267375926,-0.8097812512317999,-0.05920009459368869,-0.5875063319498877,0.6397328003915186
-0.3430652862316002,-0.9803744608561382,0.06409715194547429,-0.5961919423016406,0.6531408110882676
-0.35290858846472134,-0.941047978486195,0.021876133506163787,-0.4836356023368316,0.6191207307026222
-0.44164401092854755,-0.9391604082698964,0.057518368402126915,-0.3677784017595422,0.5408842224812069
-0.5273310567785308,-0.816225561775865,-0.020630149524976035,-0.15353896179605,0.43302924673752496
-0.6148082077378634,-1.0404683878731902,0.2058961438993907,-0.1717966319438962,0.3798923893586391
-0.592081540221101,-0.9314221875633927,0.07593703451956496,0.06603244073301057,0.34001864049263975
-0.5619923457388725,-1.016126344188754,0.11435351318984352,0.11864792399435166,0.3522634755002027
-0.6166149638782564,-0.8484580593338161,-0.0067016721629173685,0.2918950546819997,0.2916435567802936
-0.6786946196699899,-0.6568536473505588,-0.14247187226339356,0.4639455203712082,0.22135965191242635
-0.7754718119415173,-0.9033396091753139,0.08890918986495581,0.5908428171502716,0.14970431741199877
-0.7947689476995039,-0.9413928820953043,0.12062770417092125,0.6574816359571254,0.12057671128949166
-0.7594029609870193,-0.8305367210363355,0.014621281322261894,0.6611218961206665,0.1548651295249714
-0.6884241069876135,-0.9983294066055798,0.10754940174333845,0.6344903001768546,0.1978883537621429
-0.6117072245287876,-0.9528947040160411,0.06450279665349384,0.5510991235096906,0.2805197335844671
-0.5366066176370214,-1.081460646071713,0.2664449891114517,0.5113670372188301,0.3267603246452495
-0.3043758132887459,-0.9418625678708207,0.33721113248872875,0.6556476252638482,0.4475875763941028
-0.09124507648131922,-1.0274845954441982,0.37269693347295685,0.7676205361951882,0.5864202183815417
0.09918241317343408,-0.7021592078678147,1.1287126380523727,1.1034690303499968,0.8646087376992788
0.5902279041981634,-0.7499955557395329,1.5240134651142163,0.8157893951147462,1.3727813181695303
0.8446606850108149,-0.23832172796620887,1.189417077483768,0.35721678719359984,1.6513246611653825
1.3148567442984012,0.9657078282156367,0.37485408469733483,0.24732413491733324,2.0446175893188796
1.993286084411525,0.9950488744620486,0.22470091287365118,0.274711238669735,2.677745736988602
2.2422322430965957,0.713650541759364,0.7004166313758305,0.23938153107930388,2.866530947268461
2.326054437266785,0.7301019084032738,0.6144087381484784,0.24390184847837879,2.852445760668721
2.3684227744397397,0.607647701056876,0.6877586645602128,0.22342875625308153,2.8374249358814354
2.383823978432869,0.8449452503197161,0.7388046209755363,0.2296365318704469,2.901879091098597
2.418687272901584,0.9332446355824173,0.68494106984069,0.14554285825661314,2.8157519878848416
2.4663280000421746,0.8899766599262345,0.6815560927272635,0.06846742006547682,2.823217099487832
2.48617024253086,0.6422387869584139,0.5200146040209078,-0.09563270077143046,2.8115643684629825
2.3656657068382474,0.989456335921292,-0.2980081625213743,-0.1366996740218718,2.6156978073144
2.674402896171016,0.6084058090714708,0.1709304387153185,-0.16754850788840747,2.7129201466685076
2.6191196738552556,0.042621793968923426,0.1390891419047093,-0.6318635922979504,2.7179184044052045
2.175017395985043,0.7486813384687436,-0.6179543589734914,-0.5494518274786567,2.4834756875319184
2.1643269987915854,0.4272759132105319,-0.7757445691557232,-0.8801341558507383,2.4088624246383454
1.8232040468074209,-0.06836757818831861,-0.6849296877641643,-1.213848558339474,2.2813970521612212
1.0893519173011614,-0.07458933160414609,-0.9019815086278486,-1.4249165189252162,1.9397295373991124
0.7156960226645845,-0.37342474469555553,-0.7303558714365279,-1.614390981108985,1.7396904992587294
0.3963843866671856,-0.5621985899258705,-0.49705661214374,-1.6443166451437472,1.5797812917673417
0.07890411158062588,-0.7372044778256769,-0.2078017312466209,-1.626689566186204,1.3699994471026098
-0.10880677449643156,-0.5073131437845811,-0.30545566157238885,-1.4374949762137328,1.2192519083901794
-0.2790788063728576,-0.5686696382589698,-0.16501399151936455,-1.4115840170479192,0.9643262315191435
-0.43426264627529937,-0.7910641867106724,0.07802787718258855,-1.2841272133450645,0.8471322201622353
-0.4959837451320115,-0.8190837819296557,0.10579881237387273,-1.0602154983708605,0.7704945949973517
-0.5497047692386604,-0.7225795910391405,0.055463694176706775,-1.0090842541591067,0.7318243372759347
-0.5906517040851961,-0.7034786550125114,0.05209262133961894,-0.9415970673529852,0.6863250453817331
-0.6514967770937363,-0.7759621896924224,0.1276372236338114,-0.83887060494086,0.6330820209643878
-0.6850068909057146,-0.6238801230375721,-0.0019553427917568806,-0.6234009489120816,0.5646545039775682
-0.7359820953707308,-0.6984133849053975,0.078683870382213,-0.6009871984485914,0.5330184314521107
-0.7737167755464384,-0.6524304558353506,0.06130254213574989,-0.5720304532275097,0.5032018862676261
-0.8197662417625652,-0.7339164676618737,0.14340239182315062,-0.5242922433296344,0.46625114611835045
-0.8286669763224711,-0.6560687582362037,0.051902784385605194,-0.25689642181432565,0.40705988907237317
-0.8407369817340499,-0.6103405703831732,0.013789477764644597,-0.18076878809765135,0.3851922657337548
-0.8469460735352288,-0.393736078343888,-0.1632737475500873,-0.10513993359080365,0.3745463065304448
-0.9053614507934556,-0.6354803670365907,0.07570632490594636,-0.24123040046224783,0.36682004519597344
-0.9143993506273546,-0.6510423293090982,0.08216127043150111,-0.1702992746530726,0.3463927109016781
-0.9316336591818918,-0.6634075380039542,0.08970998507866804,-0.0478542337901142,0.32531861303470033
-0.9473225520851251,-0.799049170531007,0.20643393523804193,-0.04283169440958501,0.31195060621616383
-0.944329330179922,-0.6973947213088446,0.10628740512626518,0.07477228635058188,0.28720177730680346
-0.9343059202426582,-0.7598962473322507,0.15517412848338163,0.021856918094914028,0.301364166675469
-0.9382161562733363,-0.6381449626183018,0.06379662496986022,0.041895501944814784,0.31487804713487344
-0.9431523234613393,-0.6639654123964,0.06557705124853841,0.19415363194548477,0.27588356699204053
-0.9306700600946963,-0.5633272788488964,0.011421125898117708,0.16268164182395073,0.28875963715239406
-0.7529770904460922,-0.3573753719891437,-0.10831362059298873,0.039308660732965996,0.4226656149275977
-0.5879510667077169,-0.6634209100278146,0.5802925790337973,0.12106699275377589,0.4804471240575453
-0.2522873942114159,-0.3529655971428782,0.7763223841829431,0.19834531906927244,0.8249937752479738
0.2004227975565341,-0.2674731333494259,0.9833275155023906,0.02129449540183585,1.2401389421952727
0.6676395846937957,-0.5109080841537221,0.9572326420050482,-0.2730611108994906,1.7164298372826876
0.9511228991927574,-0.504845150579659,1.3244958633453028,-0.5176663129616641,1.962317931626814
1.4267815413506855,-0.12898365309845566,1.2359359006564483,-0.5060718920438624,2.3209302580541418
2.2648546505630684,0.28131760398809946,0.735811173988532,-0.5066132807092235,3.0121618543188915
2.5773139041967945,0.07867668347926972,1.0213981309096491,-0.6246818450565674,3.209218319612869
2.7468152404275443,0.05001335376670826,1.0018568150601512,-0.6754448930743969,3.2537561370657153
2.7413410131422213,0.40387240420833304,0.05681859327880136,-0.7682115302583626,3.067641072860841
2.933257100807503,0.8065590116895344,0.5581172055854985,-0.3343668068089451,3.1851105529869264
3.0232877621288914,1.1205523585728867,-0.8539060890021746,-0.5235609459240286,3.028578323112717
2.5501345514202134,1.209966349213715,-2.006317644195304,-0.8521254929274953,2.6710498969236416
2.4323939109884263,0.9040688802874177,-1.2638717228494476,-0.8014495395764574,2.5726035256080375
2.3510612391297796,0.6818384988053471,-1.5107508561577252,-1.0201058484267476,2.5479702152404045
2.171605116719521,-0.027859676840293075,-0.8214444254577609,-1.3059410289231186,2.439598067045296
2.395414818424178,0.4908601006741344,-1.1924872408165617,-1.005383200323982,2.464451077716936
2.3153280145332773,0.8829147785946162,-2.2974292439474073,-1.0489310919290715,2.407481203012096
1.9480240303372167,0.41297911742720483,-1.9051009342812055,-1.2253031028223413,2.2179922081857133
1.7138320422863993,-0.240013899672697,-1.3656053164935738,-1.4439606290257936,2.1006613142574615
1.4553680332549057,-0.06916345499109575,-1.6116346825724173,-1.0666804500216582,1.8667946644387947
1.174500262348369,-0.36726395187786043,-1.4176689920532104,0.02551365132537304,1.3188420238821505
1.0237023403445342,-0.7772754102190518,-1.1183908037156,0.7722300606445399,0.9965817515274821
0.9845421615171926,-0.4813875513027587,-1.3890476616813123,1.1849400861934054,0.8759233582826962
1.043315877521269,0.1246613973435695,-1.9118665891434534,1.2873225432638697,0.8785540284906208
0.9999522658287582,0.34916759884391824,-2.0960577630935457,1.5580371044274857,0.8053075162242239
0.9288638591408622,0.39588328391901323,-2.0965163519538628,1.6062905512199026,0.7449577248336172
0.9168096789291914,0.8049614765627071,-2.3470749395074457,1.1638550303725672,0.8772834408902255
0.6518193817504192,-0.4139228975889739,-1.1554412245259897,0.6172466693302855,0.9127353023984214
0.4295145076117851,-0.7599222296315393,-0.7298856192028228,0.434553405433398,0.833941017491186
0.31319700831036024,-0.5512646626429116,-0.8040144507040334,0.3065509765758585,0.825274216255855
0.24690674134386492,-0.570525549271624,-0.7331169880697254,0.23392937415481788,0.8335375372763467
0.18989512646023812,-0.9981625789454447,-0.32686036323298034,-0.0008099786272407735,0.8730122779428886
0.32246817920353704,-0.6970168889675,-0.6462215537093303,0.0677087830537495,0.9680271922357867
0.43069880504154684,0.12020142449679981,-1.3767913277320338,0.2957402322221374,1.0206406239376833
0.20590784288394934,-0.5828102865820388,-0.6946024655366814,0.2951387734018008,0.8987177032851592
0.2421402948214851,0.19724012525206905,-1.3798007804186652,0.6242832474856979,0.7985423493197121
0.22248020536242405,0.7158966864826408,-1.8040399757702401,0.8370170701930039,0.7581727709719316
0.13656902600121945,1.017364056477305,-2.014761495560083,1.007294575776805,0.684674088597609
0.13225596071731016,1.2825421967502135,-2.2418778884219908,1.1657220529593173,0.6441841565693197
0.10852703418005476,1.255649907163442,-2.1997524354133504,1.1488853151132954,0.6611478518269444
0.14714412168402421,1.6813438644904037,-2.5797899118582204,1.349928188088976,0.6574735252069054
-0.0036315047652371057,0.5694227522669905,-1.5688161848832354,0.9634943506322502,0.655177617424326
-0.14200234113506188,-0.2743637664872845,-0.7966974464121493,0.7282441769348935,0.6270163350252786
-0.07723916091896649,-0.13332645610074045,-0.9656747882928987,0.877475607998801,0.630275455905214
-0.04839480289098929,-0.01637640062774587,-1.082543120936889,0.953530576368439,0.6544207701167554
0.058706362633039556,0.31765602633704526,-1.404085433642506,1.0416596730311638,0.7015567966290784
0.13892858842224146,0.40458355279937297,-1.4116275656957833,1.085348469021,0.7653259035984546
0.3300502442639461,0.9965033695206228,-1.6646113202365076,1.411123084888022,0.8544425090495564
0.44707993268675655,1.3678172914224347,-1.946201200050588,1.5260279725724184,0.9597942363249672
0.5199313110280324,1.2396050533881744,-1.860417332755427,1.4201241047686723,1.0486671361582578
0.5423861570505206,1.3035447355875531,-1.9614053918981353,1.3621997315088867,1.07702953265538
0.5456846608827103,0.8439498027407862,-1.4284719700595472,1.0807279582048535,1.1462612763802904
0.7434188546799082,0.9687231141560301,-1.2463836520624945,1.0533404748141237,1.3056040503332582
0.9538991259356447,1.448309362844254,-1.3737541284893267,1.0863535472958026,1.4770670660935432
1.0956814772865124,1.0272858318156337,-0.9538382513000625,0.8465557775876059,1.6557530990963913
1.0643444322615616,1.0640155061917762,-1.31851396149253,0.5719651576365429,1.6637055913955785
1.1629125276751104,1.3112675231924487,-1.3198846526708237,0.541382410658636,1.743118147090095
1.2475210535275179,1.0320564643638095,-1.0923067978222474,0.2712387921281247,1.8727369394750732
1.3561661205287745,1.4298602506415066,-1.1426553871000065,0.3189585189765981,1.93923330339628
1.7727987257006257,1.4173583435856019,0.07034180764262962,0.6379698546127337,2.2735333913265205
1.9214828574445892,1.6718344541233168,-0.8529835221916887,0.3726876854339674,2.406844422364526
2.019211152557226,1.8660207734903655,-0.627145377794272,0.5322994533753856,2.3597740996661423
2.2973897181891125,1.295057676044991,-0.31535741429029757,0.17872075327041742,2.54651957827086
1.800118527143179,0.8479807230673161,-1.033053861719446,-0.47857681617300596,2.3285022756013465
1.4051791618771983,0.9522672129625193,-1.366208716699469,-0.7519030697848967,2.1556723151884896
1.2192998312827554,0.8537823652845289,-1.0973060241293469,-0.9180894675919622,2.027583797679509
1.3782005857355086,0.7104834401859143,-1.1361289030858681,-1.1323066033812437,2.15438786872972
0.9086094719720619,0.7579503319896006,-1.3463665724069251,-1.3294496367241169,1.9660167884613844
0.5352931179848449,0.35422668688794634,-1.1692802042748538,-1.6123880353907567,1.7949130880846589
0.20098335492301536,-0.07833963087835269,-0.7398322818617982,-1.7786040879580651,1.6408441408898748
0.02518748843353953,-0.28702499670526765,-0.48821216212336416,-1.8074275367866546,1.530889341828086
-0.048589157129965206,-0.1806366419535427,-0.5403550167589385,-1.71139410328701,1.4730239214504928
-0.1507814063536662,-0.017543559687750857,-0.6257117451382634,-1.5860031386173143,1.4067921252176452
-0.3459312069420234,-0.40015275819949103,-0.20460031179977411,-1.6650173969069304,1.1520541069090757
-0.38112485167877597,-0.3913262638771814,-0.19658971974159878,-1.630268243410737,1.1128034403904008
-0.3603918277345667,-0.31529522334701593,-0.27474672181008636,-1.5737548916539768,1.132148829669494
-0.2845231539017208,-0.058591669344622815,-0.5520363869752402,-1.3612552833685252,1.101207051948991
-0.18677175939222157,0.2561139548833068,-0.9027181809398267,-1.0252065704993902,1.0909930955872138
-0.25975475832146533,0.05621821190356301,-0.7083465019213759,-1.003281478113119,1.0424295591019426
-0.2920062631520775,-0.06564029512180788,-0.596813857259345,-0.9827132048268533,1.0191340680565406
-0.37810505202740136,0.07912188032857251,-0.6756687012998798,-0.8736869530922936,0.9524823919306974
-0.509657460366904,-0.13234093994201646,-0.4379745395948626,-0.8543086455168025,0.8606042153581122
-0.5475617321442484,-0.04928345262166308,-0.5031396184680799,-0.7130098511877624,0.7971229619984685
-0.5015790142369417,0.03424532506120322,-0.6010738612700283,-0.6495061601411555,0.8063227445192863
-0.569283099159953,-0.5567989863474129,-0.069619235070626,-0.8636466741398061,0.8246202373559286
-0.6326375760831392,-0.5530330007011276,-0.044683708258189986,-0.8108910336645451,0.7748057037494634
-0.7109300351938697,-0.5709475423650388,0.0027804679405199276,-0.7495365338419596,0.7058191523186956
-0.8213383999791684,-0.625190258899343,0.1025611380240847,-0.7015310359357886,0.6264941532118987
-0.8685900717101657,-0.20688164168555184,-0.23584919651166042,-0.4416707937982909,0.5484165781076054
-0.9253832827204274,-0.30726110160698705,-0.11626204918913306,-0.49536383166571857,0.5293111694231395
-0.9503367675859111,-0.3154682252102644,-0.10428083699791858,-0.42821424919525475,0.5064297471280322
-1.0130748345193048,-0.4462524412361118,0.03759903379034983,-0.48207010565285113,0.4786875620928136
-1.0638939439774588,-0.41128002700654287,0.03372004126542043,-0.44524089585335924,0.4329194519391449
-0.9838189374070724,-0.32527723530005687,-0.06998076957986855,-0.38191471698157625,0.48136999174198997
-1.0018629614525234,-0.3070696902684978,0.0263312410588281,-0.3619813190458284,0.4684499952992316
-0.8394059717900166,-0.40055552545035944,0.37169348050069856,-0.35360925170796487,0.5862554294350155
-0.3571947400703726,0.0658926783905948,0.1950277518803731,-0.16972483146382153,1.0680660651371867
0.052105208330985586,0.6186368951107157,0.09006800461403028,0.029658202616984986,1.3784297219068014
0.6731915936803162,1.037260846514121,-0.35750973787599033,0.011000994794204771,1.908446164420982
0.8429267314728699,1.731778644350312,-0.38592692277460283,0.2682101127175144,1.981417357200582
1.0283086610892256,1.194022377207112,0.3659588865817159,0.10394307283901369,2.1915506796005917
1.5820809889676866,1.4705821380418944,0.16265169596759602,0.3092497557630288,2.6817504579912845
1.6587293988207972,0.6759244133973304,1.0483606513342743,-0.06400255810168555,2.7954190081256596
1.79688985852424,1.3889492366993155,0.38298967790006594,0.11588135551631937,2.808265093990207
1.8766178144050139,2.0029103120708394,-0.04562571762876458,0.27332438574968304,2.7860647032551373
1.842994672764695,1.1024928371524543,0.4809406248978744,-0.31350036395987063,2.9005916868790433
1.829911867088314,1.3405703944118006,0.5431002372734878,-0.1983444529702228,2.7358854239786807
1.5597816622330227,1.9236102352036528,-1.6751665319386444,-0.6039066413019479,2.491358520829019
1.4586994232451544,0.9990931860492872,-0.02122719564157112,-0.6590653598564574,2.381814248588244
1.349054733293135,0.5620063975049625,-0.502684064052364,-1.0759233833426154,2.3771427416095507
1.685336468727977,0.21292612483415796,0.28990323459135026,-0.8959486087132714,2.5002392026616045
1.720032569337096,0.42838096177548707,0.3787315898237212,-0.654045737491144,2.4290776625668693
1.7495713028864452,0.5363980243766274,0.017424525222597513,-0.5993771628372787,2.4620422648011955
1.5110458119180632,0.7763586396594061,-0.8099882951728183,-0.7204691951369822,2.19454364502629
1.0917066659240415,0.3713758269300075,-0.8403365002665555,-1.0224042076349202,2.016560768728458
0.5423866555389715,0.42406930089574335,-1.064147230471757,-0.8162395440071515,1.6558956209690252
0.2994591010993609,-0.15724975944604092,-0.7673015843356277,-0.800468792558628,1.4942420648637138
-0.09036555752429608,-0.3989884924852642,-0.4692234540708789,-0.8331357240812478,1.0977033458382661
-0.38070722331975804,-0.4271461284214545,-0.30559500036551446,-0.7403314440965167,0.8807774814464674
-0.5055487709828184,-0.21677914922122105,-0.4019667150280398,-0.6921904430785496,0.7994557187929761
-0.5727200620164665,-0.21542942161306147,-0.3718360738045284,-0.6543521871259617,0.7440673363745022
-0.3062140796154044,0.13325451922100096,-0.9476027839830998,0.3149283988170672,0.6118846815383101
-0.24356281166083776,-0.31688480010887116,-0.6814233640905857,0.6288893091686223,0.5748070421986824
-0.42605871203139817,-0.013456643759709591,-0.8527037320047589,0.9270961801745231,0.39945530495429005
-0.565245278586487,-0.044714154455257636,-0.7431212264303605,0.8969828930707738,0.3140293477265144
-0.654904870547952,0.01988380115303833,-0.7420801506290872,0.895301538011063,0.25394642237232207
-0.7374757166552508,-0.019853031977337673,-0.6626554239418389,0.8891421030191273,0.21151488464546864
-0.8009003287796171,0.043490381445912815,-0.6704100652203944,0.8493239695483706,0.18567333199916436
-0.8488875784225873,0.09477192323582145,-0.6758127411477605,0.8058660726341186,0.18786566636786248
-0.9171204375217455,2.941114094246284e-06,-0.5742742603812895,0.9100711881767161,0.11390756575241796
-0.9809623968811202,-0.5978463142330971,-0.04131350984381398,0.7072162193678664,0.13521886644736647
-0.8663202098609576,-0.5194391578640848,-0.1792523324861904,0.771939127209933,0.20725973905974032
-0.8619297796078622,-0.552039848510383,-0.15013089270427887,0.7355893406397666,0.21945140910452962
-0.9728480264908457,-0.5104894320474987,-0.1230855431807024,0.8093924291841654,0.1362069040544302
-1.067986487444942,-0.5448644658586492,-0.05503163156040766,0.8881310069881398,0.05698894230585222
-0.8990636970533923,-0.0411180527591166,-0.5580483782089588,0.9397108836473694,0.1578078796651521
-0.8990182169942377,0.2640879964100119,-0.7686818760158183,0.7786982084984531,0.21918793017326352
-0.8475253799611616,0.29344571169703876,-0.7884295882115545,0.5780151563885652,0.2771354025965928
-0.7441025466024505,0.42710050329780563,-0.9279077322482806,0.4134844304221347,0.4119063212708928
-0.7026272899992648,-0.09323944566547535,-0.5094235709379916,0.17441363987356545,0.5107230823937176
-0.6286593903103281,0.04429811196646423,-0.6528375873864153,0.1527466724294584,0.6008502855652975
-0.5165351720249759,0.3457894311936754,-0.9326211833409213,0.0834390125759305,0.6951414472712232
-0.4492414739584223,0.47477742654798405,-0.9602731355957387,0.08659613368721825,0.7476971943086823
-0.3932604286492225,0.49329072398617624,-0.8590649880616816,0.053096254858760544,0.7928056215196945
-0.24584385036096065,0.5286468288631497,-0.3046425300807345,0.12460366860888666,0.9378950380338767
0.04926703772931739,0.3137946102379763,0.3476215322882446,0.1430712238923858,1.4263222108116036
0.6567724531585529,1.2906579363783022,-0.4809429803926928,0.5207617433441462,1.6530945069035026
0.6611657499866195,1.381399394388293,-0.47436313581847966,0.37426847865568674,1.6711229020737286
0.8486732400365332,1.6644873087539542,-0.5610902437376791,0.47423110087808745,1.7606293366633492
0.8120299866056,0.9072669709871813,-0.8438177230652697,-0.17263305940184434,1.7961128151238226
0.6974487577393489,0.8111943316870717,-0.7258613548501498,-0.1582291067677418,1.6464902665995638
0.6348166848365024,0.874972484424613,-0.8400431247639683,-0.1116044945761331,1.5803630648987539
0.7040754481910831,0.5478645173152271,-0.2782400612416,-0.14684788789857287,1.6367462454156505
0.8990029693148438,1.2791173132759655,-0.7362358526752532,0.10747665322539209,1.7402720184520881
0.843005897095716,0.8758348837988059,-0.7579694679620382,-0.08067997840475422,1.7182921012145922
0.919957217061957,0.8845361820749361,-0.19958173802960888,0.1787023457082303,1.7056629876253833
1.1449083130764428,0.9638307104100046,-0.4448751902578728,0.036506393778111886,1.903782301506574
0.9113084784202853,0.8720194137518579,-0.7105688567737249,-0.24319385165389817,1.764280031094107
0.9135811538176638,0.5812421922367625,-0.33507151342665553,-0.41679982085215544,1.9360532413123086
1.1268652971942987,1.3362122646290475,-0.7306263384925804,-0.07805826601409609,1.9584539952986737
1.0680251506980338,1.0479896906450983,-1.2358593249559031,-0.4803231983342717,2.0192069636454577
0.8469117290139144,1.0989917603356503,-1.2852893148572644,-0.5762768568502689,1.8825294154051921
0.5629832820867384,0.7410116006747585,-1.3799033340478664,-0.8801651887280827,1.6122911480274174
0.33573939073241754,0.5420387284151668,-1.2495231945547023,-0.8995423915216357,1.4418308666853183
0.17054994806696155,0.25060228770964044,-1.0090080927560718,-1.0328048534486403,1.3566256792198483
0.09893457992561093,0.7699559643866991,-1.4917645591019113,-0.8348832792538825,1.2510723767427503
-0.06937521612532153,1.1235732934673321,-1.6948947918779256,-0.6065578796909322,1.2721573702646831
0.04859565869777993,0.851073055658314,-1.5749150054309728,-0.5723474862074095,1.1475524405847188
-0.0007524066214069238,0.5190395580696343,-1.278287065778737,-0.6271889302982531,1.130798746322284
-0.0008579245407565746,0.6916429758344212,-1.4514573851755195,-0.36983611624135115,1.0652286403162956
-0.05885677990083587,0.535252856186148,-1.312808599897281,-0.2697867518462437,0.9904093420592869
-0.1004291018438253,0.17133454070367138,-1.0085855027550725,-0.24759880434592754,0.946348111049933
-0.17603463332091823,0.10104540748166856,-0.9342810336967616,-0.08642130991160425,0.8521220980321258
-0.34745603795388813,-0.2853527528773006,-0.5237317772220231,-0.15101576537082534,0.7575158142963252
-0.3703113709802284,-0.18497336078441096,-0.6030682669584199,-0.06177335947515831,0.706881869438307
-0.2706002857659244,-0.19703218274008039,-0.6568131944082876,-0.030924547207417507,0.7679685528529916
-0.2052293254464194,0.09488295876151083,-0.95497581546298,0.18915731874898392,0.7648166962957971
-0.1984702187054518,0.267204143363695,-1.1086274975361532,0.2848743187469538,0.7326259638475486
-0.17040197428217976,0.03838595672299924,-0.9218102703866982,0.11961890484642043,0.7890445734004645
-0.12663504875747897,0.04607354326133175,-0.9368661260900631,0.017730084574995465,0.8523383317130816
-0.08582603545462436,0.20215412356276377,-1.0810275582846893,-0.004425785684535026,0.8874054157642869
-0.06345898960242409,0.2312737928737395,-1.1149828753954523,-0.01616249678596572,0.9086035898527975
-0.08408291760400705,0.16204700125520338,-1.0441839871736414,-0.04201701543183577,0.9017357264493433
-0.06634425402346897,0.35931765171283675,-1.2204221516255793,0.04241302046307966,0.8915813169779103
-0.062003525020768356,0.4351584672526012,-1.2879879536634076,0.08148924643017764,0.8855478462356758
-0.08651945463635104,0.22698976887300243,-1.1008991024034347,0.014525605838154623,0.88465756932515
-0.10049964492119064,0.004308975073520489,-0.9094783123776442,-0.061332857911884975,0.8935499725455295
-0.07520040889120444,0.19795128026330439,-1.0908679711087566,0.04663754546227454,0.8846031718839171
-0.07772208172901787,0.16714679664084722,-1.0681100461254482,0.06968555066787294,0.8746184379233963
-0.0734492117482539,0.18355248537121527,-1.0858836347911962,0.12760654178027978,0.8691577630602293
-0.06683201592707165,0.08372323655265346,-0.9708891345409257,0.15342879521851385,0.8650076337809638
0.022868352134962786,0.3412833891232344,-1.1391873954798422,0.350892394382679,0.884161539672422
0.08288863202891857,0.11891319732471994,-0.8829636639629107,0.3212963372877566,0.9361948230607167
0.2152250656488135,0.36840024336208094,-1.023719417152092,0.5222939225227572,0.9917983764510304
0.28492947387701995,0.326227827342523,-1.009594405828346,0.5178720137623771,1.0331627272772588
0.42185849351496896,0.4788847444201429,-0.9454047337515846,0.6651576739860566,1.0996069376431077
0.5405966721370522,0.3795302174557734,-0.8326550527539345,0.6495731423358925,1.200038724692846
0.6581509898301433,0.6315841504215494,-1.1311887547975963,0.7353871681337719,1.3921037466650248
0.7251991952030067,0.6537623228606251,-0.9292467616707445,0.760875246001643,1.450192486184287
0.9327914889994291,0.4372546488606095,-0.5066202850533646,0.7286995051007462,1.622101402740808
1.0414974739438214,0.39908597295414044,-0.5703510023440382,0.6298164314113583,1.704172836433884
1.0533010457056722,0.7376127151823004,-1.1142424423262387,0.6264774257091175,1.7002068144098623
0.9770606420294622,0.8914595006804009,-1.020812696863485,0.7211496996618212,1.6249635571561947
1.0831599989017848,0.6286882609506657,-0.5201153488809873,0.6573430836996861,1.7201185632309564
1.2927118480670996,0.5191060943331258,-0.4404498855164979,0.5575971222912417,1.8797546547613075
1.3474367648842072,0.513339968521006,-0.6022116948134426,0.44752648755733376,1.9008550340530097
1.4446182940001928,0.33358040493208735,-0.4109834134482009,0.3007935687187696,1.982483252206392
1.285563795011204,0.22156758742027896,-0.6919522785675806,-0.026033016765223828,1.9375958743508117
1.1957400100491533,-0.04069393462951096,-0.5753556522756001,-0.31403224556725917,1.9177430303530427
0.9652458680442226,-0.1782663169173881,-0.6518887685920228,-0.5475709008787079,1.7861425580137964
0.9790206455732657,-0.18650286117076229,-0.6793477014324142,-0.6381187334961892,1.8132395458954882
0.8214848911148306,-0.41756623501835605,-0.6973823231034477,-0.8483031059387942,1.7747672499293843
0.5899913563372078,-0.5190378331020371,-0.674946749419556,-0.9707918767929126,1.6312399659102494
0.3710683820818408,-0.5550549286336104,-0.608181112009098,-0.9765083335639364,1.5017588168061962
0.27981374451237745,-0.64927365260319,-0.4872409907407839,-0.987963593557114,1.4473101176978789
0.2042761740656722,-0.7158607205934808,-0.3888848659201505,-0.9883370167198345,1.4265142012254952
0.10014114769235859,-0.4067953157322824,-0.5968916723334283,-0.8097191277159447,1.320078832209829
-0.15718203465133537,-0.3987462390208782,-0.47139661625828616,-0.699830231762507,1.118687076256267
-0.34019860409700275,-0.309089016873347,-0.44961574662206544,-0.6194837201269225,0.8314737266887602
-0.4858049265895183,-0.4196298945316456,-0.28467577861455995,-0.5810916493464302,0.736690962372058
-0.5784829276780566,-0.6192018864444827,-0.07798828724004406,-0.5413306940910023,0.66616926794907
-0.6480063914166628,-0.6875417227895975,0.004518508115541728,-0.48721348448822893,0.6287135374823932
-0.7078515107769856,-0.708617840330678,0.047798679274068626,-0.4423189875232774,0.5776915435655854
-0.7255112122820817,-0.47797384623383493,-0.15839051542512977,-0.161170560966942,0.5101962247860579
-0.79509925474549,-0.6444598163101338,-0.023768013008222146,0.07677683428829328,0.4265574714930455
-0.8070416219342879,-0.6192129182545744,-0.019769507869807055,-0.048062312745384646,0.43967359469340545
-0.7839098527054652,-0.3727716590273959,-0.24833638085928159,0.10634322523845591,0.4394762754854413
-0.8215198578675099,-0.7194940672715874,0.028721973736770837,0.22113485722738907,0.38727459476524595
-0.7405396998152497,-0.6748167041290518,-0.05241183995370626,0.1694022871872029,0.4446942497754
-0.5925507272860643,-0.8518864412780865,0.007219888451385069,0.15469910769208833,0.5476106983941151
-0.4808814841233818,-0.7168375087038013,-0.1666224787391333,0.15060418330629577,0.61867227902486
-0.4449063757358629,-0.8628773002908761,-0.07028803436895405,0.1248250622956922,0.6458063724526563
-0.43020260073571814,-0.8972479829950311,-0.039559351537460465,0.04266040530026656,0.6788705832566552
-0.3671600868507591,-0.7364469386020385,-0.22182317838555654,0.16947961593408134,0.6896867062440675
-0.3642983614958866,-0.6581189246479502,-0.31021850727274036,0.3676727446767645,0.6594999522840835
-0.5285700661114042,-0.34759573483006095,-0.4928173874455357,0.636331019900453,0.49927475086316203
-0.7619917444919632,-0.6412064938028379,-0.11555863141952302,0.5581456248529728,0.35551275550056927
-0.8741249871807749,-0.6240000137145085,-0.05644775732378482,0.5761489318530051,0.29111090377316695
-0.9270507126832298,-0.7127607549664993,0.1509740603875343,0.40692766713836914,0.30839214580865154
-0.8178543052782878,-0.5016389256540349,0.42195083615152534,0.6316007843394229,0.3363746043859281
-0.5005002901643997,-0.34793707827691905,0.6711228783175687,0.9325489178559209,0.5566150575076106
-0.11627026351977199,-0.44014007421106766,1.0462312281286428,0.6979704534798833,1.1239953346107303
0.33505850993775554,-0.4565313570817117,0.8839771717522233,0.41069295222276914,1.4924739104890354
0.6534249551460356,-0.5727428267757702,1.4506304781059662,0.11129593759464605,1.8589569808150446
1.098589506087711,-0.31118963993321475,1.3757057301868871,-0.1429675412486349,2.252304021259046
1.7900296873864385,0.11745249335707629,0.9589773250909235,-0.1819723291860093,2.8516464249994087
2.0278095262383937,-0.014576455121259381,1.2004440919723813,-0.2770926856959352,3.032599592058738
2.149104655723868,0.19802629054196935,1.1533783996281726,-0.2775720654443911,3.0816803946661557
2.1605168017940883,0.050201094814653846,1.0890388550701795,-0.4990646632336315,3.0589222476997766
2.1599989355767515,-0.01668045849587127,1.0147495819607988,-0.6123248304210419,3.0326319842450027
2.0271132955001634,-0.35855012283718785,0.895591808489743,-0.9589233447918538,2.87413065354139
1.9296224919744578,-0.37733397839562044,0.5922749034360503,-1.0955974268297675,2.759625504059491
1.8561692976394215,-0.4301859194922086,0.48716890167228916,-1.1938247692718928,2.6958914176889035
1.807173832512861,0.023800270176968716,-0.2533138440475696,-1.092017558227181,2.5838820416881974
1.631088696510388,-0.16461152808611762,-0.4718417765970457,-1.3005422594306348,2.505544576833071
1.4107985376688996,-0.6928988392629659,-0.12852449603493712,-1.6432350961469462,2.419851643514435
1.355331878020884,-0.09704852106344232,-0.745807486464802,-1.414609639836305,2.32542101490595
1.2352463907726425,0.1284305235773331,-1.102217855617858,-1.376679214299008,2.2366193448284393
1.0859387082689875,0.05434406622844068,-1.1512606715283358,-1.4999727167236332,2.1482866862565975
1.0057891186052577,0.6128443206373633,-1.7604187619694958,-1.1190058076320342,1.9925451279355468
0.7842527864650918,-0.09746286413499104,-1.191691858787459,-0.9439183463072929,1.7789484351905398
0.5667334044999437,-0.6323203698031309,-0.6452526813202615,-1.149804667760359,1.6971330797154938
0.43292305393028563,-0.9440760373010932,-0.29922594690145743,-1.3128996953802052,1.6414699494097946
0.4378218979864378,-0.4927892574421747,-0.6846121406994893,-1.1004759839287026,1.5944521416350952
0.4262324369056466,-0.6118134405575971,-0.5798963432363827,-1.1396530436156411,1.5853108877747495
0.42794345188358485,-0.7418269650976643,-0.48750610684737117,-1.088055163393982,1.5676824941735443
0.36564452917008883,-0.8405344852497574,-0.3758828132285433,-1.0924467625595113,1.526858455783591
0.36538676164103623,-0.47851933376611805,-0.6952397332170779,-0.8488844887421111,1.3212164388959737
0.46536227802249835,0.26229315138224985,-1.4234902204159627,-0.2117495119217935,1.2116029945338844
0.4732440982953666,0.1413412940054562,-1.438156890898514,0.476754075680251,1.016653610562128
0.3843985331745511,-0.24446923251710156,-1.1797301031789706,1.0534477311595054,0.7841666705816861
0.33593720376947,-0.31158871551558376,-1.153273455330905,1.4220111848132504,0.649162044259819
0.3019637277667186,-0.23840434030158347,-1.2391714973900763,1.720859070557443,0.5526091384281359
0.24908289688937293,-0.0007662038917081872,-1.4193164401365628,1.9160607590387537,0.5030192023171906
0.193355134830434,0.029180058350564586,-1.4127327747803222,1.927633077422147,0.4638169889331989
0.15590157184781864,-0.16603993945058965,-1.2278570527615207,1.846358813238947,0.44563920821191305
0.1275483631724318,-0.39363039309654,-1.019553017420923,1.75096031705893,0.4469376137731147
0.10039427110706968,-0.6129360687318196,-0.8197183660748919,1.6599063869532964,0.44330336255334585
0.05230064882315533,-1.0299728143043034,-0.44007823357097287,1.4872953649656782,0.45044894959099546
0.06475180817209127,-0.9306910935419045,-0.5307884102760237,1.5611213394078525,0.5922825816992691
0.07436294867968828,-0.8282995624007672,-0.62211150578535,1.6054178491932976,0.5899094319644131
0.11380159578586123,-0.470476402933969,-0.9477910108714983,1.7534271202454026,0.578673263861097
0.13719015966347112,-0.2645128677422094,-1.1350820047932,1.8396683102394662,0.5733128169181206
0.11733331896844032,-0.43924380637161675,-0.9769982989612555,1.7636117119290395,0.5851015764165308
0.09280773201114124,-0.6575171884906483,-0.778840712392049,1.6727463116996932,0.5898895962016292
0.13313747493298708,-0.34559602096311187,-1.0599211761979455,1.79992178512824,0.5908733738613363
0.18079167130544613,-0.029115833354511306,-1.305132655839559,1.9267013265368143,0.6119366419259572
0.2138010877613145,0.09764981904203147,-1.3536147109242789,1.925605416434672,0.6563958469774779
0.2133727349838607,-0.004610266239146184,-1.2312835608005883,1.8004568516406632,0.6926848462661769
0.2732484388446247,0.22600150609474298,-1.3217136061495502,1.963759440263368,0.7147801270901022
0.3472661359181595,0.04844187396698208,-0.932954915562907,2.1156285664657393,0.747344795946536
0.4481478134029613,0.2829724693039336,-0.9884988601984105,2.3176514494474074,0.8096089237134051
0.596311467059151,0.5784173006738461,-0.9505815392115788,2.4995865886461064,0.9260678615817748
0.6193796238872813,0.6138865654730403,-1.079310964682627,2.2590323860267016,1.02561780970565
0.6494994586574231,0.6547018668572782,-1.052793486188969,2.2691843761745796,1.0372827055220664
0.6938324311652914,1.4878223123156615,-1.8398755559930842,2.3509632215041347,1.0595557859621523
0.6360549161711722,0.8776686368445061,-1.3465919690078056,2.1810563129346625,1.0549975491868613
0.7669997605037758,1.210645929095472,-1.4182276888947984,2.3047982409652716,1.1531849404338383
0.8930661922453652,0.769784632135602,-0.6726684167651842,2.1640703063960265,1.303377959855544
0.9634703425338841,0.8224966388622862,-0.8322064573103028,2.0999982934478885,1.389212016659294
0.9793568937967089,0.4574925310375936,-0.5285226162409273,1.796097555423546,1.489653034183284
0.960651101491793,-0.08659655433423849,0.053459703420171395,1.661309039926023,1.5025267354645366
0.8425601953577961,0.6455003222089113,-1.0832812480671756,1.4775896905493298,1.4543624663555716
0.8417023917646175,0.32158182357380133,-0.40765255851052584,1.4157595692133889,1.4144143687858355
0.9814870080466039,0.3409304444062386,-0.754305487929124,1.5655633431570788,1.4857364991031252
0.8099359654731695,0.8485804200878154,-1.1212810693404927,1.5295934091110166,1.3042477256897829
0.5931697295345252,-0.05581999084661634,-1.0044456719882215,0.88313856103017,1.3477654953204519
0.3331951952594245,0.20829967065662952,-1.3028354453744577,1.1064061436787986,1.1380300532781327
0.06795384041072079,-0.3025993958864913,-0.8052275642728848,0.8493269061955953,0.9950762668735786
-0.096541794434881,0.02967120294954071,-1.0859306514414515,1.0037256672578,0.8299661074837456
-0.2439867382499773,0.007777504160115,-0.9920249605897761,1.0571251638826493,0.7369996374702626
-0.32727678505882424,0.2852913979844831,-1.1686233569570248,1.1204983456347568,0.6783405099020211
-0.39346411293564365,-0.07366903598861897,-0.8277656523853727,0.9750114717416497,0.6859259030816158
-0.30493319417102593,-0.3029130852287165,-0.700706029572433,0.979046527776652,0.754320459392563
-0.40683241321828983,-0.17052134534540198,-0.7420862939536144,0.9635178529743599,0.6943703459893156
-0.5666414978830179,-0.5704086253151713,-0.3332704520902637,0.919557245772644,0.5878935196640932
-0.5381767794785167,-0.5272588215331284,-0.3943932867709397,0.9903718110573068,0.6111352031960805
-0.5470797343431845,-0.6680231123840435,-0.28106128439998807,1.0057115929041764,0.5928277031339254
-0.4902507851428287,-0.31867492001377606,-0.5946749666956529,1.0529649327522157,0.6294032172604269
-0.411083194287492,-0.004071228204435079,-0.8974962766829978,1.1218559497180571,0.659774986900783
-0.3113442246851199,-0.14651848820897256,-0.8077159937754802,0.9144819833923542,0.7969880541236882
-0.2639937795317159,-0.12351236780461797,-0.844552770886326,0.8424671150089097,0.8481579890689185
-0.39889992646823497,-0.380313975580375,-0.5641035389029233,0.8465012543104041,0.7563893232860062
-0.5475453306449106,0.044438784922398215,-0.8259665070138842,0.9534669165077111,0.6349608733857207
-0.6705038699227122,0.10158205792987958,-0.799692067699022,0.9499516711312793,0.5593442871984171
-0.755949273443116,0.20236903453085214,-0.8446710818964435,1.0591905217065665,0.4947326695133052
-0.8380753004649254,0.37730340289188374,-0.9405106207203702,1.12329419641111,0.45706233588617556
-0.8970104778692762,0.3150324724739128,-0.8437009212419686,1.0303969653278482,0.4444345331307232
-0.9312535399068578,-0.19799014332897444,-0.3791370070046544,0.7188420522337502,0.4778744655470144
-0.9696943041724541,-0.6174790649292348,-0.0033016104859716015,0.5723595554525425,0.5082367930293215
-0.986777142712991,-0.3844577597023391,-0.19929196301998398,0.7464398424052887,0.4782966208840733
-0.9030218879475591,-0.2232378599093092,-0.405333936223524,0.9529836336455373,0.49186114057700775
-0.7709420726275079,-0.0872971683179394,-0.6020374276792682,1.0231426274671582,0.5530737406593046
-0.7389234939007755,-0.5515864819934556,-0.21869229041929336,0.7966699393175389,0.6202252411390787
-0.7333783751954971,-0.6218482795649519,-0.0714181649705585,0.736365147200262,0.6418342642849518
-0.7068151995681614,-0.41482982348695246,0.22928554882278193,0.9478843473069003,0.5970036986794558
-0.4909744782931427,-0.3087734357134209,0.528565710185829,1.0650263770189228,0.7756177610596944
-0.07510260836920223,0.4076751374780607,0.2929279116860647,1.2452879859159898,1.0774969485413544
0.2687496676873745,0.7241093803332642,0.11810435712789186,1.2348429012463835,1.3517447163242853
0.36784729591054705,0.6866427999017387,-0.49925117348351966,0.9199483276323531,1.5484845641963068
0.6118398356482007,2.014573324499748,-2.0262340227596805,1.1168570478193593,1.437921486533082
0.5389392901807106,0.8831086394191515,-0.951792481371295,0.7763487614269916,1.4524481008282661
0.637722336155432,0.4460993250856278,-0.3709118675460447,0.7110682937032793,1.5538031171966982
0.8284782405730717,1.2794874207261528,-0.9935085495606958,0.9709479929200293,1.6394986096129747
0.9640413437871319,1.1645787170134179,-0.7946652618255924,0.9306112813688955,1.7479612760902725
0.761860110457292,0.5262972407252663,-0.6959642276621613,0.6089701017360245,1.6421103735016895
0.8190957232523494,0.2772157447503697,-0.12356825331261709,0.590975240070862,1.6760365928816214
0.9760010073831532,0.25643336802509953,0.02724940768615105,0.6003226657943753,1.9651148112451868
1.0387843194384692,0.6872137878472749,-0.33458541828854765,0.6471664407218718,1.9772598376638446
1.084912578495548,0.9450336594733284,-0.9058128678046427,0.5947960243618097,1.997425323052536
1.1003303926867474,1.434674593804316,-1.3045471132377917,0.796677810994491,1.9229310517120666
0.9771602874635489,0.9031432061014398,-0.9145746843468512,0.5715528575009485,1.8541664295853488
0.8734936823892971,0.5797180820483571,-0.5715679767387257,0.5129606239671981,1.7763822902959336
0.8039594942521507,0.2978856963504005,-0.6393365518767421,0.380965922942908,1.7270894287188159
0.6617832637294719,0.1254312965815054,-0.8370947109657352,0.28357787584177596,1.677042975791249
0.4538688420097815,0.27622291489581274,-1.120017209174257,0.3080719317825645,1.5293481636002118
0.17958225012945533,0.29759678519372734,-1.2430846928965473,0.30295506572579256,1.335069899347305
-0.12456586312522822,0.020930031777945727,-0.948592672526191,0.28903790228955867,1.1228458709271547
-0.3092560666633743,-0.047298460552208335,-0.7944193348457103,0.30309663173701756,0.9839448703239182
-0.4106046696053408,-0.24212189748522267,-0.572816558289694,0.2246634944034354,0.9382513473501006
-0.4569652677892734,-0.2504817765580282,-0.5383944121914045,0.20286403960384375,0.9168953571408485
-0.5100103243036382,-0.483049328807717,-0.31313130220702395,0.10533468107402505,0.9027761901293444
-0.4966476470986969,-0.09277168734907276,-0.6549920875907903,0.2952044078754289,0.8746541842273524
-0.60687519315917,-0.5186093325344704,-0.24685175288999636,0.21527483250686794,0.8305587302149227
-0.7757759913600237,-0.8736167017449039,0.10219248814704336,0.4242539065435759,0.6815600809134458
-0.8627060514576873,-0.6961734872897063,-0.0052854855004560615,0.5595031154810672,0.5997232371762878
-0.9376161103669904,-0.7570790916261791,0.06005223100264947,0.7618104872173725,0.5187057856319446
-0.9988665679556279,-0.6864285178367191,0.040369378330165503,0.7669240119903956,0.5006995472548746
-1.0547185946420765,-0.6704288818786751,0.046540097938189605,0.8689037395872824,0.45276971734311217
-1.0826805153795291,-0.5670601424903643,0.0011100722874631068,0.7375035441398151,0.47157994520660035
-1.1366356304219658,-0.6607912401642143,0.1316938030176783,0.5605061765445725,0.49815470368134446
-1.181799503590776,-0.623758747165621,0.1351990173766456,0.5484185456292328,0.49240203749422246
-1.222949330393519,-0.6431626899202899,0.13643244230061688,0.8249212667600043,0.41338874421246186
-1.2513537985773413,-0.5525858935592133,0.08082275862282147,0.827941450554523,0.40984014515923745
-1.2914825444527056,-0.5125481993311523,0.0649455758737388,0.8919344722475856,0.3868891320722196
-1.3142400639996363,-0.4949939887786371,0.06502674331255359,0.9073369353760524,0.22367508505838848
-1.3281848689459097,-0.4228446751859426,0.013655533895798443,0.9227667204521868,0.22003516010697494
-1.3774673999299345,-0.6818362970841372,0.26134988449488356,0.8089973097401514,0.22414499404413926
-1.3877907582010611,-0.7757547812752931,0.33363942312357747,0.8655361897228746,0.20510508870155658
-1.38225023641521,-0.6287042831615295,0.20009986388873183,1.0059862908398784,0.19588028870436583
-1.344848780940358,-0.45043539725724396,0.029736400346630432,1.0509429717871202,0.20767916495316951
-1.3627683236137138,-0.6178513460574956,0.2016953543750508,0.8775772808985636,0.23968335322211243
-1.3121842491247333,-0.27939118663687285,0.03745271369047062,0.4343780108240329,0.520316523603439
-1.2113681901047915,-0.36802840785532015,0.5530792687433478,0.5472088012167672,0.5451372809097841
-0.8417139081891422,0.12358650058700497,0.6250423587592137,0.4865213220646644,0.8110624784356258
-0.4211091183824858,0.34351733690320885,0.6394276349002461,0.46410961952302815,1.113509565890399
0.0010204630260145378,0.5063416369178503,0.7637512262420945,0.374895886388762,1.4039769599436291
0.3167342037327059,0.4297225221481354,1.2997131022119575,0.15644325182574964,1.8655776554065362
0.7484297947272193,0.4390461517022274,1.128007787107401,0.12519037149812856,2.3040274648420254
1.4275995881473569,0.45507435824391546,0.9563650815691934,0.1778748989031402,2.870363857658305
1.6548667442882032,0.3679426416564498,0.9512240367239995,0.04411458476669819,3.000043170288426
1.5538943564960768,0.46110765922985436,0.45870836927157843,-0.09310276587473619,2.803388411298605
1.5000000723492146,0.46566803950092045,0.7738047487416004,-0.10417231569178892,2.719518058009033
1.3338477552346393,0.5239650203775303,0.015437207602204659,-0.27673919496274596,2.5676190708647244
1.1764218233048243,0.6872168671102686,-0.23208997257945993,-0.3679241497911552,2.423781003067139
1.14785575493269,0.22947730027078592,0.08938550875990159,-0.5525163254972694,2.4302019687026157
1.1669353786638572,0.5599235087428068,-0.3553620201730619,-0.41766018087326234,2.3909808837174493
1.1320033828327114,0.44628543753483413,-0.33394524038053974,-0.4184279910445429,2.3460258414739026
1.05294030832505,0.14630487544974458,-0.09877161064799621,-0.45048126840941277,2.2793834753441975
1.3451512356645743,0.4465331282776318,0.12538049597068754,-0.21530825540394372,2.334864074956496
1.0722534261632508,0.26216487830798757,-0.01175385721856698,-0.5446160722519933,2.231835677465849
0.9294629416845119,0.5745404466061153,-0.5393601836815117,-0.624890710297739,2.1207033569929026
0.6698568461406684,0.35964179513969646,-0.6505273983881821,-0.9024506403330991,2.043243595623552
0.2839571450122633,0.41723555852307054,-1.081056514030918,-0.9883516734356064,1.8139993505594594
-0.05817573392045558,-0.05801031085456365,-0.6366333974627869,-1.2338634806838102,1.4953968241514806
-0.3771585117031095,-0.4896905274476504,-0.1585362273222778,-1.3733852300300156,1.3006114380628855
-0.5667592733559845,-0.684624801697336,0.091974320823513,-1.2992378511680671,1.1692048277142018
-0.6482282494725832,-0.7695154496014864,0.1745397365120866,-1.0980862550081925,1.075697278091644
-0.6835268576209127,-0.7566177710505286,0.1657123647354563,-0.9544436516603947,1.0368351556975979
-0.7600890505743175,-0.6979467617777242,0.12024546160810551,-0.6559919016705256,0.9210257634878233
-0.850128943780357,-0.5704958158253345,0.07994773224285735,-0.723937813600241,0.873253572514279
-0.938022036238822,-0.6234418324624948,0.13975763232761865,-0.48310203401994956,0.7711482627746202
-1.0112413294131635,-0.5516026019489869,0.12559496573890447,-0.5011880523895175,0.7227557328323695
-1.0868641498776601,-0.6070105033989741,0.19471070432932636,-0.37775137436042194,0.6556380881948417
-1.127540375461637,-0.5572387039294564,0.17938805146722384,-0.3709029938800304,0.6340338438059739
-1.1772921652950559,-0.6149630135633816,0.2523748365689809,-0.3634241883322645,0.6064090918435505
-1.1998951185425522,-0.4430834913041575,0.11715316057234339,-0.2661827906811542,0.5768953118366457
-1.2553860241585568,-0.5520387486066641,0.22926444943189053,-0.20727687388654664,0.5444025115791559
-1.2746774866367718,-0.4662402638375004,0.1359183356281174,0.052670488246395246,0.47504196788869324
-1.3031534409671877,-0.5123182996490133,0.20907173451044644,-0.11895954916879208,0.4978229097205543
-1.3279489014161394,-0.33243871069544945,0.05759790616413169,0.09480869588863931,0.44982400248174914
-1.3722660774079352,-0.5114523254751293,0.23105196565168926,0.0565045228038384,0.43293895750533856
-1.3700558861304515,-0.5257386524323712,0.23119531185186415,0.12681290564194864,0.4223861859304021
-1.3617987738341981,-0.4262711497785206,0.14102130417193787,0.19216270859602128,0.425374744043648
-1.4237542083336674,-0.5191776020195714,0.23757409795633075,0.25891647734772044,0.3854889674919999
-1.4311567871181827,-0.39749236872211957,0.1477656650417063,0.28014263592439287,0.374151172878071
-1.4610517056238856,-0.3876493518643071,0.16822704157867796,0.20642260627445885,0.3886753556918899
-1.4950650515620763,-0.4108723826278571,0.20109338020739553,0.25566341472121723,0.3645275671726283
-1.5131011265510381,-0.4975223263029403,0.26581702656289813,0.34006426141542484,0.32819362333490903
-1.463505151216245,-0.32488987970110317,0.11320394920713682,0.3560214433813558,0.35435009784945226
-1.4128554622082152,-0.531371737734002,0.3635437789913604,0.2079524555330483,0.4230706245636923
-1.2762005893443238,-0.6286610136994882,0.6784980565030378,0.18742273404601775,0.5130612818152385
-0.9922810658111658,-0.6385345842791822,1.1192922228391138,0.2358431463186531,0.6863325062592874
-0.5272222355784744,-0.7281953716229213,1.106311636415076,0.41044041083423527,1.0756391707454358
-0.23483834079594515,-0.7172491882790375,1.4128886917037848,0.19083596161235064,1.3079187129332581
0.18062156241038324,-0.5146097664288299,1.6431756736907752,0.05655441127339116,1.7183033842285316
0.624247021885128,-0.32883754740234084,0.8763721287887342,-0.22978673759628196,2.1150877687008065
0.9661247310100398,-0.2535500442082975,0.7768417830544316,-0.3961081100006315,2.374942929279013
1.1295157729669951,-0.2110701783103917,0.4683905986898447,-0.4824730630975674,2.4453087619136458
1.159602230723579,-0.17649170989856736,0.3280812471378224,-0.5236991317417992,2.416802213695457
0.9538239185365164,-0.5816158607363155,0.0484527444930643,-0.914478782550575,2.2929587525101573
0.9390689394136722,-0.26901211911140993,0.016636940429119233,-0.24238691715221833,2.0626922148512286
1.3593944904906268,-0.10722009645696803,0.5299456221845935,0.3162060922395006,2.220683553385334
1.1486096149713005,0.43872897820774365,-1.1237051572691132,0.09361126995215727,2.078526912328239
1.1092545852013767,0.6891735913654479,-0.975014956273257,0.32750385949509053,1.9747831540879317
1.2234893497100159,0.36007357347999946,-0.6286341724805373,0.33593592722422594,2.0385732923845103
1.0249453639233674,0.6487863558631543,-1.4303474970466739,0.4364393054896494,1.8434020492671435
1.0691878520122644,0.40221808711128026,-0.8374505672996898,0.601749694739247,1.803032074212994
1.0199746571839694,0.4168837556408016,-1.0360919175497527,0.6002866963164157,1.7649060871782691
0.9321297631779074,-0.1794725632561366,-0.3534223648627462,0.22576168603226976,1.7488904870574438
0.6741584580827474,0.014441838896345153,-0.6695116718658379,0.0038573401074498376,1.654285701532534
0.2908437321764723,-0.11836331219180349,-0.8191660660858303,-0.27541862407136736,1.478564722118537
0.06967736393355511,0.16886398694546678,-1.049060312278684,-0.20793697502558253,1.313147395283349
-0.13275253440523052,0.4776287129335194,-1.2564210188754341,-0.029345900523812266,1.1201065249785804
-0.3161622582282785,0.2017332085614931,-0.9334136287908156,-0.07404207123893787,1.0047124565760406
-0.4191196990506937,0.026818567514154307,-0.7306455850003777,-0.15030872667875994,0.9540520914334654
-0.4845581848184138,-0.0318322226868591,-0.6548166310318764,-0.11342361808589621,0.9027109551963686
-0.5435015648829123,-0.06911267407504268,-0.6058197168536273,-0.011566713542030833,0.8485812272449467
-0.6293743880875728,-0.17496370399616673,-0.48100744766539955,0.028035613706541198,0.7894140961291335
-0.7468135489082207,-0.6677669922262952,-0.016633492571393613,-0.056635205636791974,0.7433754597443656
-0.7965883200818166,-0.8222153351148246,0.12904933788043316,-0.02926578129776066,0.549193929704221
-0.8244345249038213,-0.838092596454255,0.144102524220781,0.06046204514952461,0.5192352120072541
-0.8571039348721333,-0.804995562105186,0.10156207778393807,0.3090740648651361,0.44076685071910776
-0.8378032457391886,-0.43700650046673056,-0.2478736555546052,0.6654280302037138,0.3777586533888862
-0.8605776912403786,-0.5053763696075861,-0.18898748524614628,0.7263520338155907,0.360885179280745
-0.9024276149378703,-0.7366279900409207,0.026939409883107567,0.6596853866245923,0.3559625181320818
-0.9287647999971889,-0.7442092770521106,0.04218507951619588,0.7096874559295292,0.336176030227625
-0.9644765370767368,-0.6723355343693672,-0.0064129294146729006,0.812295731716627,0.30964600278558096
-0.9893102491465814,-0.6896396556587194,0.021320373816378906,0.8316052535034905,0.2859994250023961
-0.9831792747505251,-0.5402373788037107,-0.11444458536525329,0.9346791165604523,0.28144138536304064
-1.0567319112366216,-0.7341346464347681,0.09685911996592211,0.8386528782511913,0.2745883129504824
-1.0977256883062412,-0.6655642800233063,0.05594890610382542,0.9283141759592412,0.23547698355970456
-1.1291205140279938,-0.7199428930409663,0.09729329881666735,1.0639616808209515,0.19336365745873796
-1.1690821844009551,-0.7313052523377658,0.13484599156817553,1.0669059600958386,0.195499545412527
-1.182968435177728,-0.6207726838450742,0.042678491199135325,1.152228670540425,0.1635182596770782
-1.1918062166910388,-0.6426892753256859,0.06731500560071448,1.1310418609328816,0.17452729096996336
-1.21010971858651,-0.5871896036599411,0.04135618964910742,1.0932425576735378,0.16499726168566387
-1.199151840975063,-0.5707703069534404,0.01902485388159889,1.1282755546406888,0.16612214174103654
-1.2148530385733376,-0.6014854760639954,0.12553860893510788,1.0613650642084305,0.21228477015024108
-1.1241663002903342,-0.6238518818313715,0.5902895236313317,0.9526922325390178,0.2780684735491335
-0.807950841217976,-0.5051881792590784,0.9729511891316215,1.0547568825985965,0.6313352967851149
-0.42966399421023405,-0.6033814904481707,1.2171788412777318,1.0880737895680603,0.8640017608250311
-0.017186819108617732,-0.8126859760110772,1.3453264123378046,0.8357681112486112,1.1597140747112402
0.2856063960131777,-0.8128095387687652,1.361973938342132,0.814293829101652,1.4309894169437911
0.7888462910161238,-0.7612656461311721,2.029695364143438,0.49182293257813003,1.9658698771442618
1.3611605749689604,-0.6871010030547934,1.6816065848487645,0.43887328915862106,2.5140679872099305
1.7239998752069128,-0.9105805478351469,1.379622207952739,-0.12064987895220054,2.759112650006539
1.5146141989433382,-0.7607587904044472,0.7423681936814763,-0.3329882295597607,2.4692856945268025
1.9436504699997599,-0.5827382913863846,1.7430497983591953,0.06056945284141,2.818719016661508
2.0416077095013963,-0.7022614843017625,1.5737208298892869,-0.3456112620039144,3.0083746954940422
2.0740455486162697,-0.8389012736691223,1.8185370691508977,-0.5896833566394952,3.0110607621554535
2.2888381117393606,-0.8725905782815272,1.830244502774372,-0.6671233120283679,3.1351871205535167
2.2811792401516073,-0.9927963342386981,1.1534086784154498,-1.0749746507839182,3.099606359815216
2.03876111081254,-1.212679327578269,0.9521207643105126,-1.363652503142446,2.9041720513390326
1.874234302025157,-1.122842529480154,0.7157096390688357,-1.4257873280195918,2.782659698198811
1.73951576493438,-1.2011373153539044,0.5642530086395293,-1.572827079764573,2.7065395259421186
1.5022289552968038,-0.9824832789902697,0.15600760996998891,-1.6200143382234828,2.5611555932434396
1.3239588571356897,-0.9240059134243761,-0.14929749219103966,-1.7262436466525137,2.4638655308688353
1.1246089223533462,-0.6423843818392425,-0.4891140186964265,-1.7081119572363264,2.330491294401666
0.9164168355356673,-0.4513349203314761,-0.7089150772478958,-1.61795420739532,2.181893312954566
0.6412945698571924,-0.2951747996679066,-0.8555687067444976,-1.4857494467862211,1.9866109384093495
0.42683983247377444,0.10723653163048887,-1.117740439988119,-1.2827675545807002,1.7949858465878532
0.23041705623794365,-0.02298345732119097,-0.905821159996517,-1.2744832123621226,1.6644376674142203
0.1939019350341436,-0.19365355735472775,-0.7455878235709922,-1.3217314197360268,1.6425602857115225
0.24462152337064444,-0.31269951529130885,-0.6862317915186187,-1.2962725873270582,1.6719731773497188
0.2611945347366042,-0.5616145178338422,-0.4939670055458675,-1.361579097137431,1.6993251702814518
0.27981654240786336,-0.38482162589539515,-0.6547588129544177,-1.281670565510805,1.6899326156981
0.26708517015537725,-0.41348137780989747,-0.6722959994787588,-1.0064572674033156,1.5983179722258511
0.19667750927546587,-0.8263618732805512,-0.46448209219854525,-0.023354290795184564,1.2348290107571063
0.21953661262057167,-0.5730060708760057,-0.8463180750000259,1.1860559875345633,0.9493328589749576
0.2157171384748969,-0.8201152315167726,-0.6681348708976118,1.286660269239682,0.8868272405606848
0.2457529229232982,-0.8460293507742012,-0.6806625580293658,1.3927511729101572,0.8756804276717391
0.30678041315275595,-0.6054527370503038,-0.9169408289356803,1.473347646246865,0.8873608297159779
0.32414293650671444,-0.489175992422733,-1.0477966607947609,1.6936326399099038,0.8540682622806143
0.40313624163675044,0.2921239709498658,-1.7391197654464565,1.930260453255336,0.85488931143812
0.43844211532425514,0.7153239447066715,-2.0930778293457926,1.9405856786622386,0.8719783911600972
0.38101542760108237,0.3406788755086425,-1.7112394020519677,1.547758440759158,0.9307966606966431
0.3634134415986304,0.2453930045057176,-1.6100820593319878,1.4568190392224583,0.9593253914427502
0.2608170661793591,-0.5306530518336019,-0.8838242671662524,1.046052100107211,0.9957477830235649
0.26703311893218906,-0.37400446646656754,-1.0193272143691214,1.1231427410288874,0.9898473577146857
0.317001622169983,0.20857318531212116,-1.555401296948976,1.5421243265093116,0.9517311320064267
0.20993319971817384,-0.23449142342363644,-1.1817660207509475,1.7731528140787214,0.8298154736807378
0.15603040068026033,-0.3002207096911579,-1.1087175391573447,1.8215334784061585,0.78425710562314
0.13766470226312444,-0.30232274211487004,-1.0959697472121397,1.8274406405888448,0.7681074136981721
0.17312867166133641,0.05726796057154268,-1.4198194225661906,1.9802679499869422,0.7537193407691694
0.13768528209958789,-0.2419267662094169,-1.1514497191309112,1.847923120187068,0.7502979659754918
0.10597580297723061,-0.5731459432345656,-0.8287876486600312,1.7166052759349237,0.7614455132254822
0.13594364674800852,-0.5834892670814309,-0.7179917674183253,1.7204758143417342,0.7898287348268859
0.2319892360584806,-0.38368504435263173,-0.781923181770498,1.8096154631653776,0.8427017708088163
0.2724860123826124,-0.5931868011953505,-0.5671098682777412,1.6785378823169346,0.897356608208339
0.47613281106900146,-0.20947310612126238,-0.5694382666916841,2.0160143328846662,0.9834140743402948
0.5888600876716551,-0.04641717384336646,-0.989247266573007,1.9463637954423574,1.055981362880868
0.48781929393348217,-0.2477985371833806,-1.0218727019866667,1.6675820690637295,1.046104712853697
0.42591774498873197,-0.3512579356138274,-0.9439106597555198,1.7488442694997643,0.9735067698407218
0.4153651334955805,-0.0036605410765513323,-1.2981155212348376,1.960112444608993,0.9154743694164074
0.28472269408480594,-0.590302956491439,-0.7913970075486764,1.6670733353932758,0.9113973149841291
0.1125796422980288,-1.1654357260160204,-0.23852237698569928,1.4931368159647995,0.8678623595610054
0.2452419811466924,0.10739791548296869,-1.377913864977379,2.0392696260006593,0.8134961691614655
0.24649577886272125,-0.000716050373533281,-1.2623897041092569,2.0026617430545017,0.8239699172965916
0.21887220065282223,-0.48693164200560085,-0.8056489006776358,1.806243347686968,0.8623609842109606
0.17615968691835218,-0.8691483486097631,-0.47670479156987317,1.632048198993638,0.8700866604566473
0.23352490816753607,-0.8721012094080903,-0.3306647049522737,1.6961918675849772,0.8951655268569928
0.3600964193705322,-1.1357838066281016,0.08741784784720219,1.6862316025759745,0.9978975038573488
0.437514585135123,-1.3494109405014956,0.32665303692342773,1.6348320970582728,1.0737409479469817
0.48677379126008896,-1.2604336800643547,0.15727215935112956,1.6488219288972237,1.103628261828678
0.4345381815301413,-1.2451404301503797,-0.055249597306454096,1.5750896785931168,1.076531404163757
0.3616301897179602,-1.011733352554588,-0.43744876297229873,1.596506581940378,0.9870463005929782
0.29066372657572465,-1.083025765823002,-0.40015628516827517,1.4472868988984045,0.9670206109425568
0.19491096085386742,-1.1181119436243074,-0.42958788326606373,1.4244408732699574,0.8970258545574151
0.1789684899817969,-0.6824241473903244,-0.7656956097657521,1.3830286366586626,0.9039605856933909
0.14964779228415978,-0.4912326094234958,-0.903300143197222,1.417955809466349,0.887124952319628
0.08752220438268268,-0.949218386211591,-0.4943063331942751,1.3075684974670536,0.8671236063378228
0.060711121207941594,-1.1794766923214255,-0.3041136684486543,1.36087947601224,0.8362777253183256
0.03626874169410247,-1.347803323141349,-0.1623258211190847,1.3897580062241877,0.8167706202348458
0.032918391854597155,-1.2793386797423543,-0.21685362648027154,1.4195408923764468,0.8207012738954922
0.015138859463692382,-1.3598241876062498,-0.14058282816795467,1.3819354539923394,0.8200576152055861
0.016122297429715746,-1.2925251117957866,-0.19554988737116352,1.4139430438297182,0.8152427147177507
0.017340028068239956,-1.333131123518202,-0.1626882461509738,1.3978359287675228,0.8223104299547264
0.01208628042146812,-1.361341185791066,-0.13683616711532484,1.383596327627241,0.8221287141113683
0.010884031687610752,-1.3992672641974524,-0.10414872606046077,1.3694420709470911,0.8262003390485135
0.03930869719810882,-1.1787478338542732,-0.30666697062775033,1.4607167821003113,0.8326727299492669
0.04725292833461004,-1.1393876650827763,-0.34430482566166826,1.4781937687167617,0.8374467196245746
0.03764802022136995,-1.2272650266635512,-0.26478090127199677,1.442440844491014,0.8392561065238437
0.03439476050712791,-1.292175206797431,-0.206710892546162,1.4185010610034117,0.8413346827741391
0.04166287252667883,-1.2358610734723632,-0.25836017678118256,1.4423506349455615,0.8427590587940766
0.04833891427197039,-1.1712281652160097,-0.31776611537483096,1.4674478325791933,0.8511284877283269
0.027365235559479964,-1.3562030883501366,-0.14836279888088885,1.392847032892421,0.8532061163108889
0.03742206637788953,-1.2434697218316562,-0.2508433753236815,1.4362936983828536,0.8516761012898306
0.04355675017470519,-1.1605306244691076,-0.3219309300285754,1.475144179593938,0.8485835776902065
0.06973192373555742,-0.9515609026528731,-0.5133430001132872,1.5624607774900208,0.8459978094260988
0.07204114781163166,-0.9510379006010912,-0.5170042669201701,1.56042288263281,0.8482949480114815
0.11724878653923813,-0.6588735627491275,-0.7905271513331696,1.6829635320707994,0.8456045267358843
0.10481813604541294,-0.8333812060715373,-0.635382644202301,1.6119628785932731,0.8638552363016208
0.08196915836848664,-1.0117321574001394,-0.47222612064310326,1.5355060381558647,0.8682713019025023
0.057495482201416905,-1.2255110991113893,-0.2698436007478577,1.451092258127884,0.8718741980659074
0.06853268000665792,-1.1524259486087804,-0.3168286152379975,1.4887634292481549,0.873916433492772
0.11103922221295669,-0.948435914506681,-0.4122148043828714,1.6078195501518098,0.886468668243463
0.19357507788863174,-1.075405579788256,-0.15968117501636525,1.6246580023447625,0.9562457316114645
0.3522785951428431,-0.8498937182462237,-0.2591612551524182,1.788330883283656,1.0381784571327841
0.44164462274492955,-0.532581374644654,-0.5475634363255393,1.9351888772867072,1.072950395897647
0.4382969369916953,-0.6408946148359026,-0.5863761972000493,1.848488161315331,1.074574655677376
0.450443207091425,-0.793145591245377,-0.253081326190936,1.8548882011184145,1.08806520258646
0.5924216051903647,-1.0166188666593141,0.08269664583273666,1.847147643313704,1.193497810235951
0.7392697492136434,-1.0738343402665065,0.3508165012330864,1.9307786811614884,1.274297707391417
0.9473507024764795,-0.8440144081574128,0.19535671176778452,2.072896325302411,1.3865058751830328
0.9045397376474106,-1.0750948210231293,0.07314953310904433,1.8574211831117537,1.3724886813497832
0.9296120702416555,-1.0631236552322971,0.08296582236327553,1.8690907222884654,1.3757898483264752
1.0373913521431009,-0.44651659457298243,-0.43953031443906465,2.1378788585714887,1.4146958224830652
0.9696186650260321,-0.5496678204675547,-0.28361688091367226,1.879591558389202,1.4079149558958068
1.1812823410542217,-0.8063156662741265,0.6658480844645372,1.244116922636794,1.7212891273351176
1.3262586618591417,-0.5230855900048915,-0.24446958072602681,0.46586114258441413,2.0190160483821398
1.4312413827141046,-0.7265016292993909,0.8767615937800152,0.679681965315882,1.9174663755069918
1.033517604156228,-0.19542472318202647,-0.9021704816369438,0.8075501501176082,1.6855884736899678
0.7353956618771923,-0.2612879225631828,-0.7995853346802627,1.4359691743401808,1.3358995170898909
0.6029964250010141,-0.42280005646338326,-0.7059310073162839,1.3161812832367432,1.2667993431830897
0.43921735426138114,-0.23164044651657142,-1.0833842247638588,1.3335518432938427,1.1831409915632738
0.054393567756880666,-0.9883854047634045,-0.37593108883029897,1.1096854355271422,0.96614990966729
-0.12677816347570606,-0.9544459358471771,-0.3334686255426083,1.1614474577886296,0.8431219781997531
-0.23382841340348479,-1.0864014498341947,-0.1964151059024114,1.3552513138704398,0.7421379771585002
-0.2822913393381703,-1.0342883394779767,-0.22355226900851694,1.4942911472963984,0.7156549536081168
-0.3531946458890305,-1.1255886845337322,-0.10427382571245429,1.455161682226516,0.6901184173195579
-0.33229461528881976,-0.9294319294826978,-0.28155931880308865,1.5370598983329982,0.6901759151105039
-0.3934509589781151,-1.2203977951790117,-0.0004821261721932288,1.412019889244629,0.6895240566220482
-0.3864898446534271,-0.9987869061362052,-0.19168044292263045,1.4993764765490538,0.6897030524118923
-0.38347616695444897,-1.0173434883286914,-0.17652814752917348,1.492989556024553,0.693689302066212
-0.3476503814616377,-1.1532146800482574,-0.082476142385903,1.44083502603598,0.737990259783622
-0.3687630233406641,-1.2011515586616406,-0.029106762786086024,1.4170549492873517,0.7329910072799357
-0.33786610489527114,-1.1055233655868233,-0.12998548893970835,1.4552626364129837,0.7378809062089183
-0.31165513442010684,-1.017249657759422,-0.21832684455112128,1.496593453238323,0.7408368304249864
-0.34454504062482794,-1.1597471752441413,-0.0744150895097557,1.4451795297091403,0.7388797942845683
-0.3453012597105323,-1.1431478473024712,-0.08434816382783844,1.4550687482082427,0.7581978607645697
-0.4307429040556414,-1.2024961954279048,0.016124140648252048,1.4176539811601974,0.7367456969961652
-0.45849586673846326,-1.07510170561032,-0.07117149204468377,1.4743157571104417,0.6963888106338215
-0.4992623603240317,-1.0275791511454837,-0.08421556930777929,1.4932721895542405,0.6926767393438786
-0.43195097570338276,-1.1908927972073775,0.004464360749061652,1.4265097688135138,0.7282791691193928
-0.3807866363967851,-1.2786946216864659,0.045650264510349724,1.3885023719024534,0.7684896405244592
-0.3715248614472809,-1.1607419876841354,-0.054301884584549334,1.443072164279964,0.7638338862143466
-0.3552378652421251,-1.185663035437717,-0.04426154002946136,1.4323659496619354,0.7702799634426796
-0.3170907165026022,-1.201715278823236,-0.054099156717910504,1.4290999218071283,0.7961588529773996
-0.3093768275232193,-1.156523431667623,-0.09541093579528717,1.452010475387263,0.7930813164832041
-0.31215610389043186,-0.9796934836787757,-0.2354766414309728,1.5341493322509205,0.7838589115089779
-0.3580417877801439,-1.194884074954414,-0.03456526047377507,1.4293882169111056,0.7759923883980882
-0.36924074810048774,-1.2866346123280339,0.0653593002852111,1.3918158543721704,0.7725262607711373
-0.23742379393360752,-1.1253394691962881,-0.024654834122841057,1.5207577839436677,0.815995689703791
-0.061144494387872006,-1.1983257602482233,0.05067168449403791,1.5368502871083618,0.9387908752875319
0.0567929970214718,-1.2724665889759648,0.1263813130255734,1.539024807189575,1.0332119783776688
0.16686945827498378,-1.2661949447704501,0.22800341537587326,1.6030195525224926,1.1131939847815362
0.3246687140932598,-1.137600791149682,0.17268021780164175,1.7232647795525027,1.1966441973651347
0.49093502206850065,-0.9178125716800651,0.044078399552682536,1.8537504647654441,1.2624740084293702
0.6223605579752906,-0.9500871628300483,0.1695041249936776,1.8820262909333387,1.3456463818510904
0.7463148772394912,-0.7996800897802488,0.01333030924709131,1.943955582246707,1.421540010407669
0.7601986508963539,-0.6822868916736399,-0.1796803881359199,1.8191543843186193,1.4464156949773084
0.8426175938685612,-0.7518115667972967,-0.07764474169732118,1.6850169948436309,1.5167412823533366
0.7757356709917549,-0.7785613842550706,-0.25544563381364904,1.483440846188446,1.5221215114272053
0.7525383190300001,-0.73662329006668,-0.3467600566384401,1.4379394468562303,1.496971799561739
0.7617364920815533,-0.7371538253109557,-0.33444456856980403,1.398211497374996,1.5047829953204475
0.6998754342743223,-0.8745201575404503,-0.3669844189875298,1.2263241944742036,1.4894286737250346
0.6085418637528593,-0.908165377832452,-0.4473361274772911,1.1159454938270998,1.4426664053802911
0.5424662346528597,-0.9469994162503081,-0.42926832331498155,1.0724280631584633,1.3980826082116387
0.5868799351799531,-0.5111103829840319,-0.7725803793827426,1.2491123805925786,1.388121285296028
0.5486307971556174,-0.7306979609768501,-0.6382210152166781,1.140537582218687,1.3862718722337024
0.46670515961260883,-0.817708872017765,-0.6186004868368152,0.9720257261085125,1.3697087757161959
0.39850353577590025,-0.7889517800843854,-0.6790206856399271,1.0307068677708882,1.307155721402262
0.34707729239436746,-0.7166050282644608,-0.7611347106608054,1.1280479386374647,1.2459382864486754
0.28625200468607553,-0.7390538789054462,-0.7313583161882603,1.148076538236771,1.2067840503365646
0.24207021155672057,-0.7407066908292563,-0.7236168681747038,1.2340814801092477,1.1522664029954937
0.20897796720202774,-0.8040963335444934,-0.6640789596449315,1.300692751387275,1.1149286304305013
0.1968005592366078,-0.7562908303541587,-0.7046160900625914,1.3689041921280605,1.0893973561942007
0.1682726522990274,-0.9026493257482507,-0.569030709633607,1.3272324428164863,1.0803027675922607
0.14336953417217727,-1.006341604079107,-0.4681200185278463,1.298146889463998,1.0783872616867727
0.12622916531380468,-1.037175176601691,-0.43293278076434283,1.2894299616827167,1.0695409720324944
0.11059904240870308,-0.9353558773960106,-0.5157165806803842,1.381547629755369,1.0446591048386322
0.06373876655813594,-1.0152580908969857,-0.4345819169410376,1.432208729933386,1.0028434161448396
0.08313167530567697,-0.8979343485442562,-0.5425143965788519,1.4666764137292887,1.006842374094048
0.05411879059734418,-1.214602700242931,-0.26236919218239174,1.3534754956861565,1.0130581420807514
0.05281846339231349,-1.2132800702266555,-0.26758810165294067,1.3909079476736308,1.0084828315634036
0.07102203619941691,-1.080369483461108,-0.3944354117825408,1.4804997046496258,1.0004673889102096
0.07963795918579832,-1.02326875074361,-0.44719155605309,1.5065418049973651,1.0026432740204123
0.04234649740244931,-1.29611283437674,-0.19580521774028503,1.3951492210501952,1.005974626361543
0.0526526453167142,-1.0870632287367616,-0.38052204499005354,1.4898661736822998,0.9997529847778276
0.04167569619527132,-1.1225522742138483,-0.34618412972351065,1.4781602296772152,0.9941161686942414
0.020980232856065945,-1.270272541412324,-0.2107568748690542,1.4174845346184348,0.9932763279403687
0.05065124545296563,-1.0125669090466192,-0.44571010796446026,1.5263754606856785,0.9852691066863496
0.08431250405202781,-0.724034083050363,-0.7086024157663462,1.6487068940502978,0.9775326914339114
0.1088020680534052,-0.48952266745894896,-0.9199265026713379,1.748248523417266,0.9742284774762141
0.07545076789265807,-0.7482352779837899,-0.6785518460233391,1.6490443346134018,0.9794375777643398
0.0010296660700128209,-1.144595802521411,-0.29165945624632905,1.4977053021450546,0.9845001423323414
0.020850207434467805,-0.7814478133597907,-0.5786665819488509,1.5391742723488744,0.9915424190220493
-0.018558680119641773,-1.1229205822744766,-0.2736532579036633,1.32419490654113,1.0069491706262657
-0.053219814854923095,-0.9565625130176307,-0.376995079207132,1.334772058182091,1.001690551909317
-0.11512193475976563,-1.0168031071960906,-0.26000441846109995,1.2762525535528857,0.9948924518757573
-0.1037145066190745,-1.1676946337875667,-0.01685269125854237,1.2455593538225254,1.0176478928446695
0.0037516294871631013,-1.0947727432268526,-0.044878594416464364,1.3427379314220473,1.0749193576881122
0.15256018044597303,-1.0997621307868686,-0.011742140231562765,1.4017945730907275,1.1776395753330722
0.25451207333187736,-1.257154224005676,0.28737156034173383,1.3656067792985072,1.2707391763057108
0.5041638325581719,-0.8431203788052302,-0.03670270436549689,1.453730149340045,1.4520644251870238
0.6458032122146276,-0.42572885054599563,-0.25995736697682686,1.504041168322383,1.589736553660714
0.7311093807618937,-0.40916183923402016,0.5787937022438816,1.5651772018595342,1.756276321206168
1.3868858473074528,-0.19777407400928018,1.498781416228564,1.8256485556357052,2.3663572390123213
1.2319253817314275,-0.3230326343463465,-0.32098324779611886,0.6559705576748195,2.2994684167355492
1.1098663988113515,-0.32877929321560206,0.39926417023948896,0.5713915644093697,2.2191510083530277
1.1235762978601007,-0.08513261290565341,0.05102504143476711,0.32829630708285884,2.280077009931915
1.1610787419266193,-0.08228273888450532,0.11820315456235624,-0.012373816813646429,2.411163379747044
1.3928809242262281,-0.41897896274600516,1.003130943473682,-0.15667513705304426,2.6897047889846686
1.2642889002268032,-0.29318153667300256,0.3456922422255323,-0.5717578506811614,2.6294526075745175
1.692131648609115,-0.04909202277026264,0.9002140590832323,-0.030767138667799315,2.775681481020106
1.6082929489785496,0.03395577364961278,0.0019749599047059847,-0.45198758268060585,2.796148870173825
1.4888793873079573,0.11149560281834489,0.2465036617274076,-0.35632872819190614,2.57304575148819
1.260471176650615,-0.3929274569358533,0.1725542220238264,-0.5555222095668092,2.448502514953879
0.9151393217702823,-0.16101744068771034,-0.45322907197011386,-0.8793592492323902,2.3322489127163557
0.4184156956999891,-0.10219818922128907,-0.5835842426982756,-1.1376732675849157,2.088233475740795
0.11103720394510631,-0.04899712119442559,-0.7003818287252911,-1.0998196479688445,1.8666603796408403
-0.08689503428641503,0.10544331874997358,-0.8281149933270623,-0.965978429147154,1.6888159720646525
-0.25559282617464607,0.048112925255659286,-0.7280013814250423,-0.8416812220043223,1.53943003701714
-0.422088790663054,-0.20477087738392027,-0.43696883853635976,-0.8504947599097045,1.4273005271006196
-0.5450786187469147,-0.5263473581720757,-0.1179647199981483,-0.8144071969086335,1.349600372966276
-0.6483969280734928,-0.7426793228526066,0.09475996548995327,-0.7133816324044511,1.269213416962574
-0.6982211931670766,-0.7263835981191316,0.08742727455807997,-0.5200898225339279,1.1996512312293153
-0.7725367097541935,-0.7804899466370501,0.1624227626012485,-0.4661009637980562,1.1415520449455994
-0.8329397251580306,-0.7986658492194177,0.20618680272687162,-0.42793657541001434,1.094408989173641
-0.8864109429749826,-0.797024976093095,0.20918313762045943,-0.2540911512259271,1.0154562776732583
-0.9246104753721668,-0.7028837717975093,0.14455115167191623,-0.16870383210469525,0.975048579028386
-0.9535683977020775,-0.7352052535349228,0.1602280047022802,0.003237177026272417,0.9232976441687101
-0.9727250885499803,-0.6744697859045076,0.12824309497644157,-0.0012098879570301444,0.920555527375721
-1.0057080205281244,-0.6101295231338493,0.09220799953549474,0.0030574500816065403,0.9006223291377861
-1.0316155182986366,-0.5558255436602597,0.10523461382163045,-0.2607693473711775,0.9546593907264247
-1.0738902860210764,-0.6128270049854264,0.16557394583750415,-0.19230590284680846,0.914498881195952
-1.0832762855389606,-0.5837104494943598,0.14646411018645775,-0.185787200233922,0.9184915417996796
-1.1401106638942673,-0.6515609518961268,0.21962246206914063,-0.06043935286141648,0.8778838840817298
-1.1632921486371213,-0.6037026386612964,0.14342648245162307,0.29736907345895064,0.7863643324711163
-1.1919225332144818,-0.6498655704493607,0.1695478802525778,0.4967369338562079,0.7346260333943349
-1.1985059031526348,-0.5329400113388186,0.08613248370046069,0.502740193717319,0.7422793734124918
-1.2165552354837925,-0.5098055755078132,0.08107735594409739,0.4678754914595558,0.7418357914952575
-1.2598805535226267,-0.658458427898217,0.20846219663768825,0.5948871424954432,0.7012490767589538
-1.2761991853626367,-0.6306952614738025,0.19840490216879297,0.5702788014946482,0.6988306704261057
-1.3005387842675362,-0.671069320446273,0.2558885823851123,0.5000232401452028,0.7103639056176664
-1.3188063729804234,-0.6110017943805979,0.19170202316335874,0.7023827342530221,0.6624651351197214
-1.3365994001213883,-0.5929523277109502,0.18745550419198945,0.7073732399369844,0.6526519884964793
-1.3513096058567655,-0.6789723592996949,0.29947111071116256,0.7085746049110226,0.6577193350795051
-1.2523628732135956,-0.45225086251057645,0.41331298540244704,0.8000198757432075,0.6937719588988959
-0.9679372766423057,-0.5697079695983169,0.9987042222201971,0.7950096561233938,0.9060717642919665
-0.6588804423261942,-0.668957083927939,1.4392409750312343,0.45505389811993857,1.1409295808762934
-0.28419044511460045,-0.48994896400288546,1.5171938585648148,0.9231434760172903,1.297665471645005
0.04119017663718798,-0.24880988948109464,1.6599914302182464,1.217411679217111,1.5201502112210512
0.5151427135563972,-0.3988446863204287,1.8004425196124525,0.8834809880653611,2.062350713793684
1.0994119962360624,-0.4925537918658468,1.7383762461876733,0.5688009872113149,2.716292808856222
1.4015116666118286,-0.6395150432887549,1.840892113818063,0.1716410183771306,2.9577507350195607
1.6312982875483768,-0.5190482111636606,1.7182432098760811,-0.061567721338362226,3.11361693785802
1.688986389073129,-0.6143396877114373,1.8164782126809922,-0.20267434272728824,3.198223999890021
1.7019106467930891,-0.5086180138281338,1.74093951061375,-0.3063850375278674,3.2168546543215157
1.6494306786916713,-0.6127731128241872,1.8020546803897832,-0.40157377839104474,3.085409096569198
1.751178103936004,-0.33214856977183255,1.4360787778269095,-0.3566113905882478,3.0644916190582134
1.8325710046620602,-0.1873202976153016,1.0475213209025835,-0.30922551696253325,3.02161011177591
1.8816393057065866,-0.6829506512252401,1.21536235930552,-0.7761993399396077,3.0689626708844226
1.891794745571296,-0.5061798010876174,0.7623448769806715,-0.8774066647773622,3.021357012271911
1.4955219063370349,-0.3202878400017317,0.4428367099151841,-0.8973517433996401,2.674085117332766
1.057077421723945,-0.303946329070466,0.10088697030953343,-1.089509207818804,2.4290969902752124
0.7543206731706918,0.49148517312071677,-1.1023845531919874,-0.941449961490475,2.2484192300318706
0.426017283609662,0.38395954515130043,-0.8397357480319173,-0.9958353335780128,2.0277574254321835
0.15047906693797305,0.41085257712282897,-1.1032180468246808,-1.055424426115611,1.896236563361294
-0.10138235457346571,0.5488753571586229,-1.1910079847501984,-0.841543922632339,1.655600837962022
-0.3922240878357622,-0.28825722691345523,-0.3779902788033537,-0.9595074679047738,1.4641101538480428
-0.5650155135195687,-0.67052754227438,0.035191790565617186,-1.0111887708274028,1.3834082917160972
-0.6567607728938363,-0.6858764796970744,0.09384094981087197,-0.9703354745672156,1.3246813589045683
-0.7273760358363347,-0.5897544952442386,0.04224912224109987,-0.8643451257118915,1.2524411181411395
-0.7896834411311109,-0.6046739454534467,0.06980912537359604,-0.739415722506183,1.1896469872964945
-0.8563658801706918,-0.7170860736300029,0.18277305443519645,-0.6184000726366738,1.12605877621395
-0.9048949200913686,-0.6041375909646857,0.09645420403672571,-0.44680071326239956,0.9062880200942713
-0.9580497713586577,-0.6726197588426495,0.18146247469289237,-0.4767129174781697,0.8752539365700522
-0.9930894990913769,-0.6159162549079565,0.1489594968232369,-0.4205252463504881,0.8450811125500316
-1.0512746532281125,-0.7081722954295114,0.2312290142360608,-0.23845211081133288,0.7802015406255511
-1.0825436920569946,-0.6486122337031085,0.19054299140826872,-0.15639063660270602,0.7312943088500595
-1.1136178019563037,-0.6197336373671272,0.17096950064434366,-0.05781866162415959,0.7053416979170621
-1.1580421264134846,-0.7598582881229504,0.30293485384399754,-0.04059923417354101,0.6761402254355157
-1.1903609511530886,-0.6837553298356522,0.24718763140853178,0.08415750323030453,0.6415139519280552
-1.2177858835575528,-0.7744810193744172,0.3284584213050083,0.13166647364212605,0.6209279485040947
-1.2083185762934574,-0.6829637740826192,0.25047255181698636,0.1541815331876861,0.6187429281583674
-1.1817872907118183,-0.6596566154775233,0.2051602993298151,0.242783592082869,0.6317770289967509
-1.1364863955615183,-0.6996981427817356,0.20345538778366512,0.2794181531900239,0.6364156687176705
-1.1325270967600567,-0.7555944709515332,0.23693492784935324,0.3330125410307171,0.6395856648114164
-1.1652143119260614,-0.8490635346184854,0.3320198004523064,0.3128925862783681,0.6203519619016122
-1.06038658261358,-0.6366198087956784,0.09760364490544435,0.3454705890829874,0.6721467194699295
-0.9871430648883677,-0.7394187571172093,0.14023065477398075,0.3126327628284859,0.7309768891468111
-0.9265609700975941,-0.7886783188425335,0.1479619965351192,0.26057719486405817,0.7690202310881344
-0.8925778013844461,-0.9225334478607785,0.22330300440004305,0.3015651999776847,0.7668459478483605
-0.8708787608540444,-0.7216992407330038,0.04149011350480546,0.4178349577254179,0.7470467463138566
-0.8459923481964315,-0.6674518386352828,0.01006215515609722,0.41134369594918385,0.7597275512493856
-0.8331853355538393,-0.9185295045474937,0.3137372643035888,0.3300965598393603,0.7933369447762463
-0.6773526611984358,-0.9249594243344829,0.39369482454314075,0.27654240003085623,0.9076445975022657
-0.45465153758517546,-0.6115644423581799,0.19434059749409333,0.5698639711326757,1.1683857440799579
-0.2983192010850295,-0.882661901076056,0.48262315857007904,0.4850672563907637,1.2886082534446899
-0.09450324123426979,-0.9762025964054939,0.7936023935212856,0.3493233585629097,1.4802312149934767
0.15268982255060537,-0.8761729635810548,0.8706992149302164,0.5065069162126425,1.6608350791088948
0.4658612648256049,-0.677645144673465,0.8840843598975562,0.430772250421998,1.9122443898177632
0.7452713887862039,-0.6683605133708173,1.0377705564924355,0.3567627209105513,2.1193313553828665
0.9603881121416088,-0.495760646604998,0.7871231110603696,0.17058896093865275,2.304665723528522
0.9178061109565272,-0.33126864539988415,0.20869186037298756,-0.052967627619904006,2.2353667635661814
0.9150019867496655,-0.2757508558089962,0.17215962528126472,-0.020632502338306633,2.207021968529965
0.951986695706473,-0.36773219190500017,0.41503764219010647,-0.06028737474527527,2.2413357470063886
1.0990913167014216,-0.1911741422791877,0.4040531726040528,0.006049636998468932,2.3259025061673113
1.1615625994973047,-0.5492669467217528,0.7379199977666909,-0.2363942983389142,2.453062111993085
1.2253813634025401,-0.5473759034081549,0.6217511191006713,-0.2937031464189479,2.479687714963444
1.1502631465392867,-0.4446133456132167,0.20863641811453168,-0.417831279257943,2.416143188176345
1.0198191004272115,-0.45490681918715864,0.10637064769793608,-0.530884333833805,2.324812722918264
0.8786326287496551,-0.22705372976243307,-0.20196137104230735,-0.5380942560492453,2.223210575677398
0.6886340843428669,-0.31135880888420137,-0.45975552956064497,-0.537564111949456,2.1096429701891823
0.47275534924222284,-0.36474621470684826,-0.6389470377650587,-0.49645048848870915,1.9520460407740183
0.23660457654737985,-0.8211297183700151,-0.2524181514162538,-0.7243412763927365,1.8477107469075693
0.06523966549827206,-0.3973950837527781,-0.5825253627159798,-0.6687246458089752,1.7318399262264315
-0.11602943509240109,-0.4403794623877986,-0.4998876512888936,-0.36550533205983005,1.5084026864712365
-0.219861783884564,-0.5527468674238302,-0.36676791872323306,-0.2679649068937749,1.4110471504142608
-0.2423983625884109,-0.6671314093958517,-0.2739928002512241,-0.20530218961254942,1.3764076615552283
-0.20258269092143472,-0.7255396247129695,-0.2655618659641378,-0.09745892154552446,1.3793762629037154
-0.2534061208755415,-0.696760524248041,-0.2861478568428432,0.08395163791388296,1.3022648227403046
-0.2797701746975731,-0.5074386761996313,-0.4311655433386473,0.15853780514875374,1.2568673134788466
-0.2783653918116066,-0.5562024759985276,-0.39625358021478324,0.14900072253660981,1.2406153919390903
-0.32682140065348064,-0.7566461601887171,-0.20572266483196452,0.09820952786749321,1.2317612587725275
-0.3749776163019246,-1.0426306830826522,0.05671007791882673,0.020912253580551786,1.2154766122911893
-0.33565303517584466,-0.9206528366555512,-0.07501119862107307,0.10433137333478763,1.2146943671403976
-0.3023637868268684,-0.8903266383881278,-0.14346008685459893,0.2761087485297408,1.191434701206367
-0.25105236404061027,-0.5199622209373846,-0.5041065723677283,0.5632566108552467,1.1591825620028535
-0.3296578811465103,-0.702419236682527,-0.32539429030195827,0.6394218436989133,1.0914414870849374
-0.4560419211095549,-0.9925308161505998,-0.02360122515879753,0.6559118393553329,1.0012437397141385
-0.504314953469662,-0.815477045385705,-0.1552811621889029,0.7907935676711045,0.9366940165630386
-0.5931181736394823,-0.7666724134333143,-0.15120752970788617,0.8604064319553798,0.8693588129164878
-0.6272907509142501,-0.981139479880547,0.039237465057651445,0.8314598849846017,0.8552595515061722
-0.6129752408267839,-0.9997688383131464,0.044160319286134835,0.8442968695072636,0.8555285161215886
-0.6151801922451556,-1.0178083364648645,0.053317405706147805,0.893130202195217,0.8490668614456909
-0.6155200149629749,-0.8837877634119885,-0.06319266277910625,0.9627400873958935,0.8353128766739781
-0.6691664818573899,-0.906722138914886,-0.021944845622140868,1.0229365593080186,0.7863703515262012
-0.6437279357893827,-0.8162361247859475,-0.1083085094705252,1.0254390489926648,0.8013631002721854
-0.6051111795016046,-0.9359811499016603,-0.03933532769777743,1.032574067068658,0.835580004797092
-0.5973135191810327,-0.9833899467666213,-0.009093349021262562,1.0390066024005584,0.8303453520080102
-0.5721463840671316,-1.0226983394811882,0.006819881649179167,1.0454653079855234,0.8425437206687073
-0.5689534669522505,-1.1160167235269889,0.09685916989225461,1.0578626656707375,0.8412969179605287
-0.49442782279637576,-0.9350341429115028,-0.001601068528404176,1.1324816268536737,0.8755872046153608
-0.36652902520921415,-0.894882627521658,-0.024759029890969963,1.2139255758399572,0.942802811600786
-0.1654357412631174,-0.7355829545114594,0.022020292635181255,1.33663129949059,1.0627273335241867
0.016473600071373766,-0.6369228542574905,0.20052032468513326,1.4432492139065831,1.2135719566764573
0.22534205858454656,-0.717599871405487,0.4614254919068136,1.2806991971480135,1.4202861164757652
0.4325523448861322,-0.708544695172329,0.5263282526122609,1.1384907403578992,1.5954168184283954
0.5934778693940659,-0.7293431400548664,0.6705038893727155,0.9973708236461449,1.7508401310356592
0.8614471425268226,-0.3924703901414128,0.6313516418244588,1.1901173426039027,1.9043675738836243
0.9483845555136284,-0.24511579774730577,0.2057288813150694,1.0115286722898977,1.9870297768015708
0.8400963961496192,-0.2648891860137319,-0.1486895864773065,0.8129153040116429,1.9217254853181445
0.8440378170660875,-0.07750800660672612,-0.00019062573463460089,0.9302163204998349,1.8958555473322787
0.9557563652575158,-0.10006266243555974,0.3527071776954042,0.8219705052829699,2.0314277899209148
1.0228434464832639,-0.2797673620537601,0.3577077574497671,0.3753893886026625,2.1977901366322747
0.840847688994472,-0.5130493580491442,0.05151612009973303,-0.06770646385978002,2.149982760132516
0.7714460769950957,0.1508553300628365,-0.6432264834248812,0.49008390592946793,1.9245848924256261
0.620483175654487,-0.18373152887205885,-0.3488936893586918,1.3062641549051075,1.6119272680505436
0.6136069530083601,-0.08343147132018809,-0.41395751129100006,0.7506100296158846,1.7443925177594757
0.5217385849170237,-0.4154382864188357,-0.10496366872468081,0.25650998465309316,1.7793738422485408
0.3711396085181201,-0.4620024641637427,-0.28139289679532914,0.2738111819233921,1.6599030451131294
0.20182735652256564,-0.39568523391098875,-0.569361712326959,0.7116654165945705,1.4201013383061718
0.00014739061923017097,-0.4688416520035554,-0.6058834739009449,0.6901114041089237,1.2965941401277745
-0.13259220038831687,-0.4978427114008184,-0.5987320894703829,0.6984574251083103,1.192716118928246
-0.14918186571804032,-0.31966089166287553,-0.7899856200856638,1.0907287856933912,1.088566251212219
-0.21900054317208992,-0.6835109005722887,-0.44422120161790607,0.9301547488020544,1.0733340613068674
-0.2977055966355216,-1.033217763314875,-0.12210053072782859,0.8797297754489732,1.0149757398284949
-0.26246927056837893,-0.5669747331630263,-0.500126185225072,0.8205299889196589,1.049631706672144
-0.3197722690511177,-0.9856695013627539,-0.12375887490440389,0.7115167413409056,1.0410748859199637
-0.3169506893665627,-0.8609279379953166,-0.21965454986449606,0.6724507149950559,1.050024476675886
-0.3258432942836889,-0.8500794607336774,-0.20903504620246716,0.578269630575692,1.070988297990725
-0.3650288747074559,-0.9865521537455184,-0.10592810150169576,0.7766530875332973,1.0007866449576526
-0.38175380111242774,-1.0146669597543425,-0.0799615616509324,0.8166394676622929,0.9803257231232785
-0.42426872470472443,-1.1906698585297149,0.07974184770817253,0.8292006026222937,0.95566949301162
-0.4432712401204182,-1.1274018070724074,0.04102179012600887,0.8366352682913355,0.942743850702901
-0.48103036737291455,-1.1837832080196227,0.09855975866149912,0.8971588529669058,0.9081451553636495
-0.5042199018718221,-1.139488846773822,0.06575502187184007,0.9795861373253733,0.8735271529623015
-0.5084471173999335,-0.968972480977257,-0.06049061956195674,0.9491413434087395,0.8881508588610677
-0.571910870886526,-1.2026059221788912,0.16480076241817238,0.9038567602440871,0.8619957877194674
-0.5589263953443453,-1.0332311651908754,0.04776702527838383,0.7345138791279286,0.9123214068116194
-0.5674318189478506,-1.076125019084781,0.060727572161422626,0.9309139253769494,0.8661391211849969
-0.5677504864801509,-1.0048163411483262,0.011074545497108026,0.896145941494883,0.8774047596080154
-0.5706692102216618,-1.0007707182670815,0.029479224600314335,0.7222083176838774,0.920087016668463
-0.5772194294268643,-0.9211803861227903,-0.03232674890419136,0.7395362420700176,0.9077623383826361
-0.5562317032566698,-0.6465842785794889,-0.2419786258651506,0.6134216008590939,0.9516114903691981
-0.5539676137598218,-0.6411200714694029,-0.22633136390019412,0.4757467781111472,0.9871789744801249
-0.5076584696118865,-0.25241009316439433,-0.5732790580380812,0.592911568397451,0.99374581600639
-0.5454936164260024,-0.48828966257417683,-0.36777087895492416,0.5981524746126097,0.9701933598500512
-0.5376978464197705,-0.4670159394859616,-0.40503290882328563,0.7147183650817689,0.9470348426197139
-0.47197091516044704,-0.07943825966621763,-0.767508553090513,0.9476175175701462,0.9399251081366609
-0.4172281862182947,0.12222136056718005,-0.887998133968305,1.0042511557859577,0.974514354504028
-0.35534362160623556,-0.121172040421564,-0.5731552574215459,0.8918579139736617,1.0474636272422588
-0.2559746870834751,-0.5592132232753433,-0.0963140090823451,0.714783905938906,1.1752765603641249
-0.031280898507257064,-0.3614033476668979,-0.1140429278524354,0.6689274444593886,1.343826632939678
0.2134243651012339,0.13153558500426205,-0.4294838999409249,0.7188186045226822,1.570023436149536
0.35154309620777086,-0.011376442600451205,-0.15590490796552567,0.4757113418420309,1.765592912425333
0.4958906250087322,0.007450257689316988,0.015664446718891535,0.0626562028706409,2.0203832712511254
0.6000924750151381,0.30555518738500226,-0.25120126157480605,0.03014223481315871,2.1231281222736036
0.6464783115952031,0.0486707916281467,-0.04194649171794909,-0.04919583540987343,2.150677191583031
0.607532605233446,0.0993024543564656,-0.2145399982531341,-0.21689015420285546,2.1537966509182898
0.5751415849624028,-0.4449735600809632,0.3552395652049836,-0.5085304432760512,2.1998684148056804
0.6251071452645703,-0.4199157184805674,0.4923965974062387,-0.5262265028868311,2.252635574974147
0.6382086871103264,-0.12328489850836577,0.05936444612914767,-0.5479497206947199,2.309551601876802
0.5435687823952762,-0.1203051634676484,0.0749282381487372,-0.7169285052076015,2.2425846373079135
0.5407226746072324,0.10418822846553615,-0.2290842723268748,-0.5689451100118277,2.2055608061223455
0.5208642834700629,0.21454055732488905,-0.4424573693647234,-0.4529165864793429,2.1514295010191997
0.5809266693445189,0.41270542348713657,-0.4824340343090903,0.08212976050334532,2.0271714277410458
0.44309929807957504,-0.12692464861115946,-0.2971929310218661,-0.0026049839848754208,1.9221308231189485
0.30327191336007414,-0.06710981279399063,-0.2795760581103072,-0.33970896630722525,1.8846962259341284
0.1064552322481941,-0.2191953785602997,-0.4077262514491745,-0.5643884756051817,1.8110962619026856
-0.05853479110337196,-0.11837215669566978,-0.63662351384688,-0.5213047559077151,1.676223313538066
-0.19776461373883075,-0.5177783028254987,-0.364075248716905,-0.4765540115383975,1.5652490345154342
-0.23242317195314136,-0.456979765214676,-0.45779880330263506,-0.050843676568076646,1.4390701349406037
-0.34151342550750535,-0.7831571745390774,-0.13809092861048336,-0.08065233539570872,1.3632870772770702
-0.2707294795315253,-0.31554213378594637,-0.5984829273084464,0.25095542415228744,1.3070964066491897
-0.3052392216954353,-0.623940345771844,-0.39268301922392834,0.5890493886188976,1.1780156376717892
-0.5293067967229853,-0.551305131468763,-0.3226574339510028,0.6404744726281356,1.0359784150882345
-0.709178165842196,-0.5526873084941508,-0.22885334658846448,0.7101460562918842,0.877983848023161
-0.6064183699427368,-0.5310223706404503,-0.33851341933392337,0.9364690509621106,0.9122780886612392
-0.5836874624791788,-0.7805986267028631,-0.16202283662335848,0.9622269489731381,0.9276190620109919
-0.5915875479920717,-0.6444104291377594,-0.28840112910880417,1.1330946017342265,0.8835566899922214
-0.7456024153135126,-0.37176707914413437,-0.39915436516673003,1.0585458797041372,0.8251576989307143
-0.9921462560385983,-0.4676787431131246,-0.16584233992209488,0.9836502565390317,0.6895620245286092
-1.1607936082947927,-0.6933961407918771,0.1029944652758063,1.0641665773349456,0.6028451828979164
-1.2649144263243886,-0.6369632582693686,0.09615326799463869,1.2722272218244053,0.5222537205330389
-1.385510768402577,-0.8124366382951281,0.3040858062084135,1.2848359895620278,0.48288052964634687
-1.4280916888416433,-0.4916208907355359,0.06504238310317378,1.3994371479014596,0.4446088422769546
-1.4938351324818782,-0.617966536706318,0.21764984805491985,1.2972392885763784,0.4408966487948123
-1.441251774841273,-0.40775332594332503,0.00828151365202483,1.4148620229500113,0.4587377294284966
-1.4279196488978374,-0.6626554384600665,0.21418502317725313,1.3005458455678756,0.4997679084128944
-1.4500810627910343,-0.6636294009949232,0.23345088174292528,1.2547686108843445,0.4972283902248381
-1.4582700514466758,-0.6717939809998359,0.24580696029179125,1.2389184437738756,0.5029350625695773
-1.512112395238648,-0.5332949356006209,0.16205343901413183,1.308849117041371,0.4582395374206222
-1.5679275309961764,-0.5558423284537937,0.21342830595480966,1.299849512588357,0.43506252972400694
-1.6102228681351207,-0.502731860904479,0.19904801182441112,1.2933810912346113,0.4266844119675254
-1.6620984168981212,-0.6703856155446374,0.37492001849353584,1.1838581723186512,0.2799146337344726
-1.6711383694183477,-0.4824525277668617,0.2202645596582226,1.3031846125654472,0.25498635193074887
-1.6769995410116332,-0.5956546104925767,0.34413847569349676,1.229673787887122,0.28186363091321476
-1.5856693482201623,-0.5789913865069414,0.46560346622125387,1.234832620094684,0.4957794503395386
-1.2820378434854067,-0.25689514237637157,0.33149048526483105,1.4529212223608066,0.6633678293460323
-0.9216394288350639,-0.1516030172979548,0.500071857904264,1.4817188949429958,0.8579522140295917
-0.468370417546002,-0.255585836081658,0.5933353096757479,1.44986928103298,1.1215012239835684
-0.12570148781552773,0.1655150611519555,0.7827191840101025,1.5138726567997294,1.317475784074958
0.49974145682560367,1.4074625376868615,-0.4350031202664217,1.3153255066938048,1.9085093844892296
0.9356983525633461,1.5121195231625335,-0.5367866742392821,1.1691756266177882,2.3725120291884605
0.880500410640442,1.6410216529439359,-0.8589457083950016,0.8712539411800235,2.306122591591576
1.2378056506979143,2.18436241323755,-0.8296515925683361,1.26642694113706,2.541327906664427
1.161131401717186,1.3447317819690843,-0.5038087415706244,0.7967693931967259,2.5466564171145194
1.0926379714324463,1.153755820998516,-0.04630582172480974,0.7532954206196285,2.4770113361197867
1.1646945526997365,0.8967739712137742,-0.24095428069073146,0.45802993946058007,2.5426977601642093
1.1405171199081403,0.6585661396891765,0.2376394384592268,0.34489558970688794,2.5290897342974574
1.1783921731364315,0.5123791403464373,-0.31398808266936035,-0.004068261797522801,2.5767803314805207
0.8915945534633337,0.35270393271474015,-0.4264886536056631,-0.28417276259974406,2.413876661412772
0.8370974959632882,0.6190763182897275,-0.6756676240543745,-0.15050117222766266,2.2951471921886846
0.5663888733045618,0.39493467507630403,-0.8463867304003847,-0.4073867009519541,2.1608071192407103
0.4302432165896142,0.1928135526973177,-0.7307623463991822,-0.6134518574031038,2.10445988701614
0.29335360557025664,-0.028366786334656478,-0.602015026981126,-0.7362724454446459,2.032735339710148
0.22873182675446602,0.03280892588937507,-0.7808710103455179,-0.766950042214654,1.9892332758679265
0.043408332520042475,-0.38757440816037536,-0.5325197694513619,-0.6874346485717834,1.826930268160978
-0.15254657158172455,-0.5625642992014526,-0.3207953773306538,-0.727895983578595,1.7006358071513348
-0.2851773819751008,-0.7687353605369035,-0.08148374757127012,-0.7669086493114151,1.6143400331797402
-0.36064632562189786,-0.9527328589817223,0.1175447380070935,-0.8555985127794041,1.5872989349006736
-0.3587110706412065,-0.7443506586606615,-0.05116376411870247,-0.8392213899095121,1.5804545177370737
-0.4164959747800347,-0.6972136900195415,-0.05335860502245206,-0.8375910489033929,1.5525722015516543
-0.4853966966869584,-0.7343128379158606,0.013504005567474506,-0.8394760401294974,1.5142567926635737
-0.6613250847434121,-0.46868936105562503,-0.10981492050398373,-0.6843987779453878,1.370145174738483
-0.8344576193860801,-0.3576590448974843,-0.12263228546198997,-0.5132135166938532,1.218621802604103
-0.9889380066832233,-0.5642081631328248,0.08888066209154317,-0.22011677320368186,0.9203218739098841
-1.1001150315727142,-0.5818387551418325,0.14289122587833392,-0.05402682830526924,0.8372870577729178
-1.1947813755688081,-0.6174236254832209,0.21495689236587562,0.02754926149610067,0.7667130030188142
-1.2657952462750857,-0.5712727924008533,0.2072419879414148,0.10720155315379996,0.7194249346732007
-1.3336785177592778,-0.4742475748357267,0.166379157195543,0.15154850916416263,0.672437489076958
-1.4099094882662084,-0.5860523225195167,0.2906352130768365,0.20596154967945637,0.6161260920829515
-1.4554016695858967,-0.615547895263015,0.3249911718377373,0.3169103585306632,0.5895026810934788
-1.4902954118857104,-0.549448216070088,0.28308463774077613,0.4332761040360561,0.5605807532070909
-1.520700772742599,-0.44559819807850515,0.20775742653024734,0.5149474961082222,0.5414500771295069
-1.5455514030931168,-0.3600793634468275,0.14746847989273912,0.571291996267321,0.5214294059165528
-1.587630289082542,-0.3926512226912157,0.1890544311236814,0.6505845192512978,0.4919013585575469
-1.609326704802323,-0.368173297152433,0.18021105308706956,0.6559429009856165,0.4844318142488698
-1.6563365210980037,-0.551103437319166,0.35290867155775574,0.6498347095709885,0.46452516374550185
-1.6783001726463518,-0.49827484544425693,0.30308674552064274,0.8251782079895472,0.42374166883342246
-1.685828831214719,-0.41740698774573903,0.23798231906178505,0.8682784172192873,0.40798676811216805
-1.7186419569174614,-0.41504850340085747,0.2550339991706958,0.8789346279398483,0.3993329612575945
-1.7349591372202613,-0.31995227298440676,0.18802510193808053,0.9278523889261536,0.3821402527251094
-1.7169982574667788,-0.31051849104544565,0.15873274968507814,0.9782647885559121,0.3825056302188312
-1.726591076601773,-0.3833996867664204,0.24113970100368406,1.0228324551729653,0.38824479789098765
-1.6519918933698463,-0.3603315719846964,0.4262699520745211,0.993320393813498,0.4388845160494282
-1.3218142682538652,-0.32879661535350496,0.5593674081056453,1.0815624109777782,0.68263158369087
-1.0147182947049127,-0.16337858762028276,0.7974174095867197,1.3587881658048613,0.7728914120201977
-0.697125644154298,-0.3518643292167221,1.1935952755353019,1.2848787652600293,1.0992861029854983
-0.3297697115418924,-0.28527898871475543,1.5966865180645726,1.2276999361422911,1.4327149952339326
0.2524951725529267,-0.22199190805376287,1.460717348914771,0.89616182919685,2.0709236421227293
0.7940415608542251,-0.30994395980865935,1.4701082806651768,0.5403333272637688,2.5891870574387625
1.0380929875904048,-0.1645234973366892,1.4009092789314974,0.2527887859208479,2.767879533626946
1.4599847134024204,0.14220062057013416,1.0140661192835556,0.08591523325364635,3.1040463649819956
1.55920447563524,0.2947272566148046,0.6425369120045483,-0.07424482930946312,3.1464328949778024
1.0701322420879122,0.8608882586364023,-1.0846339046498457,-0.469940013686738,2.6671017661108913
1.0480334494028165,1.3153508134566099,-0.5275100276155703,-0.12619518510325198,2.571391182404802
1.1892938218986784,0.9939588565007126,-0.20776790032996428,-0.24309003085604575,2.699523804936767
1.6327050420407514,1.1914473412339628,0.036586348580474784,0.04852081053504496,2.9391145283810602
1.5836522160852975,0.8259252870955147,-0.23763351235026933,-0.3534024189575619,2.9019277436695976
1.2981350253291102,1.1144508244755975,-0.8829682707066661,-0.48800202341718446,2.725790723236158
0.9423333801206125,1.010406947991708,-0.900129299623152,-0.6192415995454342,2.4692582072842755
0.8028105498997937,1.130356949941519,-1.2081676299923925,-0.6525278196760099,2.3676157883522015
0.4935269206550808,0.47247497196661287,-0.9362083715531175,-1.1032215332084583,2.279971796498482
0.24149225198806454,0.27103366104498555,-0.8574669400814816,-1.2384994664695645,2.1457423707690646
-0.052138316623394514,0.07292557281165322,-0.7113176385645907,-1.2582227684111142,1.973371231855439
-0.25110256627268396,0.24399609455797985,-0.8274015282994843,-1.1485551451823615,1.7951645460824113
-0.2925022017709592,0.6342137735096364,-1.1468618216181259,-0.915243141865188,1.7022551715524386
-0.36662738132341366,0.4347056274075524,-0.9412486075692275,-0.9438882574755527,1.6794033867137066
-0.49713968861157043,0.3238692916674491,-0.7876232502719879,-0.8925268655838012,1.5815177376843645
-0.6247752982391601,-0.01761401801137389,-0.4662366603869342,-0.7782731037452488,1.4615585918677574
-0.5630423338148987,0.550289011686567,-1.016286043592136,-0.29907237827273553,1.3797726006115376
-0.5667064097530764,0.8160256111682118,-1.2571267301893627,-0.0350501712549406,1.3157342075522545
-0.4909689137355506,0.7873616839872983,-1.3136303918509278,0.19302066372933563,1.2929065884326845
-0.5661461183905967,0.798043383601072,-1.3012368833572603,0.35971131562426073,1.221010696837486
-0.5512704299269667,1.0095491434882278,-1.5042564231370372,0.5434741215538553,1.1683035546711322
-0.42231745517445946,1.0632033206248017,-1.6579152479584809,0.7795528750109011,1.202344652922763
-0.5142699712054005,0.04377922090677388,-0.7714008633829864,0.5100126467694769,1.1953205375869567
-0.6131342853352306,-0.55992248041623,-0.220011134862848,0.359530950670358,1.1547369612383933
-0.7305225386413036,-0.6053913491463386,-0.11478633819689672,0.3546369003389792,1.081477188080451
-0.8800575845373884,-0.40666526070477765,-0.18788080902268367,0.3935455343851581,0.9870609278052987
-0.9337072032134238,-0.3995487044371967,-0.16643746405319026,0.4233417806405499,0.9641185177263748
-1.0182564945158938,-0.5343071397961379,0.011484798588507603,0.25841705277479987,0.9587298921674852
-1.0333354224295246,-0.5948142877509411,0.08365320621160813,0.12453274401646082,0.9809086306921366
-0.8875521699911385,-0.24642262538144594,-0.2991529796421934,0.3206392816419767,1.0298457986854541
-0.802692487211659,0.09600730113101623,-0.6537729595140377,0.5769857832869159,1.0293464585861287
-0.8552665656834958,-0.2522974256034742,-0.34925222930431604,0.5312828553222693,1.0067678837211609
-0.98332237444151,-0.5667872851453576,0.01752072012998932,0.21100522793535412,0.9948626895682768
-1.0050862027264331,-0.25855835206300115,-0.248730627040412,0.4685290521651054,0.923354714587515
-0.9609403829953805,-0.05880937088234565,-0.4769604840529473,0.7920250056835937,0.893152713755098
-0.9665338666958575,0.21762882213573131,-0.6813001718788246,0.7496510612768704,0.8973265216557316
-0.9800862026322567,-0.1092603670710073,-0.43153072854861946,0.8332507334756609,0.8632820938292153
-0.8719024398459104,0.160946777804824,-0.7018749503578048,0.9264132483800905,0.9098604816947984
-0.9795134630670096,-0.3945475600503266,-0.03707316183048977,0.3473990400747542,1.00155648688015
-0.9288478176726637,0.05431401553103262,-0.04955855479119257,0.5057830055939965,1.006738951931418
-0.5604137357863432,-0.19157339037040033,0.4832210596370294,0.3319259344101743,1.3933903232777922
-0.24815728401809503,-0.2819977443318951,0.6543390551912439,0.1445164432992523,1.6516059597992114
-0.00876962192983212,0.5434259773682897,-0.063337267116889,0.44438739445268655,1.7725159407542181
0.47058803578779596,0.8268015907169557,0.05824874682453687,0.6713530930791812,2.2200803285155026
1.0662748567106866,1.2007851291404619,-0.2030944389171077,0.7914166222992176,2.7032494736164385
0.7034573748002332,0.43566216050800227,-0.5601381856210745,-0.08419138960133911,2.3818653510150996
0.8098353661609111,0.8707694250986376,-0.34005971621872894,0.133208574178181,2.4371790328231224
1.2453815848313916,1.0612798782974688,0.42506608819535546,0.006873842501179566,2.960722085066422
0.9892120812205317,1.0782098206891177,-0.6602777868174055,-0.08134220372749505,2.6664480529702583
0.6330422759680084,1.1391565906420829,-0.9676206483045914,0.11156256337929986,2.279426266346278
0.9043086618119278,1.021387955963559,-0.2790336097578195,0.07652078525568094,2.5149772683528133
0.5468998690617348,0.3162889229558328,-0.4213729053200499,-0.6744304971419683,2.3835693578466435
0.5061795814530885,1.2773230480147193,-1.0945331236396305,-0.6553991551633715,2.3635782995952677
0.545027505213539,1.3194907764131218,-1.0525016246236027,-0.9537786379803465,2.5061296865234843
0.494196409421675,1.729347954919373,-1.0540815264834176,-0.8781013520286243,2.368073481051815
0.20466882407833106,1.2446791470588179,-1.0734921009067802,-1.252555448248178,2.388731931001588
0.045649669486173786,1.6235949103024778,-1.3731403289149795,-1.1734934878154348,2.0405856923692034
-0.2676296630205836,1.0115306571760136,-1.1020351161486515,-1.6357994324002303,1.9595031632440258
-0.4699023952793814,1.1219747373273845,-1.2341414903405934,-1.645793684864179,1.8508150377486838
-0.7136062340568254,0.8571478358553258,-0.9311275135387004,-1.7312824980692763,1.7262369571268732
-0.9149013785102549,0.666762768152774,-0.6655626205257114,-1.7391672805948857,1.6274609002843374
-1.0560046802474452,0.9792663421497745,-0.8599620831511412,-1.5431131276659156,1.4934409887775655
-1.2160095330569496,0.8872627325138828,-0.7015478331033309,-1.5179407681845096,1.3928279993486292
-1.260545356140164,1.3024800422788918,-1.0410687551058766,-1.231959123518677,1.2973542990451745
-1.2656080559020024,1.609703574042795,-1.363401714310089,-0.6089232672041296,1.1523667852936126
-1.283247667334526,1.1590701206115792,-1.0226611896014515,-0.448530994230123,1.0921158850095434
-1.3235822612753665,0.9205795346006342,-0.8282013683494551,-0.3779767186020083,1.0460901708509815
-1.4710455965242923,0.15815063777603677,-0.12066932785432738,-0.5874565360219233,0.9925966056773434
-1.5104294891178736,0.06963340105866193,-0.030110860641852005,-0.566384553213272,0.9634437260717442
-1.5229374405659486,0.3368035901324887,-0.26229849334669,-0.37033468767072997,0.9100996895688803
-1.554266122512114,0.46196974116994377,-0.36948018651368136,-0.19322322506233863,0.8398909409765781
-1.6218501115685138,0.1183422847879931,-0.05403885789446061,-0.2508133908797619,0.8164443938512634
-1.686643892131052,-0.0609414087307843,0.10379268319245162,-0.10430090269340682,0.742308474406291
-1.763761241528453,-0.24045399972442796,0.27836038747669417,-0.03154515458974991,0.6925515988692652
-1.7931077516127576,-0.2909455767194139,0.32124607927363946,0.048343365142606814,0.6518250138060684
-1.8151071903331557,-0.23794687281088955,0.2604047523256876,0.2980264357751151,0.5905837546157018
-1.834113657144271,-0.17552483536645988,0.21381496979561446,0.36600103660187583,0.5665970039807745
-1.8655104211512652,-0.16908793439094097,0.21642656334830704,0.44424223891851516,0.5467315031656483
-1.9133729623233937,-0.2979440198540675,0.3282845643756059,0.5634518362204389,0.49290186306651945
-1.9262218306662002,-0.25347375699497,0.28785213451393116,0.6691243448129611,0.47574908685658557
-1.9468895819217185,-0.3263486329976805,0.33948442136635587,0.8061996354386831,0.4377700575596596
-1.9566213261722745,-0.19356828818454327,0.2358974721486602,0.8547319594044039,0.42859076928252493
-1.9631329418823626,-0.1583838013394894,0.20823724287870776,0.8847665438840149,0.4278627107561245
-1.990982926913287,-0.20639262744787507,0.2563854580196874,0.9211017709821859,0.39808234634284445
-2.013249739452706,-0.31910598036051235,0.3610396580521097,0.872494684563743,0.3926211736741922
-2.014855266244665,-0.27182650270558983,0.33673527782412355,0.9281782011493159,0.39114962965014766
-1.9584392747064845,-0.2149382793487185,0.4128308463200371,1.0698952613284816,0.4236212889665461
-1.6602796274437965,-0.2280059432286846,0.6873914662880353,1.1456841869122893,0.636095802660268
0.013113781447334046,-0.01696638259445242,1.2592661972211312,0.784675674391996,1.9777364024403048
0.5337916085813307,-0.04270104906160396,1.2093384792457915,0.7262751378327016,2.37384129002331
0.7364382801531173,0.29235802396089866,0.9884372746062364,1.0022006362438032,2.530081698367055
1.0754067444681334,0.29047882737607467,0.9391178113004518,0.8606981543113087,2.8127743811773165
1.1987356215216858,0.16839040679275766,1.0873577124367573,0.49083553252358175,2.975585935392541
1.2723506550756367,0.3395425729871479,0.9145996907586667,0.21726155200249608,3.035359051087158
1.2576564318314092,0.7222867229772648,0.5704462938511002,0.2902751983197682,2.8858813175588747
1.2919603762218828,0.3030603487499287,0.8064622835579422,0.030493566465319418,2.918931881599646
1.3509655170799992,0.2054973632605536,0.725461487732732,-0.24254313524051946,2.9405497835399537
1.4694218844394356,0.15966206350379847,0.409068418839354,-0.42826525045100877,2.97172072247291
1.1660986706890013,0.2808462574309839,0.1525685407074038,-0.4845978466100458,2.7729291834733174
0.6876834587761219,0.5020830492110858,-0.1841039497030673,-0.6215266676059923,2.351071370487291
0.4669605242964356,0.6662074170235674,-0.6786674473419401,-0.8392838893609201,2.2813135910538986
0.16853016215484587,0.6249744775713282,-0.8638465216352273,-1.124580667165297,2.1937979687094233
-0.12403987205489475,0.45424659430932784,-0.8525030523226379,-1.2959951441666693,2.032453160022965
-0.33958897000929916,0.5216688296285904,-0.9629410130167521,-1.0185890669131856,1.6742977518573732
-0.5297504482632399,0.4562308055007158,-0.8428372566740003,-1.0282826070700717,1.553991698539689
-0.6613591731717213,0.3431254716799221,-0.6754523575268916,-1.0814222726315115,1.4764908393284166
-0.7716464233460063,0.2164140307989695,-0.506536456380629,-1.1474201486941489,1.4193792117060955
-0.8456906658678008,-0.04337142763763136,-0.2389177209484338,-1.2821164449706146,1.4169871689123898
-0.8995481011464072,-0.38191407907631614,0.061933707352750195,-1.350892964170387,1.4000812890369447
-0.8884792023420693,-0.47536827127282205,0.12393660234137903,-1.3366880908287746,1.3950561190941753
-0.8673528766829405,-0.6185317871526131,0.21870288714529487,-1.307371935793576,1.3991637451731274
-0.7958330270995291,-0.4657486730763293,0.04336154055145656,-1.20951698997973,1.419989418464185
-0.7674988854153197,-0.6380189408847975,0.17222027372934504,-1.2936154236518287,1.4607469873844112
-0.8097350243722294,-0.685166231187752,0.22009413182928556,-1.1957924397865014,1.4019223985813087
-0.849007294761815,-0.6268405045247568,0.19414479907489893,-1.1921512782463268,1.3768066622345174
-0.8733151834451177,-0.6877984153569959,0.25646242356939114,-1.1771731402131138,1.3493069206070507
-0.9020293695206922,-0.6921151713828096,0.27692555733920743,-1.1812415008762898,1.3397496558923896
-0.8571783596581066,-0.603332953947807,0.17176875320253687,-1.1591598422826055,1.351753516315463
-0.8177614038717494,-0.6345944279305957,0.17331131839567546,-1.1826267710793157,1.3572391520016327
-0.8084889814121976,-0.6819896270138552,0.21590890364503346,-1.2151359398857258,1.3849942221492786
-0.8503116494970274,-0.5707177180292735,0.14230097737853248,-1.1224683569690437,1.3376136800610274
-0.8089390974344303,-0.6600396829561725,0.1910916332440455,-1.1795985418341437,1.356152634274331
-0.6939209785501379,-0.49564242310172957,-0.0029343046827752187,-1.1687479009373827,1.4291294721319947
-0.7824518660487142,-0.5739360426994862,0.10696319888735555,-1.1561323731384725,1.3846440014452184
-0.8292744283619365,-0.3633374009388487,-0.05572306646801385,-0.9955284995033374,1.3006245816964477
-0.9509545525910061,-0.5764317727932644,0.17088304063121515,-0.8849321937909173,1.2117405158571823
-0.9813864769200706,-0.1466810198282694,-0.18070296001303024,-0.6601566974808941,1.1464265215316425
-1.022880119242362,-0.4600283053145597,0.09604340323781925,-0.7220597659055144,1.1347827886058586
-1.1354104654956003,-0.5316618367708589,0.2323955056961671,-0.8269182393440816,1.104451549201954
-1.279942275135852,-0.4039652061977737,0.20959738485383494,-0.7602207529388595,0.9944893207077993
-1.3847420112264375,-0.49276746864307236,0.35274181467505167,-0.756805237833955,0.9413866366428062
-1.3513185355511286,-0.21058792375028354,0.18503162633346765,-0.5368381296132859,0.9424895751475383
-1.1054111395018122,-0.46789678349049657,0.5375064058728097,-0.661267028712301,1.2110199417765504
-0.7207354686924679,-0.6875525471444319,0.8372550268917688,-0.8103412480805516,1.6705440722472025
-0.43819676531795426,-0.5915793021980961,1.0022915909917385,-0.7223945511067079,1.8125115798094338
-0.17890112527486146,-0.5032603816935685,1.3262357481474152,-0.7082166910302268,2.012755522507959
0.5069699658117439,-0.584540435143491,1.447801186284917,-1.030975451123615,2.724217765910192
1.0375262436437143,-0.4210655337135831,1.3143594839069566,-1.0104999355758573,3.1183188603180545
1.232127312093133,-0.22689327008808585,1.2627970170035636,-0.9908741991821904,3.184460728209744
1.5877950800215594,-0.436223800682257,1.4130417902310333,-1.1074607871144575,3.452884322488245
1.7502821459348437,-0.416411788580431,1.4125794859673,-1.1397667408695356,3.538280305287403
1.727527829884374,-0.2642530074113251,1.311510550150902,-1.1941699480361911,3.4619504613935623
1.6818127537741787,0.023669654414807263,0.790419826934312,-1.1477601957602495,3.316193321148777
1.8423872179644287,0.4075599790860588,0.5500641219844783,-0.7756733665548311,3.2996213795904263
1.6715792732544346,0.43747070067038607,-0.29365822109738826,-1.0647235664052523,3.1405599825883304
1.991537709445491,0.054790183097304844,0.22256940586453264,-0.8948291435031432,3.1992659793170577
1.7645297663950203,0.35872693882065754,-0.2611264779494229,-0.6042611121143066,2.2608065977375333
1.2360473200253514,0.8067733164349686,-0.7522291581177466,-0.7918703409690633,2.578778056346042
0.9733642033796578,0.35162767237874437,-0.6307679722951858,-1.3255770372803268,2.5134866313085014
0.40325560210574496,0.10466561232350954,-0.7729783821176084,-1.7015839028380126,2.179456045549105
0.2913748910291769,0.1988807250061642,-0.9572024873449206,-1.6848981117883872,2.1297945735320867
0.053953298036123115,0.3381218030978044,-1.004535549296809,-1.6544238024737963,2.0009818442042597
-0.2539312012683559,-0.27208475152401285,-0.31374117580878824,-1.9101111907263855,1.8589599006171318
-0.34541603035257423,0.30222670882453073,-0.7454739712932609,-1.6525127060055713,1.7470754965054187
-0.511439300945572,0.2504547013933023,-0.6109906886888101,-1.6448313840720667,1.6521646672048802
-0.6895253226683955,-0.33787396510512085,-0.026170638637158985,-1.7988168791381494,1.5823284991793627
-0.7971383418338106,-0.43123450082236453,0.08928992377117453,-1.6881127062090606,1.4856221672717647
-0.8665177393161072,-0.42263650516848306,0.12462900773971561,-1.7020167845793919,1.4463733267788725
-0.9380547719546831,-0.428592740595414,0.15679108944212994,-1.6048263716110454,1.3806204528106383
-1.021758696116086,-0.4416000541466576,0.20296911254062003,-1.5292019357093172,1.315622761423503
-1.0989138063488026,-0.4896421233262162,0.27996406793325346,-1.5066082094569897,1.2669362469794891
-1.1445750959137797,-0.4485450119344586,0.25570576511405607,-1.3442253271431188,1.2138231156428796
-1.1922666123494854,-0.47027455713324995,0.29310207590578574,-1.3033085553562334,1.1824505941860297
-1.2301572348690326,-0.45463055871159136,0.2919699923009977,-1.2514770692520405,1.1494713468183946
-1.2811525898138243,-0.48674600377869354,0.33785800084100487,-1.202677216615129,1.1010448797731018
-1.3236914943691154,-0.5293399126085041,0.38542896648647573,-1.112606818553835,1.0582836546024637
-1.3455325053764586,-0.4778931290247117,0.3576963720338293,-1.110856454154887,1.0604982745348221
-1.370073983499314,-0.3062594997140014,0.21638976086703507,-0.9898199195775074,1.0072512914579144
-1.4087215047091557,-0.414807035466876,0.32846509132971263,-1.0065500062082058,0.9998352454324434
-1.4575846589855157,-0.48825603666851086,0.405226090193532,-0.9172850441327435,0.9482228392368757
-1.459487311525179,-0.34545096930705005,0.27466864866985163,-0.7699745185719653,0.9279364484598005
-1.4812516437251808,-0.4014114225047868,0.326838843512738,-0.7697040018689768,0.9165056463469038
-1.532383480233362,-0.4951701664056834,0.42688635839409933,-0.7570922959514504,0.8854174710861444
-1.5624551321205886,-0.4848112612103499,0.42601029820421177,-0.647469568756638,0.8504099095025682
-1.5806032755308814,-0.4654674946808786,0.4085873946468749,-0.5705923639458826,0.8196596829665319
-1.577326594476772,-0.2345856303015929,0.20975546243583373,-0.44281326176601205,0.8059654875245142
-1.6127431474088259,-0.2510582905063454,0.23218818955063883,-0.3871460073346592,0.7767994800950242
-1.6544952145918679,-0.5317753102352364,0.4772407655533297,-0.3371862278751404,0.7443784948129345
-1.6122807428934518,-0.5697654030416578,0.6165361310573105,-0.410945268218153,0.8041113160673328
-1.3174297239228612,-0.482740862303991,0.7250001607718426,-0.34754969281310133,1.0426968126622707
-0.9623997951898667,-0.44043609939274125,0.8538667173551213,-0.34062170200907127,1.2626370901066508
-0.7035438801773477,-0.49667880386209484,1.1595866100857315,-0.36296583822084244,1.4240029659852877
-0.3361088849994187,0.14201888188204398,0.8238156276518559,0.1358029663267704,1.6081628686086675
0.3490219663116386,-0.19443279724048274,1.1256493226025015,0.027729104267482225,2.22922298350151
0.8422842650714718,-0.18790112903340703,1.0405477287261056,-0.14185598568770902,2.6297249572856387
1.0717553429255178,0.169681664591619,0.8721068706665486,-0.09037948262757131,2.7137496774399703
1.3426541063150876,0.32201520774386666,0.15686812255853808,-0.2027870881937664,2.809812122764996
1.194497975385082,0.04872138474423947,0.2802230495990176,-0.3484728049077736,2.5870960478286396
1.0399213347524856,0.057324669282293475,-0.31614574865598816,-0.5621368675701827,2.4362280530731653
1.4314028906563814,1.3820278839155857,-0.042595430087326615,0.5477859460942718,2.6575025370218035
1.935884455017185,1.4118273129193308,-0.2163714214670508,0.607719856302578,2.9930831544619445
1.8602858262600281,0.9496804282103187,-0.5284672554850808,0.14021801330874903,2.906736142797177
1.8489144776494515,0.8363845515012425,-0.5268088088145756,0.08258468028883233,2.812086712335235
1.5881217137279424,1.0734240195557518,-1.1785281760731967,0.0053430149257079765,2.6806975443044427
1.166646481756248,1.071690152925053,-1.6390618808512738,-0.10192173221755543,2.2180731354468657
1.0440649873718284,1.4708341121278539,-2.1253068071222634,0.054145938733430744,2.0888089235390166
0.7835256304077588,0.5329304943219926,-1.4709719277705673,-0.3913192004155247,2.017200513447906
0.5274555205352077,-0.23013714604717478,-0.8445114670726233,-0.739345374979456,1.9259917058743532
0.34052045310968143,-0.25147145897237544,-0.8332858510115391,-0.7758890836547185,1.8157030541399055
0.24514845626807924,-0.19268662462419847,-0.8583293007875974,-0.7501020417296552,1.7303795197932164
0.16446411386685225,-0.19523413707107837,-0.8191681703291713,-0.7061491230834204,1.6652064868880367
-1.0103685988516857,0.8241850831158888,0.30294627359332416,-0.05190243630684183,1.5527350073659385
-0.6344293828445067,0.9684186621306621,0.3894510512357067,-0.14038737716711472,1.9055279018191955
0.6169071653917217,0.9305462772729955,0.5497333764649832,-0.02253690279821284,2.919148374535683
-0.4142203314639291,-0.1768982090127741,1.2011701946829956,0.559898760127693,1.612372080553746
-0.2694521716154706,0.18252260114059196,1.0753578668437351,0.29942402126120815,1.776211677607612
-0.06618327743844717,1.104248801101493,0.9872661828838263,-1.709423258686276,3.5410377742103805
0.0746121905622311,1.5608195240779419,0.14627610036878005,-0.9026916676624446,3.000918759095163
-0.20009160389767686,-0.04440968302153155,0.8901820698762051,1.339561741210913,1.208364365582174
-0.1026522786364249,0.6959150025591683,0.9520574744440464,-1.0222803576548147,2.7919838904251337
-0.049536188304251424,0.8066467424604112,1.2116331571644015,-1.4517921618853085,3.1916575248106094
0.0934560213355775,1.5805799502933493,0.5091413095506904,-0.9997992624965628,3.0723280038644782
0.15032830426312419,1.8701782624963414,0.24489800288726568,-0.8802512417943192,3.088013312880419
-0.01245457841278976,0.5349821576984332,1.3829160261602047,-1.802752180778502,3.3444347169786237
0.020396438708584267,0.17716239974713016,1.188830100802643,-0.965135345266918,2.1965940362002825
-0.44280516310699425,-0.34312254184156304,1.218008496595436,0.7350581823718275,1.4230894925306308
-0.355891467019781,0.2956561132672586,1.4243121499105589,0.7517564033609838,1.6103731645089272
-0.4115948891503848,-0.5708430705934577,1.29379268053118,0.528598893592605,1.3061684505091071
-0.24220526870025727,0.31405387947173713,1.366593471115341,0.007429780736585754,1.9030295713656835
-0.04894041094063178,0.8966769739049165,0.6362562197859153,-0.09417469822069854,1.9478266764273517
-0.13096378447378268,0.584849466385907,-0.816483626852153,0.5645528343778946,1.6979172246193994
-0.07651145385104124,0.7803722648160808,0.07586296093755704,0.08380213260356859,1.9025575112374236
-0.01834618345992455,0.8078176287394113,-0.19774329632481838,-0.4753906889400193,2.1233218268210234
-0.4468900733989135,-0.7347366171357074,0.6980310154394311,0.9526223111045047,1.4185926178772794
-0.21834265685163232,0.7897960113191274,0.7372847663972407,0.3453299586588639,1.950405124094995
-0.16040526468958236,1.133705050131128,0.48832550668230523,0.16744953269279378,2.089498879121129
-0.09306807158134604,1.5939547208900469,-0.06519278373272204,0.38123322342942434,2.0716338138435346
-0.11603208437266137,1.2781603438718792,0.08015388971797932,0.16707646217177835,2.0773759339792743
-0.2649833218973483,-0.07192601292113869,0.13014020037230026,0.9531120431703616,1.5057665889067906
-0.18510413367542256,0.06382325747846246,0.6152367762986752,0.0972752846047455,1.9049285581503403
-0.16337045228507457,0.07435548649854892,0.9320505526607247,0.09609217813809684,1.8590739602473967
-0.493830652498995,-0.6904892283835592,1.1164116697320492,1.5741407132266703,1.090085950344606
-0.32095662529683466,0.28584001322892205,1.3660925817056937,0.9912988988382442,1.4699986217962944
-0.31020370803228936,0.223244959081139,1.2127750602204348,0.6038853862962967,1.5150060046772602
-0.14955212494238695,1.0531850104276093,0.30875850070429695,-0.16637262883649778,1.9229969004516734
-0.5763746503816389,-0.4821908622154659,1.0317560311962037,-0.18633952703588877,1.5456932378602553
-0.48761427799249746,0.20529061893219627,1.1020886336516413,0.24378463503389958,1.516713302260756
-0.45451513700232865,0.2888493420099716,1.3472959746004876,-0.35660279097155656,1.8371304026933266
-0.4350023569446647,0.3121831554016669,1.0272109301615686,-0.6461025355250503,1.9608511238906419
-0.6382046254488042,0.1649598196657482,0.23620663450383153,0.6460880198437038,1.4107500518960174
-0.5876925348978913,0.30353566765367446,1.305653617427208,0.7602553426395944,1.522708566873409
-0.5787514083458133,0.22052362410788887,1.4084472838793054,0.4154286923502464,1.645515709096033
-0.523280112853595,0.4667281246302966,1.1995126249933816,0.27917525981510277,1.745211293370567
-0.4986104218668214,0.48011037094762454,0.9121935945845954,0.09879274820793,1.7198769024155722
-0.4458186220427691,0.6701554293806489,0.835576328539821,0.1533823567638357,1.8151372998824087
-0.3547985855940575,1.041578421029916,0.27394918741069235,0.006323949540383468,1.8803769894581996
-0.12787695335838922,0.8152201548210921,-0.8290127760382339,0.9841433014109461,1.5459925039017544
-0.06010765568857479,1.1727635465508388,-1.2568869955662805,0.9025423862947071,1.6293517706943277
-0.46369267118017876,-0.13899633862680397,0.15197409815891338,1.2702473280341946,1.3564455310917929
-0.44180536794688374,0.018686587764372525,0.29616613616932974,1.1086287047363133,1.440928441540911
-0.3991566162731868,0.32628490279684164,0.34050124187063624,1.0198805638973258,1.4690003942205314
-0.32884008089974415,0.7509209303144527,0.3457363883466489,0.881262052920344,1.4963590123377688
-0.312082680287341,0.8038394239082024,0.3345122977971583,0.7512379870899238,1.58901559100315
-0.3336216337996794,0.5592397882547193,0.367419513662485,0.40893252299637417,1.6265323300224246
-0.303349172266435,0.7289011176252327,0.21911790750292467,0.3667639085834796,1.707568634762788
-0.650880356077357,-1.007113535728984,0.9526808256758015,0.1717934029696442,1.393403367836078
-0.525314769534717,-0.16387387240851367,1.38178186340699,0.7162886399523973,1.4106002567906586
-0.16584121318185427,0.8403007002788317,-1.1865190334107985,0.829737551316601,1.6205368420415922
-0.12027813534053865,1.1089886289344668,-1.0985577917024336,0.3635205623679938,1.8006046565629281
-0.4531894835873439,-0.4274590835578968,0.1736669604586062,0.028993006983632393,1.6812492911456947
-0.3852858166973626,0.18049733777873608,-0.2385476309719164,0.10989446985518063,1.7190671103509736
-0.29604851802748816,0.9750893046528132,-0.7065656510098155,-0.08829141411396113,1.8703663470105372
-0.2998668851258102,0.920209632814101,-0.7282004808563233,-0.25685366850868724,1.7466969378508412
-0.3555478982993849,0.39566082158660054,-0.23896064672557715,-0.5335115686985816,1.7961983058711717
-0.49190482070968666,0.37436173451619986,-0.10983258150678651,0.6887648406421402,1.576191415522967
-0.49874983564817477,0.32300321620307515,-0.33594183235002445,0.4206939621921603,1.6085364540005445
-0.6214041281510212,0.15146299012339876,-0.22636343374486492,1.0091613482774202,1.4766260877689465
-0.5056129430653784,1.13786570608659,-0.5404894384116252,0.49611112864942086,1.7209620688792764
-0.5056697698729732,0.9782323391892898,-0.45167473922407914,-0.21216095030497334,1.7819010152620751
-0.7729889784261541,-0.4448153491894522,0.40539731580420196,0.6122394888208056,1.4064003345787737
-0.7322646715607662,-0.08886071464902122,0.2800308811660408,0.26882056755093736,1.4989626816858124
-0.6173143189792811,0.7972933722404497,-0.5650036109247081,0.0028988814542753425,1.7474833468980233
-0.8329559994096719,-0.4031727499795285,0.48813168009873037,0.5972032430485548,1.37597418111187
-0.815216111374999,-0.26523379674729897,0.5457670462292541,0.43319330570515935,1.4420328654484391
-0.7747886532853452,0.08368876979141,0.22848877688522973,0.37631703489575985,1.6120471312427442
-0.769065200242181,0.1137291561157665,0.2295054053140285,0.14718049766889443,1.6796182328536222
-0.7492432638187813,0.27078093722292307,0.014196789854501377,-0.020657872427226106,1.7152547881775542
-0.7399541640707283,0.29247802194574735,-0.13683792226452332,-0.3841204501741716,1.7880364613199309
-0.901751458584499,-0.5511714038519488,0.772801562816924,0.634400214952146,1.2996296087879375
-0.8650097655666641,-0.2825327575504551,0.8544123398809003,0.8121576739103716,1.267664837767091
-0.8446048244388292,-0.1357639895961441,0.8846325826420978,0.8116871339193,1.286102548072003
-0.6476666465522479,-0.4423038651571126,0.7911447300014016,1.3677210463311906,0.9953369161908775
-0.6288392745825391,-0.3774403492837472,0.646790955386428,0.15331521107799506,1.282187172657519
-0.5886805940433713,0.09782965851620243,0.1723032246180468,-0.17102628007399512,1.4714072778227434
-0.7505681704020111,-0.22072969061446945,-0.009322633435871466,0.51099626082747,1.3221246186195053
-0.7521809169776552,-0.220775333374507,0.14724323839819004,0.40588753272777034,1.1787343044563174
-0.6595788232832204,0.6011250594063604,-0.32350933420551287,0.41176285905833776,1.2631723661906158
-0.559772260590414,1.4829160678622477,-1.0443375112647497,0.5327124329933811,1.2950200324743182
-0.6060826838930281,1.0541089552533112,-0.814418445491256,-0.0834296180088122,1.4166025908888935
-0.569511799821786,1.3017126693192411,-0.8304909969053843,0.06462141217252916,1.4032489080803487
-0.8837675844953811,-0.4729889027690749,0.7415628862466345,0.7710223172564883,1.214503478696855
-0.8640886191462341,-0.30419816941215716,0.8247601043488614,0.8748229211396705,1.0284596579039793
-0.8324682062406047,-0.0666614544721766,1.0119037895687133,0.9819758009367716,0.966024524534774
-0.8150876430925551,0.06700462369509665,1.0087218434500471,0.8000326335894605,0.9964717719559745
-0.8063577856806852,0.11889881270314273,0.9959886042699394,0.45939440508886326,1.2289053300479984
-0.9928726326749494,-0.6302857588266587,0.6219120269903029,0.4815172201368578,1.2526776445518595
-0.9855122701225019,-0.5886291334252303,0.841281618939775,0.614273437528855,1.199821408940507
-0.9370706610736962,-0.21868608369596604,1.0608457358900234,0.926040938229944,1.003536882523378
-0.9623084405919915,0.17781878362848808,0.7180955466267901,1.040893552596479,0.945451554223846
-0.9109235112108641,0.6112662550419223,0.29868612411406575,1.1440252645455196,0.9158590061838117
-0.8801622305542371,0.8447819296105811,0.11375366744594943,1.007631007184874,0.962916886104139
-0.8845574071993773,0.7688753131599851,0.160222299621184,0.7003987413153558,1.0354465152718113
-0.5529029144613296,0.8951744759811112,-0.19512703047036364,0.46941024290449107,1.5127451753235983
-0.5760738279015918,0.6852463266964105,0.009586212135780238,0.3145278870015818,1.528222918765065
-0.5469653039083733,0.9471443040752329,-0.35444779875101257,0.29746704260109547,1.5576465463021596
-0.8851380279805511,-0.5508490709856899,0.6855410476542052,0.10283297080070117,1.4694958150408532
-0.8599163874766976,-0.3228464307658158,0.667193561758007,0.49267506128928845,1.2336313193998598
-0.8373197881686816,-0.15203612312845205,0.9110081611839499,0.36311358450959386,1.3816388665864763
-0.8107904308267381,0.1110210620642823,0.6894534823956501,0.15706203233945012,1.4057044580004774
-0.8066014346464192,0.17042932517748252,0.5333218234674321,-0.19410457997847436,1.4936921878187086
-0.7895855819840832,0.3324470579489789,0.2628390215833599,-0.24070060432301454,1.5250089048103472
-1.0179520926435326,-0.708078447632998,0.5314997599325663,0.31303878138411734,1.3480858020527136
-0.9967049500781494,-0.5517997139189976,0.6079408655626395,0.5082255196507758,1.2810872084567533
-0.9829200419668036,-0.4547333065602565,0.7836735587944134,0.6096198410588984,1.0773349797968452
-0.9281920761788015,-0.0586635339932524,0.8486915786257657,0.24980151764383207,1.2714892063053043
-0.8920487816933056,0.24594165748011942,0.535285953743181,0.3043114896488124,1.2720283811036879
-1.0159913747535192,-0.25302290708047553,0.5998154195473829,0.7273280118566231,1.1601142147226646
-0.9825378943004351,-0.045432537418369216,0.8416913404364711,0.5214391846594605,1.1555096915259744
-0.9816939171475367,-0.04029724680060709,0.7376217792621208,0.27603515952856733,1.228813717726363
-1.069417099721732,-0.4694839942721505,0.669388401780552,0.5189380567357116,1.2304969158387635
-1.053017563680045,-0.33912472985686654,0.7925444620230483,0.6636284644238989,1.0455132165436547
-1.0331550995755099,-0.2029991317252424,0.9489023065004747,0.7988979196259497,1.0290043782263358
-1.025776715340614,-0.1473916790528952,1.0105208250982727,0.7288436944133417,1.0045370651707195
-0.9936589156551118,0.10915035131273418,0.8461305371351112,0.7948869489361636,1.1366263183701701
-0.9960257259409502,0.08187662600944491,0.8645420206346094,0.6956786854780604,1.117846990092347
-0.9719470120626623,0.27893923391177977,0.6779874174728758,0.6488657829746045,1.1521759775585938
-1.0706960247555724,-0.08674974340146781,0.3655436029000239,0.7242309508089523,1.1497662464155465
-1.0791203711638724,-0.18077634755785374,0.7013330714132967,0.7126393433758204,0.9732606446459783
-1.0657461433824253,-0.10675556109798996,0.9282856691281027,0.6949940063285373,0.980562318720969
-0.99994393203925,0.4482239212602062,0.5598443453213944,0.7149788164838655,1.1234387759413755
-0.9745648035621278,0.654919149527402,0.4952680187543893,0.6158181931756788,1.1571571862144931
-0.9852322130944564,0.5650348610465982,0.5544264968550562,0.38344843991155303,1.205517389313794
-0.9920698441125412,0.5323271732875557,0.1620584573912964,-0.23213977493768612,1.3777116881220113
-1.0005434947789564,0.4351120002592236,0.24907566475663456,-0.3691246213436291,1.4303263142999199
-1.1793900329728881,-0.6165209054860536,0.7984793057700851,0.42554200901862876,1.0067165959803808
-1.148805206284418,-0.38331022199334436,0.8253257877602929,0.5700987399507579,0.97894572270576
-1.1193158565158297,-0.15318223867817518,0.8871744092641943,0.7528643593573616,0.9774456743857189
-1.0786440588303972,0.18014480622964368,0.7725831617515028,0.6247714322793703,1.0865411667158411
-1.0880676716095599,0.08566769979621676,0.861811396271328,0.08536041394829091,1.1922472509202175
-1.084029119398035,0.1178199737449132,0.7390958377303826,0.025328123710326535,1.2017577323082653
-1.1579252839003453,-0.27229927607143045,0.7836426494870359,0.43520778251239245,1.139129420465636
-1.1644633557164796,-0.3665765238491968,1.0865414413891086,0.4262927126345469,1.127137157019706
-1.1976854413650664,-0.5326718184190155,0.7627768584620837,0.4852534827980325,1.222021934583038
-1.1490535815202878,-0.17277513163978858,0.958826254467057,0.7948328307219569,1.0007472203562644
-1.1296716691797088,-0.04878523166818638,0.999011415986363,0.970571528179337,1.0355462787137597
-1.0556385929741132,-0.3437947055686442,0.5792288213344294,0.685219879240419,1.0338997480920122
-0.9889663161682388,0.20082116694028496,0.0514468100666686,0.3157333742527527,1.0940567969129271
-0.8405145560910255,0.5538355688881065,-0.22554397844159874,0.5008348295103068,1.3077805927727553
-0.8038329657136773,0.8902341722559836,-0.46572648093988267,0.5971073539384607,1.1509151264074622
-0.846723742297558,0.5193004188855147,-0.09813258272557532,0.3686774823329638,1.3130194244499096
-0.8439966713821014,0.5406293053438705,-0.11242046166271806,0.34574736748687435,1.3184407493706614
-0.8491161355533734,0.512779863087008,-0.1455979077303754,0.2910238924126371,1.3311634737104545
-0.9124977988661583,0.6829805254807296,-0.2277586492661532,0.39944619559269195,1.3552011218215898
-0.9084950385037658,0.7024552870208133,-0.1600019989473643,0.39458568413158096,1.3330251671597748
-0.9041895735868325,0.7313771590126888,-0.25731012038954193,0.36790882224984367,1.3495751838684333
-1.0384060937385005,0.1205718545708843,-0.17820246485764252,0.6393602368640003,1.2213355701877378
-1.012603246298068,0.3375548892225649,-0.20178261267778336,0.7804253290400972,1.1888108594245406
-1.0610798475265268,-0.08870770489640785,0.31635142083910284,0.6459548512448008,1.158543075147489
-1.0386676422855712,0.09884923707735814,0.2999398532184771,0.7672835277804961,1.1345524819927852
-1.0553218955201475,-0.029257624819224295,0.4710387869814543,0.7592255356938836,1.0518034298220877
-1.0331217490877502,0.16206623343151094,0.28866502575550124,0.8337059596245487,1.17944586984861
-1.0398839799134356,0.11004880385050048,0.3836119660063131,0.5692661790694721,1.2368783856379186
-1.0331371813074386,0.18035929478995535,0.30799772013520704,0.18420925148388817,1.33353800435319
-1.1489333439601037,-0.13728655107696322,0.6098269279743839,0.6433168752809675,1.17818905161594
-1.1154869371996643,0.16102217156104107,0.3904552464460063,0.756506119208339,1.237581512378734
-1.1110891093747224,0.20738017371288675,0.3141874301959856,0.45347759764163253,1.3118563685801292
-1.154130100611905,0.4691879202819724,0.10464805519141769,0.9479606774795158,1.2073119883108996
-1.2127427295772146,-0.02509119065733268,0.590230303814548,0.658709603000249,1.2025336209871176
-1.2123884818492439,-0.016193426150272545,0.6277698832207044,0.4526354870645501,1.2132140955716941
-1.2156815768817937,-0.041529889531434376,0.6949937114652852,0.12696869472921624,1.2538048826908306
-1.248995512595948,-0.1870126547937889,0.7296651901606472,0.617523182169849,1.1412984155699997
-1.2221971570407817,0.04105396805538512,0.5816729727499923,0.4315685323638315,1.1560728935279303
-1.2196359479464394,0.0722114269313976,0.4404013168778559,0.022618849927864813,1.236609051304787
-1.3001886611706053,-0.3061196390715717,0.620745463416647,0.4837621281661239,1.2139239953242198
-1.272586432005945,-0.08217400408382379,0.5875736168412208,0.630072038924801,1.0445022781298174
-1.2833308928704028,-0.18099745192279704,0.7242869829622239,0.6056292128819191,1.0083400418858994
-1.2626320747127167,-0.004966274500820267,0.5683707985681575,0.7072359570816846,0.9545134425630621
-1.264181332118045,-0.03090133326302929,0.5888030586193367,0.7082627204174675,0.9441261847006611
-1.2531438202502294,0.05032244317542209,0.4504224710922128,0.749272773234201,1.0798528676498693
-1.2526124619965555,0.060078501400977494,0.3385773499581339,0.6533750697631929,1.0884547065993726
-1.1795781931957443,0.809324542811299,-0.1728408974500445,0.5244321190758969,1.1227189687101933
-1.1046947201211426,1.4595927624871237,-0.7133896559203092,0.6550962706742944,1.1443689606982794
-1.3615465636758368,-0.5604063534286842,0.7178772892836106,0.4767724288600631,1.0747328410906498
-1.3511223137833437,-0.4795529695783236,0.7659576229371259,0.5605107419060161,1.0363040292759402
-1.3034191999349647,-0.06837743944657101,0.585825316804885,0.7234914872159398,0.9027040609193464
-1.233861880037638,-0.2609931258342866,0.4645743221375751,0.9399093032261665,0.7857992984179396
-1.210625274012318,-0.10481825746738593,0.5128717918766897,1.1597676975250744,0.6626018267235823
-1.1653977424336086,0.27167546842771345,0.13854128827649162,1.2004706529877616,0.6491189853518432
-1.2197265228653427,-0.184386823461401,0.6465923605379407,0.9995493973387588,0.8027119331310105
-1.1324982485950643,0.5621980597744759,-0.1768786654917527,0.9885382929117648,0.7792256967223362
-1.1964547219340917,0.023947599807474663,0.34578470189305055,1.135824597338505,0.7749208403033931
-1.2010456102435147,-0.042222299011719894,0.5585262070967839,1.1593444577849983,0.7265467909792873
-1.2131544236175629,-0.13849182840325608,0.5802626853588685,1.0959172190973225,0.7165432894023702
-1.2713885182010154,-0.2434163435783557,0.7156581861499529,0.8800812057003952,0.8591080475316186
-1.2603954244373665,-0.1665528153971643,0.6943400529008037,0.9308105168131813,0.8406670102799327
-1.2355053242424232,0.020696050521423207,0.5110294507300126,0.9051139946424798,0.8562715370186276
-1.218149413072303,0.1773197927704162,0.2542920206649712,0.7467015674769033,0.8997964215553924
-1.2546261301619033,0.15853608085648851,0.137491687889746,0.6678679756881075,0.9682389464642646
-1.2183964477593372,0.42077672481656514,0.2021206534565124,0.8300007093757465,0.9428784009228696
-1.2265564315047381,0.35412526142019074,0.2624049672637154,0.6019344432901416,0.96935423116616
-1.1130093393200928,1.3368866650273796,-0.704633658149671,0.5358864458954671,1.1143261138572562
-1.196517241796748,0.8449465977038315,-0.24320473492097688,0.2607650207428998,1.1536941221864394
-1.1837020018223474,0.9386066771497367,-0.11403591813043608,0.22886933606593834,1.0613163145538038
-1.1066518695457295,1.6014514703695997,-0.6531694054767826,0.3078350720960656,1.065072847903664
-1.16814897169428,1.0517746666421284,-0.1450981295084516,-0.05012706952040096,1.118285402402713
-1.1470824267811057,1.2340971129761753,-0.49888485075934663,-0.20471944903007647,1.1783327291662615
-1.4229080320321792,-0.5701496273532001,0.7675263277562114,0.3709935642216702,0.9870905864018388
-1.385190688818723,-0.23391523193625485,0.5749319302428997,0.5395376676582117,0.9755952363720194
-1.3732507387624524,-0.14740069181926227,0.6785108239472799,0.6592786587503655,0.9562669585870728
-1.3582377473923768,-0.004470490699560177,0.5995923445183269,0.7004570612750385,0.936107557958326
-1.3628158452006909,-0.03524283594753367,0.6247088579853743,0.6630988135476228,0.888913839988184
-1.3279800672194166,0.2805942763447938,0.4019239734125137,0.38104661045602956,0.9724011186522743
-1.3560229330592912,0.04345578363948454,0.6006146442838528,0.0014920278908550568,1.0300998506467138
-1.3662432009100178,-0.03010763708531847,0.5675506745447914,-0.22768371365290016,1.0704593347824924
-1.4589292621516223,-0.4291855332742877,0.4938908782751081,0.4336480126643088,0.921905569342645
-1.4429057374924523,-0.34537377761791804,0.6669011030739168,0.5390448939023933,0.8863764030559195
-1.4208365380719348,-0.20210495502611117,0.7290865900062686,0.6238600494463322,0.9026689767886079
-1.4109140177662542,-0.13682795905438438,0.7094452851058154,0.6232914251953433,0.8915898337303236
-1.407116966282517,-0.12093081271762059,0.7004319341250582,0.5754770734412938,0.8644231072610559
-1.3847144500294104,0.03962738639871008,0.61350950807209,0.2524022655714987,1.0924934222932574
-1.3497043768956307,0.29837451366671724,0.28014770689986135,-0.27954061047334283,1.2414641945802949
-1.4715991405693387,-0.5606257586895596,0.8232047389353306,0.364775615893258,1.077382856304605
-1.3989216144220487,-0.01462581482705213,0.7167597976292442,-0.7294668032405951,1.2909172001661446
-1.1454568259457838,0.6353701100050071,-0.10574935753659556,0.5254097808097321,0.9640983748318978
-1.1676091712627357,0.3975802371000709,0.018366943576090783,0.30944018056661887,0.9997987878800481
